0.8526043919298563 1.572718251179665 0.7656340586654754 
0.7662522704675921 2.054832456970815 0.8443047349382754 
0.791823006491112 2.7060823064342645 0.726809169838768 
0.8393865430147045 2.1348504828069297 0.7000991438828106 
0.7705031029008964 2.674495159171368 0.8014826224766427 
0.8154178530905055 2.1548971270094706 0.7979558124644405 
0.8139018607371318 2.28730720609298 0.7830926643013894 
0.7643546847075107 2.758491270298002 0.7762911201720406 
0.8381742588324913 1.9867698097231195 0.7345932369530119 
0.7161365475534276 3.6541276811648595 0.7286758828819951 
0.7548866241359858 2.4981139549020828 0.8124416010241731 
0.8340857903863992 2.116360857108937 0.7278508970916597 
0.854072087310353 1.7250991439532282 0.7225176690318205 
0.7868550190671499 2.6768749485745724 0.7343127312797755 
0.8335904200429161 1.6614771422663597 0.7979946723359639 
0.8023466045568302 2.736646692025976 0.7222506925232661 
0.8635394001979955 1.9344284078646603 0.7220568096723933 
0.8374877050604043 2.1529790232808024 0.7144588151766806 
0.8302869125861905 2.081784499411634 0.7686097555711243 
0.8487971650342476 1.9492270417719013 0.7007746446204588 
0.8018118009869478 1.9813082802000466 0.8312806959028862 
0.8470485742931708 1.7688528472924048 0.7726490818720916 
0.8516948444091171 1.8838570759672175 0.7505491670787178 
0.8353506118651534 1.7610655690005828 0.7821295300156412 
0.8260063600854433 2.521616719263598 0.736078013111763 
0.7060110803650375 2.324354730686578 0.8192095154241198 
0.7932352354541006 2.4910091390805666 0.8015793867214179 
0.8175932109258086 2.6329350744758018 0.7253450249009398 
0.8213555634197882 2.1503102780458776 0.7492905364545137 
0.8373540851972454 1.9601134149894341 0.7509502230522969 
0.7868105094584894 2.697869266414441 0.7781303168820002 
0.8572991088363566 1.60964477499401 0.7229231161475342 
0.813460395022883 2.850119622909871 0.7006088204394703 
0.7992499612811201 2.1865474697617726 0.8178973672817034 
0.7560749772827279 3.028755606156133 0.7484882245202705 
0.8333620639156442 2.2812883904011905 0.7221634671297875 
0.8237845875377969 2.0002901372158486 0.8270358493949361 
0.8165861021213766 2.1610888641377173 0.7385388917289505 
0.8458146976452798 1.612428719107573 0.7833060315549637 
0.8155215374361815 2.5975464911095383 0.754425061466205 
0.8509711179383621 1.554365826290239 0.7698390062766768 
0.8452230805907337 2.0475504983473996 0.7024519874323221 
0.8525490243002012 1.839371305007369 0.7431211292067147 
0.854072087310353 1.6933243835526495 0.7225302796917518 
0.8175932109258086 2.6329350744758018 0.7253450249009398 
0.8296515610604438 1.7731562257057538 0.7969281279096864 
0.8139036955065281 2.3768405412070552 0.754472216048737 
0.799095855115611 2.78253923710068 0.7218532116159437 
0.7856208036628369 2.964248890141114 0.7303856851821102 
0.8361420616418835 2.1633511260948066 0.7174875682240953 
0.8125731936305691 2.2689279311560413 0.7943864297724698 
0.851429468590076 1.6014087051640153 0.7656031381652801 
0.7902333033858254 2.458318632398622 0.816478342156326 
0.8006947515801978 2.6741042879199584 0.7527310676240717 
0.8052207815265903 2.4082034532281584 0.784972122181775 
0.8346551350681819 1.9700018182735641 0.763810476574533 
0.8354929793564472 1.9865808685450377 0.7459580312048486 
0.8530236327178706 1.8657919559488805 0.7430992973303479 
0.8189084508476289 2.1093926630604067 0.8215766327595677 
0.8394868320306776 1.923562982664801 0.7668687546436642 
0.8320524316501814 2.1503064671430483 0.7281397487794051 
0.7998756995221228 2.525642038655838 0.781182010281591 
0.7586118567114821 2.743403762815224 0.7811932077684329 
0.7907432150332532 2.2135828904195534 0.8425696560427328 
0.799095855115611 2.78253923710068 0.7218532116159437 
0.8355419408426874 1.7528391095698257 0.7823781271861939 
0.8477841396648552 1.9097679813656552 0.7328991100697744 
0.8474416406633947 1.9507963732013893 0.7019237372770931 
0.8416860153410823 1.9228403829725713 0.7534241646738485 
0.8330727069477748 2.1340522626919096 0.767482508273466 
0.7982860043727111 2.5869426104870126 0.8009472999792767 
0.8442767796314398 1.6199816452926716 0.7729145710211682 
0.7970536564804191 2.8784302905566763 0.7251105201188752 
0.8150671715021072 2.1866867137529784 0.7955828916403063 
0.7928347095573196 2.4204137817931013 0.8184498696915147 
0.8474416406633947 1.7691782836140624 0.7616707033963076 
0.8417097432562981 2.113383068247568 0.72685832368763 
0.8474416406633947 1.7691782836140624 0.7616707033963076 
0.8358297921547477 2.033507692736859 0.7340701907066278 
0.8022518933493954 2.5186424520659334 0.801429061312117 
0.8390521916954694 1.7693416554488999 0.7821266258764311 
0.8035330253742899 2.7215956478013856 0.7223672240002307 
0.8474416406633947 1.9507963732013893 0.7019237372770931 
0.8263195683396404 2.1561325601904957 0.7305440032372875 
0.7847637553422369 2.3241202163943124 0.8283443044370224 
0.8194808894690337 2.136972853407582 0.769730765075819 
0.8399079273557196 1.908301970476168 0.7810350125286442 
0.8093255104054657 2.6898260839638866 0.7184642476194348 
0.8470501300623369 1.9958847394602235 0.7336788139266585 
0.8332790162123894 2.0944633686702314 0.7316250119062377 
0.8189084508476289 2.1093926630604067 0.8215766327595677 
0.8302892237251852 1.9529681898017757 0.7678858672087002 
0.8470501300623369 1.8634123814056736 0.7616254638662738 
0.8474416406633947 1.8812712296652812 0.7616239846320538 
0.8392420150171944 1.6887510935832402 0.7813589418345239 
0.7662522704675921 2.095774748983663 0.8442921136130541 
0.7350184500127195 3.2383046089395835 0.7901208213484224 
0.7914197572158387 2.6150111278380734 0.8003892039841243 
0.7527985675970107 2.6674634794256 0.8188118240040307 
0.7741544389749565 3.6077064475624128 0.7338462771807793 
0.8150671715021073 2.281139879208536 0.7704447978436819 
0.7412915399877011 2.7358622025507064 0.7561934724515236 
0.7687002376983769 3.013381893111025 0.7222231687257582 
0.7759843014290629 2.5895822750449247 0.7574608258091001 
0.851429468590076 1.534060930922 0.7485184735709137 
