0.6940368859716022 0.6963202140803213 0.6904409350264098 
0.6987975740344997 0.6997152914387125 0.5156964292572968 
0.6999937091411502 0.6980146915130695 0.6000544888423155 
0.6999552552826058 0.6980160556997763 0.6040518237682961 
0.6983164849710928 0.6980151462417283 0.6062018470888578 
0.6999552552826058 0.6980160556997763 0.6040518237682961 
0.6945886637578074 0.6963202140803215 0.6896453479604214 
0.6984647407392972 0.6980165104291658 0.6001450689163931 
0.6940368859716022 0.6963202140803213 0.6904409350264098 
0.6933451803210706 0.6963206679018702 0.6902160712757626 
0.6999552784727692 0.6860230724908682 0.6049078493686789 
0.6999552784727692 0.639697434983375 0.6049269447265615 
0.6999552784727692 0.6396970109533154 0.6050765207070735 
0.6999552552826058 0.6980160556997763 0.6040518237682961 
0.6999552552826058 0.6995056409240187 0.1204990475395523 
0.6890629290344916 0.6963211217236618 0.6886104465548895 
0.6998784171360072 0.6980165104291656 0.6050174626655528 
0.6983164849710928 0.6980151462417283 0.6062018470888578 
0.6999991992366332 0.6860226241624856 0.6049206426708316 
0.6999937091411501 0.6980160556997763 0.6016300077034861 
0.6982643290640045 0.6980156009706305 0.6061223149878284 
0.6952832072167339 0.6963193064379528 0.6907919406150419 
0.6999937091411501 0.6860226241624856 0.6049234751092814 
0.6953573235057544 0.6963197602590158 0.6899741835661937 
0.6999552552826058 0.6980160556997763 0.6040518237682961 
0.6999552552826058 0.6980160556997763 0.6040518237682961 
0.6991426979609581 0.6983129450136545 0.5086389546306272 
0.6981270534867661 0.6860208308513387 0.6065759811460576 
0.6999552552826058 0.6625365173448378 0.6080529771655928 
0.6940368859716022 0.6963202140803213 0.6904409350264098 
0.6983164849710928 0.6980146915130697 0.6062055048390339 
0.6999552552826058 0.6980160556997763 0.6040518237682961 
0.6999552552826058 0.6980160556997763 0.6040518237682961 
0.6999552784727692 0.639697434983375 0.6049269447265615 
0.6983164849710928 0.6980151462417283 0.6062018470888578 
0.6999552552826058 0.6980156009706305 0.6050447233400508 
0.6947259393350458 0.6963197602590158 0.6905483359510947 
0.6999552552826058 0.6980160556997763 0.6040518237682961 
0.6534541697317358 0.6995070075074388 0.10245703000856722 
0.6983988364033379 0.6510364910348301 0.6061533100651871 
0.6319477560498752 0.6997148357990003 0.4881574470459015 
0.6999552552826058 0.6510373508654137 0.6050481584692028 
0.6956180566608704 0.6995056409240187 0.11906771024132808 
0.6319477560498752 0.6997148357990003 0.4881574470459015 
0.698165484155147 0.6625352095710682 0.6065917739622511 
0.6983164849710928 0.6625360814200194 0.6062910435054802 
0.6570917191479095 0.6983143096796377 0.4918045734424962 
0.6999552552826058 0.6510373508654137 0.6050481584692028 
0.6983164849710928 0.58524934448442 0.6063814978901395 
0.6999552552826058 0.6510373508654137 0.6050481584692028 
0.6963867164088173 0.6625365173448378 0.6064873471270389 
0.6983164849710928 0.6625360814200194 0.6062910435054802 
0.6999991992366332 0.5958482284267272 0.5977630102842982 
0.6999552552826058 0.6510373508654137 0.6050481584692028 
0.6998784171360071 0.6510382106968927 0.605045118258698 
0.698165484155147 0.6625352095710682 0.6065917739622511 
0.6977921344721395 0.6285088835894294 0.6066132448675013 
0.6999552552826058 0.6510373508654137 0.6050481584692028 
0.6983164849710928 0.6625360814200194 0.6062910435054802 
0.6999552784727692 0.6396965869234753 0.6046042250203116 
0.6999552552826058 0.6510373508654137 0.6050481584692028 
0.6983164849710928 0.6625360814200194 0.6062910435054802 
0.6999991760464699 0.5958474251183957 0.6044613145001991 
0.6999552552826058 0.606588572118033 0.6050740061600524 
0.6999552552826058 0.6510373508654137 0.6050481584692028 
0.6983164849710928 0.6625360814200194 0.6062910435054802 
0.6999552552826058 0.6065889791971083 0.6050659516100898 
0.6999552552826058 0.6510373508654137 0.6050481584692028 
0.6983164849710928 0.6625360814200194 0.6062910435054802 
0.6947863303853588 0.6725483650779076 0.6907727681352044 
0.6999552552826058 0.6510373508654137 0.6050481584692028 
0.6983164849710928 0.6285097201161257 0.6063722775956233 
0.6999552552826058 0.6510373508654137 0.6050481584692028 
0.6999552552826058 0.6510373508654137 0.6050481584692028 
0.6999552552826058 0.6510373508654137 0.6050481584692028 
0.6956730271861903 0.6860235208194893 0.6050563675029386 
0.6999552552826058 0.6510373508654137 0.6050481584692028 
0.6950498549685429 0.6963193064379528 0.6907102177805473 
0.6999552552826058 0.6510373508654137 0.6050481584692028 
0.6972431944943291 0.6860221758343413 0.6058748057949165 
0.6999552552826058 0.6510373508654137 0.6050481584692028 
0.6999552784727692 0.6744873729561938 0.5103437918839546 
0.6950690934928967 0.6494340039465 0.6907338912064216 
0.6890629290344916 0.6963211217236618 0.6886104465548893 
0.6950883088270873 0.6963197602590158 0.689880437102007 
0.6999552552826058 0.6510373508654137 0.6050481584692028 
0.6950690934928967 0.6494340039465 0.6907338912064216 
0.6972431944943291 0.6860221758343413 0.6058748057949165 
0.6945529781371678 0.6963197602590158 0.690487760596811 
0.6999552552826058 0.6980156009706305 0.6050447233400507 
0.6999552552826058 0.6510373508654137 0.6050481584692028 
0.6979184530485751 0.6860208308513387 0.606415225125153 
0.6999552552826058 0.6510373508654137 0.6050481584692028 
0.6999552552826058 0.6980156009706305 0.6050447233400507 
0.6941797212148135 0.6980165104291656 0.6048656189690834 
0.6978031610434321 0.6860217275064354 0.6060832463285358 
0.6999552552826058 0.6510373508654137 0.6050481584692028 
0.6962329937352933 0.6983138547907329 0.5065005411389648 
0.6950498549685429 0.6963193064379528 0.6907102177805473 
0.6950690934928967 0.6494340039465 0.6907338912064216 
0.6950883088270873 0.6963197602590158 0.689880437102007 
0.6999552552826058 0.6510373508654137 0.6050481584692028 
0.6962329937352933 0.6983138547907329 0.5065005411389648 
0.6998783939458437 0.6980160556997763 0.6040230772172623 
0.6999552552826058 0.6510373508654137 0.6050481584692028 
