0.7785947228962804 1.748957063875308 0.7882114911332133 
0.7167569330153654 2.3301437010773425 0.755657600313857 
0.8660428008136135 1.3710330465283422 0.7723063368718059 
0.8772108069619378 1.1338188482776623 0.8307637726725436 
0.7976460532314119 1.9352328840071042 0.7330703013245136 
0.7610953102547208 2.0782050314336673 0.7785304074042285 
0.8000865206325418 1.6940254909871038 0.7996322210822314 
0.8413756728941817 1.1410334681753724 0.8501116270215144 
0.7292285196667074 2.1209204440394176 0.7778960731282454 
0.7161960374045603 2.060794935765695 0.7809058942797756 
0.7611248198086695 1.884736761257506 0.814718104101348 
0.8108826969989731 1.8944684357691544 0.7604049041097873 
0.8626744401227802 1.224542358147923 0.8265007549735758 
0.7978477405107447 1.9126605855966532 0.7180262269726227 
0.8296302045223761 1.4157180497895847 0.8551496602220798 
0.8205873167622781 1.7953542446591135 0.738129576027059 
0.8401654740481495 1.8101195753768653 0.7200318946556001 
0.7582479854855242 1.4816493509588462 0.849608081114667 
0.8140148068641142 1.6764672383166368 0.7631539333020954 
0.8683691898878872 1.1699326489421433 0.8470264507535809 
0.8170723056212199 1.852128320836493 0.705784987088515 
0.834708028491877 1.451230204934747 0.838828565089793 
0.7206542859556244 2.4285407914307515 0.7525007153100595 
0.7626740194127963 1.9992497907517013 0.7801239793798094 
0.7547836346940073 2.288785204839143 0.7458611781482024 
0.8889076605598002 1.1858173429874288 0.7727423545296755 
0.796126719308388 1.8561060028722425 0.7796195459646702 
0.7768415502030908 2.209855700535098 0.7258414280432732 
0.8619388496944173 1.377355477302968 0.8115502430269567 
0.7822488970095222 1.9759681525977342 0.7719473952471962 
0.7976124214314984 2.1373388142921876 0.701324366306536 
0.7691036069233869 1.6508186612032463 0.8008308609335723 
0.7674159866771819 2.470344180034165 0.7296447561515137 
0.7435782269601419 1.284163001279885 0.873085103105597 
0.7584852646376804 1.676023466371114 0.8164242904217056 
0.874103563897843 1.3883672555588127 0.7270320267052394 
0.804707532120785 1.9035645459666946 0.7596577729469913 
0.8768311603184877 1.2005503978549115 0.807300816332835 
0.8470673564431731 1.6513557721508767 0.7298807208662178 
0.7335564473280994 2.2711922555844684 0.7569799716342358 
0.9001033595086185 1.1971434757835386 0.7518828477571184 
0.8785455021928167 1.3562831721652249 0.7574422442320684 
0.8548681367472442 1.7100750453420934 0.7049748018242976 
0.8766028265810664 1.6718881471099336 0.7259995048003933 
0.7814421478921909 2.2024951771856442 0.7691159919721776 
0.8665603001657963 1.5284319630682306 0.7402744017907259 
0.8206135967404382 1.6942439819625748 0.747487138358258 
0.814082769034456 1.6608996626732713 0.7560037382776337 
0.8116715118768983 2.0758999892650376 0.7026646379293638 
0.7940680971533263 1.8880686052449311 0.7652303275894595 
0.7780073066546228 2.053690071912613 0.7699007690095907 
0.8115199233474064 1.703248987499244 0.7881324204169753 
0.8281828518075799 1.6979604938919974 0.7348747704805766 
0.8511514987929842 1.6821429167815685 0.7281614115114401 
0.7622817310721806 1.9169862009503589 0.797303629065 
0.8533495251167657 1.7428897116864264 0.7086591845927079 
0.890000253489874 1.1670937135136066 0.8276764307999138 
0.7962928147148974 2.0072773330363076 0.7131067296405337 
0.7655772088841373 1.634665547305594 0.801959850400773 
0.8887752524203383 1.3154264918046576 0.731383591485196 
0.7604784345724716 1.582512790482503 0.8315217775217921 
0.8700113447467839 1.4302923869641075 0.7548753400271607 
0.8652935644384314 1.3246558963985686 0.7805556331108339 
0.876547564221731 1.274376407301539 0.7906561600779465 
0.8783440758330427 1.3233358391346886 0.775437066039019 
0.8338538736574714 1.8275724639377209 0.7178592271163782 
0.896626298870516 1.087629506695874 0.8585576935313759 
0.7939050850191276 2.16593295458018 0.7651111859112492 
0.8133469978756882 1.5343405944418878 0.8416220098350049 
0.7758779016607696 1.9136658279714267 0.7854999267095122 
0.8574306513638179 1.3577088701633484 0.8430757937654009 
0.758485239581002 1.9921548584082083 0.8316746321612866 
0.8998720123352661 1.186540141247592 0.7519699648255129 
0.8925707800877769 1.276097654227717 0.7646480977576181 
0.8660665287288292 1.3291925859620628 0.7723833648248755 
0.8035681782639774 1.9116680100570569 0.7149285540002547 
0.8855829143904308 1.335502035376151 0.7418928600734619 
0.8649998813742811 1.2621318571487847 0.8160126178150018 
0.8887101008802092 1.224869424714586 0.7930234899825518 
0.8651604283381098 1.2012718531411213 0.8141963164675571 
0.7649748243924757 1.8419679410834053 0.7859974540936984 
0.8465957140149055 1.6968768137490422 0.7341951691068382 
0.7997184743603128 1.7261613353125682 0.7664995942836573 
0.8624124047289443 1.4768558440644293 0.752453294173198 
0.873462910187021 1.312218028277366 0.7755771732057658 
0.8524091033560909 1.7558957063520095 0.7051235842594221 
0.7999852380097394 1.9756712884313319 0.7035295762824704 
0.8260176544874755 1.657686656280937 0.7704050743308944 
0.858240369137379 1.4433984239557491 0.7599374811572815 
0.8740817659797403 1.1981287102922136 0.8254773067418295 
0.8318606536093234 1.5735081262999544 0.7600980931217449 
0.8919548181159106 1.2975143193091885 0.7565211983219721 
0.8263557772792982 1.622070300600353 0.736841803781941 
0.8293691974550041 1.5753758403571 0.8013772974641531 
0.821230497479366 1.8053362928499115 0.7288602094839475 
0.8919548181159106 1.3878814036051144 0.7244279297594347 
0.8638646547825568 1.3441876076969668 0.7817800676659763 
0.8775056889393682 1.4486323995984869 0.7020689660386518 
0.8539545869547641 1.5840140493867034 0.7573774098038137 
0.8133707007342253 1.6005414426023654 0.7831314792413028 
0.798870025994605 1.9301358035725011 0.7143276815755468 
0.8464741585627824 1.557427767892191 0.7879298127247963 
0.7758779016607696 1.8863592804086815 0.7855506826682901 
0.8066943561503146 1.8497749353426711 0.7185578246881272 
0.7236387970225266 1.5450710953976707 0.8051274072914733 
