0.6999147597068252 0.6817928659304261 0.5943252572659735 
0.6992287302380349 0.6995361174595282 0.5962374108697297 
0.6999147597068252 0.6742795187590052 0.59484099884417 
0.6999797848734863 0.6677117020325422 0.6108334088277632 
0.674277618950949 0.6543089225524293 0.6972771555488874 
0.6318691307495568 0.6680883859075657 0.6996393447680304 
0.6970126631267048 0.6998514328254541 0.5402750742437434 
0.6999990855068878 0.699649080319828 0.5258419737106161 
0.6837289510027389 0.6829095336170675 0.6971735665402027 
0.6712363977415541 0.6960179223809674 0.6858077140534504 
0.6734588286253427 0.6756923878681218 0.6987643241599191 
0.6999990855068878 0.6908837264904281 0.5508824010930846 
0.6749794701101324 0.6988783028261646 0.684310871305344 
0.6999147597068252 0.6974959387714827 0.5727152979310555 
0.6858805336372371 0.6887653879594241 0.6937954733325131 
0.6739705725788465 0.6926479831153797 0.6938284792224865 
0.6992287302380349 0.6931160651842335 0.6015172483808755 
0.6887009867732319 0.6824080154494638 0.6818233101814781 
0.6994797773463468 0.6987402999775354 0.5911389031375843 
0.6837398860645074 0.6930951527485054 0.6774538731080489 
0.5872389439357013 0.6999597090708578 0.6901206850106343 
0.6982162391529801 0.5605738845697865 0.6876059190547087 
0.6961251906700363 0.6812936033860296 0.6861359561338612 
0.6580607809429126 0.6957730586009718 0.6896906796649207 
0.655984562617268 0.698476053959949 0.6850242026219684 
0.6888778910791888 0.6550834043081722 0.6899523682958018 
0.6747016662496588 0.694989794359534 0.6924262268057234 
0.674277618950949 0.6883923689832908 0.6967260771388881 
0.696553133064277 0.6990937879763772 0.6680341763804197 
0.6802669264216592 0.6972649261477586 0.682164885571209 
0.6878957773051734 0.6836644072802395 0.6971116481803493 
0.6965423872803964 0.6911046383661085 0.6725685918260662 
0.6981888175255286 0.6925290474336374 0.6652655406855807 
0.6986439052497007 0.6970474892830256 0.6400747362002028 
0.6999990855068878 0.5996055762676287 0.5694463315574951 
0.6999990855068878 0.6895951644655008 0.5637852058827678 
0.6986274332383664 0.6904107048431537 0.6808683485669283 
0.6750948004436323 0.6848479338467082 0.6946437735337251 
0.698079197905511 0.6975214188447032 0.6673184936034156 
0.6886534188266624 0.6846452241852968 0.685904961313861 
0.6463679562029055 0.6958400338831399 0.6984673394218166 
0.6953687495831262 0.6918703401179661 0.68052304969297 
0.41225088166236923 0.6999888800287066 0.4419591372064174 
0.6999147597068252 0.6895461045718484 0.5873888565204654 
0.6747016662496588 0.6376737577444365 0.6993185493249696 
0.6954928213560636 0.6999813706782616 0.6748560869133251 
0.6475102500371015 0.6953388738456349 0.6951528036938535 
0.6999016516838468 0.6891434548140709 0.6715956268994434 
0.6963447492888295 0.6264719076859306 0.6811433767916897 
0.6995543968582547 0.6931018470972556 0.646956257940765 
0.6934022524362742 0.6921873913628691 0.6782800557072771 
0.6530353106144557 0.6951900142828761 0.6947804607401812 
0.6709658427488032 0.6468829148309746 0.6986730891924304 
0.6965540511895429 0.6982407828398255 0.5290173407687753 
0.6954308899203374 0.6244604689380704 0.6814097859240137 
0.6957805687452118 0.6982766692659985 0.5633236011583076 
0.6722923180531366 0.6959440901751537 0.6790821666373719 
0.6855712292353531 0.61196612794201 0.6875040709827324 
0.6780262189681026 0.5755335621736144 0.6963583406257818 
0.6759389420603205 0.6208572510662675 0.6970769588752009 
0.6771781552507752 0.624059041477712 0.6952327244748173 
0.6999990855068878 0.4731696191495297 0.5635823379001894 
0.6999990855068878 0.598289650945913 0.5578213728169187 
0.6999990855068878 0.5525766426190747 0.55966466857994 
0.6963891227789838 0.6491566108212133 0.6742759499978462 
0.6837398860645074 0.6411262137227888 0.6850368207805397 
0.6744750367845356 0.5931501602107255 0.6993005579777982 
0.6740381479243565 0.6289371299133386 0.6967936173694824 
0.4588890725669009 0.6999701200261127 0.4829675906410103 
0.6637327466108003 0.6999458742526081 0.5920083294204441 
0.6532229796981233 0.6998622380796595 0.6676284809742463 
0.6443449262188916 0.699948700529416 0.5465365998825356 
0.669774241280022 0.6995811693165271 0.6738074679000602 
0.5981584997536467 0.6999662953463803 0.4696909258443589 
0.6835983147795544 0.6997127383453307 0.6713292013893075 
0.6008490858313044 0.6996158618430022 0.6742887803755432 
0.6730210408723463 0.6999270446998822 0.4973460947051435 
0.68794937957479 0.6985959502329757 0.6686790288642813 
0.6661816302280311 0.6998447542445072 0.6042559963066204 
0.6812380369770975 0.6998104548179468 0.6368333647752863 
0.6954904226010226 0.6997849907830351 0.6486955467871222 
0.584944122286803 0.6999521612962974 0.529553407464654 
0.6953865380092852 0.6936285496838244 0.6720942504147619 
0.6998304391238606 0.6858224485410934 0.5909158401046406 
0.6993804587929002 0.6747163680325091 0.6614074145775006 
0.6995543968582547 0.6745039455813362 0.6612887302066103 
0.6998662607956554 0.6828145065604004 0.6229290058618856 
0.6995732779472366 0.6624770497865402 0.6290506693275345 
0.6994563079007214 0.6888155454764102 0.6571374819489779 
0.6989771468183168 0.6883665118679568 0.6679707802431829 
0.6954967164515944 0.6498380787895353 0.6679802121537003 
0.699852619369614 0.6881313058612948 0.5745111774782022 
0.6995778766264868 0.6426391857817356 0.6711555703632042 
0.6954967164515944 0.6063397677159412 0.677767248347356 
0.6962630701870869 0.6911824190864131 0.5770802097788053 
0.6968893293077312 0.690388992526525 0.5350772185819117 
0.5872013748432345 0.6902258815594663 0.6900967378884884 
0.5883355690018734 0.6934052680539631 0.6880549319560645 
0.5674290543807492 0.6916600876948107 0.688292298928729 
0.6250450942027336 0.682138162828957 0.6828952608287746 
0.6991150688673139 0.5719274611713431 0.6404138280559647 
0.6927245087980629 0.5823925057603306 0.6711215816610242 
0.6972771053850699 0.573162335525644 0.6538972297228215 
0.6991782933778958 0.5943770781535157 0.6392750903200214 
0.6999990855068878 0.44348471505549597 0.5600503382038575 
