0.6649398012235594 0.6999813285830164 0.5201546901862786 
0.6876271972211192 0.699866855664318 0.639562297250467 
0.6770065974701895 0.699914691788458 0.572098974784882 
0.6999414479260027 0.6989050851276343 0.47474890700408107 
0.6994777566995545 0.6980064955488412 0.6086154183579138 
0.6837296726543538 0.6999768946493052 0.4551593041671569 
0.6759940090101443 0.6999373592021381 0.5756357695538896 
0.6997009363867468 0.69884496206124 0.5777681878917131 
0.699960206690985 0.6911804264159643 0.5890605658424448 
0.6893197521182473 0.6956015538754571 0.6637755079963139 
0.6994873454751557 0.6551378205039132 0.6578548152679422 
0.6996092862416996 0.6873287412674708 0.6238255524049949 
0.6997009363867468 0.6987914283151188 0.5966299241626745 
0.699858053126567 0.6959711961001623 0.5838978135150651 
0.6999970476970806 0.6620395463454579 0.5940088044447845 
0.6994777566995545 0.6896609058191172 0.6151859979079888 
0.688559227486534 0.699653113249555 0.60352367945455 
0.6993936844786217 0.6878866511841482 0.6474556722795747 
0.6997009363867468 0.6856678099720718 0.6214219629004297 
0.6964841983473946 0.6993704860979056 0.6625353000486289 
0.6985019625298738 0.6470366044158056 0.6719612963620669 
0.6483719281047119 0.6670431647521331 0.6754520066520223 
0.6997009363867468 0.6971543888007005 0.6019456054181083 
0.6985019625298738 0.6540163470079616 0.664174435428097 
0.6997009363867468 0.694744317514467 0.6052928522160452 
0.6985369947273121 0.5863731796038831 0.6770212326835205 
0.6990085302273263 0.6723139459063739 0.6548620371667079 
0.6979719728866942 0.6731668912403006 0.6474901001745986 
0.6905397850346711 0.632853237539876 0.6764522369317381 
0.6997009363867468 0.6875872400821924 0.605499712601754 
0.6993813413705012 0.622560554173656 0.6630539834718048 
0.6919516090449311 0.6963154783003314 0.6635686142123292 
0.6966889268088885 0.699464385903264 0.595241555035999 
0.6512976577252327 0.6629506282377072 0.6851226216466675 
0.6999056339681484 0.6854120625676818 0.605810183604738 
0.699858053126567 0.6999408573181439 0.5626963231112025 
0.6998727670226583 0.6629515189724503 0.6395752094118542 
0.6965191687846483 0.6995348546514236 0.6047720685908557 
0.6988878739867653 0.6990808665816588 0.6459488783602625 
0.6999531530495452 0.6872513671953588 0.5956166284765169 
0.6996774218007429 0.6648981241885992 0.6570792385785243 
0.6996422149473742 0.6859456218407963 0.6252721312214314 
0.6954988457726836 0.6919178297281867 0.671801598163436 
0.6902445774286001 0.6425725391665448 0.6933687484348625 
0.6880221156647194 0.6479994250689138 0.6831055223175352 
0.6998727670226583 0.6733720074573862 0.6178436248512089 
0.6932565870064584 0.6459668675610923 0.6742453584222886 
0.6288842133539498 0.6981545914609011 0.6651429522819509 
0.6422607306801817 0.6907968965819442 0.6848261026611807 
0.6979719728866942 0.6703655879519398 0.6564160970874973 
0.6238203113516887 0.6971409646580976 0.6661642071517303 
0.6999531530495452 0.6701683698206162 0.6142528669077987 
0.6999531530495452 0.6974322097613046 0.5831137879916789 
0.5249932204280353 0.6995419492296248 0.6782604631163198 
0.6618953312756939 0.6988177989101502 0.6650986586088106 
0.5225080862271605 0.6505041832377338 0.6842111227294857 
0.6880221156647194 0.6074260928610231 0.6781006566013326 
0.6994873454751557 0.6083606703094288 0.6539212648185351 
0.6912827538499011 0.5832289317252071 0.6705306543267548 
0.6998727670226583 0.6214351923470556 0.6224869827717149 
0.5864017430726611 0.69997516624217 0.5055541589443062 
0.5794943303365706 0.6426737799544278 0.674638970854202 
0.5561152850197721 0.6820686718245879 0.6755096970351413 
0.6996132397319528 0.5896276741612635 0.633297756130148 
0.5774473236424627 0.6219717345523289 0.6903072960435864 
0.694027858250668 0.603072336500707 0.6699286060182615 
0.6999531530495452 0.5516821476758211 0.6082301034738468 
0.5774473236424627 0.6683846082597633 0.6770026150897456 
0.6998270506480594 0.6964039298880143 0.4811767315436216 
0.6998727670226583 0.5572506892110121 0.6363168535300726 
0.6998270506480594 0.6997510434389377 0.4746686256574381 
0.6880221156647194 0.634880443142327 0.6773987109346659 
0.5785804709680784 0.6789941568936698 0.6762392597177724 
0.69779993671476 0.6224243671130358 0.6648609958118104 
0.6998092120527457 0.6990838164277938 0.4856514841145822 
0.6205277350445975 0.6898687948779751 0.667120902483115 
0.6998270506480594 0.6981410632779976 0.4771890545167692 
0.6888811453239075 0.6181625550655253 0.6758884022470703 
0.6698570020922141 0.6350214814947632 0.6777614966995421 
0.699848237420186 0.6981222917524859 0.47691192630076784 
0.5997011559622163 0.6972166112847997 0.6580315365033649 
0.6990524248748619 0.6231567273307147 0.6509066896193874 
0.5873156451024686 0.6998003958124164 0.6287314293618905 
0.588554337820899 0.6905683884597771 0.6645335207490265 
0.6901348871299 0.6570467147536214 0.6704055803942681 
0.6979719728866942 0.6475678904537135 0.6475517893379485 
0.6997009363867468 0.6532289644468992 0.6194437231285174 
0.6994873454751557 0.6488492529543629 0.645724572006783 
0.6999531530495452 0.660726123956068 0.5878215849259335 
0.6995019667309701 0.6501686911289098 0.6326125760457022 
0.694521325634404 0.6571813270355583 0.666545345223649 
0.6999531530495452 0.6915436584590288 0.5822860750408367 
0.6999531530495452 0.6556597814789707 0.5992404939791561 
0.6999531530495452 0.696201272458131 0.5656426040040421 
0.6997923192355868 0.6682841636649669 0.6034150060645044 
0.6997009363867468 0.6722715554692545 0.607853517781192 
0.6965025057972549 0.6942125264218411 0.5756930550931566 
0.6954988457726836 0.6705018710199018 0.6546361316303075 
0.6985894021982006 0.6991807069641776 0.5509324821326411 
0.6977362654342781 0.6935698380736651 0.5680962249518589 
0.6938779594984782 0.6760999919637257 0.6692083315709966 
0.6971040807774087 0.6637573753398687 0.6483327911808032 
0.6989759014108606 0.6789317049481435 0.644255023810291 
0.6993936844786217 0.6860926660130844 0.6426914534275098 
0.6881537069670489 0.68957422963578 0.6677302007071637 
