0.70118948230116 0.8461367992267941 0.7129618881145794 
0.702870957599908 0.9765711383020104 0.7039133517358052 
0.702870957599908 0.8719846171687357 0.7046215372293961 
0.7009409209523152 0.9817404836507232 0.707856825841459 
0.7004145557429968 0.9950942877762584 0.717587530708682 
0.70118948230116 0.7878223824133912 0.7179199941526853 
0.7303532322518351 0.7754507475698342 0.7230900272811717 
0.7297436576340546 0.7894515167280565 0.7081587808550043 
0.7009409209523152 1.0274712153411532 0.7029776132935088 
0.7048009633674086 0.8536519796849178 0.7104065280422893 
0.7015293012672037 0.7839888435270557 0.7026829037513754 
0.7009409209523152 0.864357974319695 0.7037336395953541 
0.7038652029952872 0.8264426216724612 0.7231624194534416 
0.7023861102383618 0.8312609507434033 0.7050324143002779 
0.718263889725085 0.7459742020295318 0.7256143260102387 
0.7465337732597057 0.810628463333409 0.7025770256915387 
0.7441984348661508 0.838405839002042 0.716492214934387 
0.740372394195958 0.8662743104536442 0.7028532306893918 
0.7023861102383618 0.8416836172199421 0.7050157522857384 
0.7344179722483302 0.7900602998066983 0.7003206482192142 
0.7303532322518351 0.7755709312139661 0.7092105440303198 
0.7447938129377001 0.8511804456855426 0.715084996844871 
0.7241507030401013 0.8842766453650719 0.7113666120673319 
0.7036897479255142 0.882625596719865 0.7169440106385271 
0.707605898564102 0.8365254991564093 0.7066803751125929 
0.7054027577447697 0.9558725536686257 0.711539803876632 
0.7009409209523152 1.0226478200169646 0.7022949247420814 
0.6999879152866664 0.6991349560694314 0.46819271863469963 
0.6999693051085002 0.6885062251846479 0.5494730280898515 
0.6999879152866664 0.696496808659298 0.4801303939920963 
0.6993033094210103 0.6998039914968087 0.5820535279220649 
0.6926652284011812 0.6999692395372716 0.6464666069419399 
0.6962912998431521 0.6879601836181065 0.6942979609098742 
0.6999693051085002 0.6944505638994912 0.5483699426210988 
0.6993326136928236 0.699746037657865 0.6136653004886371 
0.6988467658743048 0.6707126012883406 0.6965540853819121 
0.6999466755569361 0.6986276331825199 0.6031683640126781 
0.6999879152866664 0.6643656283735914 0.4969061570736861 
0.6997127045838134 0.6926175955372953 0.668958053564048 
0.6994787953708754 0.6909694013308206 0.678771011647853 
0.6982505790023736 0.6900141254811395 0.6910447686914871 
0.5811230081526076 0.6999952631780929 0.6177218661179954 
0.6981336398359507 0.699590232087601 0.6474154094913814 
0.6086116285294506 0.6737596049261891 0.6993561757949954 
0.6977680775604984 0.6996731459946087 0.6497444399984004 
0.6957649346338337 0.6994465234575183 0.6990990355329918 
0.6982055658748545 0.697518424253287 0.684265556627185 
0.6994787953708754 0.6907558372489362 0.6850970190919639 
0.6997127045838134 0.695068938734515 0.6612589010920307 
0.5749468340586013 0.6137788233566078 0.699843235125269 
0.6546963613632848 0.6999106871177578 0.6581121370892343 
0.6962913307232443 0.6999030983771541 0.6931338438029412 
0.6995120185109778 0.6991049408324013 0.6737915313399458 
0.6991278852313298 0.6517549793546275 0.6917273018093353 
0.5756778968493212 0.6148789594355719 0.6996166234256868 
0.6988467658743048 0.6669421005559856 0.6974288710719424 
0.6999879152866664 0.6462737103262725 0.49832283503122027 
0.6999466755569361 0.6870328064801436 0.6615236309307098 
0.699975918068565 0.6828618087318377 0.6878247429116426 
0.6434406990223557 0.6937594588432401 0.6866992654350689 
0.6073699591163371 0.6997629525070533 0.6348025639279339 
0.5164197746905421 0.6411640180722625 0.697976187507146 
0.5832869848932309 0.6865555436250156 0.6925183132396883 
0.6557551458509161 0.6999377474321796 0.6061831588956377 
0.6999466755569361 0.6209610205394619 0.6830947321510664 
0.6912323453313702 0.5937433549132693 0.6975847653801694 
0.6998244331398483 0.6959462481034666 0.5214433893901113 
0.505468454085558 0.6999778098488916 0.5864800325698947 
0.6999693051085002 0.6386574493468149 0.5765887794952778 
0.68587796848786 0.6999602639836348 0.48981042157444865 
0.6999879152866664 0.65778776214155 0.484472095649024 
0.6999693051085002 0.6324070072687414 0.5783401418737735 
0.6999879152866664 0.6903437065132526 0.466423580739649 
0.6999879152866664 0.6451247158943486 0.4844760612497045 
0.5913040056501213 0.6998670198373749 0.6385483266733067 
0.5739233461515935 0.6196770429355026 0.6945698393448227 
0.6996542504406481 0.6949020375874003 0.5650859888848546 
0.6999879152866664 0.6393919993159417 0.4870083380521796 
0.6991424756070519 0.698285366992562 0.602475108989166 
0.6966056259630693 0.6996134118926408 0.5821566682352652 
0.6971686060721081 0.6544654991522485 0.6852155243872856 
0.6995957654173905 0.6637806828946169 0.6792612437791088 
0.6981336089558584 0.6966030804832135 0.6178224299837781 
0.6936887163081891 0.6899938020048121 0.6907718733596147 
0.6993910369558967 0.6979593284312339 0.6053548476403928 
0.6886882468196649 0.6995499386211059 0.6722326555652917 
0.6977668213864172 0.6601854445144753 0.6797653160960557 
0.6999466755569361 0.6688875311134386 0.6675422592891063 
0.6990547480721655 0.6987370361203962 0.5783490361123099 
0.6954725712777303 0.6959809107302112 0.6836884939727262 
0.6997127045838134 0.6734451988090341 0.6698500731458686 
0.6995080070024119 0.652748659007701 0.6868848289543222 
0.698630731653548 0.6575885268989711 0.6830952654732891 
0.6979435326302712 0.6942568663432502 0.6773601324515842 
0.6961743297966367 0.6953212879030557 0.6695973668722583 
0.6980166389093433 0.6953978572377084 0.6199894150125375 
0.6969639084907066 0.6990169880890805 0.6658793131700421 
0.6996250079290194 0.6880886013648714 0.6553239959033421 
0.6983236852814456 0.6847881646152277 0.6703848318864599 
0.6999466755569361 0.6814996680589027 0.6330803245979346 
0.6995957654173905 0.69369149934659 0.6508463610426742 
0.6994787953708754 0.6952134337038968 0.6688481431239957 
0.6921588389805838 0.6998925847999365 0.6239904529518989 
0.6996981142080914 0.6944892221839857 0.6417477885306049 
0.6979289422545492 0.6991723596016256 0.6422741032625552 
