0.8200236666860398 1.1728129052087106 0.8328752078778745 
0.8325630447692182 1.468014736479952 0.7483748293074373 
0.799990790379936 1.6278904479423373 0.722178237697244 
0.8200236666860398 1.36669786153808 0.8298385964779569 
0.7893395230315373 1.6835517522970664 0.7102190607672202 
0.8401730228173041 1.3467017272340565 0.7507161919195332 
0.7893395230315373 1.7140647445146564 0.7076005598531192 
0.810199238581732 1.4644356832271153 0.8229037317214201 
0.7912555663551053 1.1700368691407743 0.9060054684209986 
0.8030597454505722 1.5201288200060394 0.7358622037804187 
0.8200236666860398 1.543873342479834 0.7296687542782399 
0.790613225183594 1.5133246552801052 0.8082597001537656 
0.8180362521211928 1.543873342479834 0.7314046071478031 
0.846068679657405 1.0106669262834902 0.7559578906693417 
0.7910414758214315 1.3402358863831556 0.9057046961948757 
0.8200236666860398 0.8524400049761515 0.8331199678894226 
0.8200236666860398 0.9915348464599678 0.8330604891341922 
0.846068679657405 1.1559464175612997 0.7557905462448107 
0.7910689031086832 1.0577940563658466 0.9061555558106567 
0.846068679657405 0.8689818280078496 0.7560264120012634 
0.8180362521211928 1.5992741164542097 0.7287829544670597 
0.7893395230315373 1.5673897330777555 0.8055430635879515 
0.7763120400562707 1.7140659062572587 0.7008988390944298 
0.846068679657405 0.8689818280078496 0.7560264120012634 
0.7893395230315373 1.7140647445146564 0.7076005598531192 
0.8200236666860398 1.115056024209166 0.8329540214632263 
0.7910524560123975 1.230878746063129 0.905787706982938 
0.7893395230315373 1.6835517522970664 0.7102190607672202 
0.799990790379936 1.6278904479423373 0.722178237697244 
0.8357637704358087 1.393766016600513 0.7496805178891175 
0.7893395230315373 1.5673897330777555 0.8055430635879515 
0.8030597454505722 1.5201288200060394 0.7358622037804187 
0.8180362521211928 1.5992741164542097 0.7287829544670597 
0.7893395230315373 1.4111508848631236 0.9050195665342401 
0.8200236666860398 0.8524400049761515 0.8331199678894226 
0.7893395230315373 1.5400690257886038 0.8077592880969363 
0.8163233191403326 1.439251453030535 0.8282607788266132 
0.8337763558709618 1.4937995449290375 0.7463201460893867 
0.7910689031086832 1.0577940563658466 0.9061555558106567 
0.846068679657405 1.0451192776110692 0.7559113049036938 
0.846068679657405 1.1956064022377526 0.7557437688741917 
0.810199238581732 1.4644356832271153 0.8229037317214201 
0.8200236666860398 1.5438723218691346 0.7318820155320396 
0.8200236666860398 1.1728129052087106 0.8328752078778745 
0.7763120400562707 1.7140659062572587 0.7008988390944298 
0.846068679657405 1.2159890390635388 0.7556574493244704 
0.7893395230315373 1.7140647445146564 0.7076005598531192 
0.7763120400562707 1.7140659062572587 0.7008988390944298 
0.7893395230315373 1.4111508848631236 0.9050195665342401 
0.810199238581732 1.4644356832271153 0.8229037317214201 
0.7893395230315373 1.6835517522970664 0.7102190607672202 
0.8200236666860398 1.5438723218691346 0.7318820155320396 
0.8030597454505722 1.5201288200060394 0.7358622037804187 
0.8376084193279343 1.4427595610217452 0.7496711607042889 
0.7910414758214315 1.2308795309759213 0.9060960345209902 
0.846068679657405 1.3014490913802055 0.7553654949532677 
0.846068679657405 1.0451192776110692 0.7559113049036938 
0.799990790379936 1.6278904479423373 0.722178237697244 
0.8200236666860398 0.9429048304627669 0.8330635022801002 
0.7910689031086832 1.0577940563658466 0.9061555558106567 
0.846068679657405 0.8689818280078496 0.7560264120012634 
0.8194636769467736 1.2764175588515236 0.8323532043434542 
0.8200236666860398 1.1927726139943415 0.8328009320690783 
0.7893395230315373 1.5673897330777555 0.8055430635879515 
0.7910414758214315 1.4871395506096696 0.8062173514975294 
0.8200236666860398 0.8524400049761515 0.8331199678894226 
0.8200236666860398 1.213101654498692 0.8327948728741833 
0.7893395230315373 1.6835517522970664 0.7102190607672202 
0.7763120400562707 1.7140659062572587 0.7008988390944298 
0.846068679657405 0.8689818280078496 0.7560264120012634 
0.8345504593340651 1.468015697129513 0.746967237595898 
0.846068679657405 1.1366478298275082 0.7558185467659558 
0.8200236666860398 0.8524400049761515 0.8331199678894226 
0.8030597454505722 1.5201288200060394 0.7358622037804187 
0.846068679657405 1.2794718150267228 0.7554730144887543 
0.7910524560123975 1.2102225549827565 0.9058616932025096 
0.7893395230315373 1.5673897330777555 0.8055430635879515 
0.8200236666860398 0.9915348464599678 0.8330604891341922 
0.8180362521211928 1.4145785737051244 0.8289053703067338 
0.810199238581732 1.4644356832271153 0.8229037317214201 
0.8200236666860398 1.5170482245296788 0.7320009491724678 
0.7910414758214315 1.4871395506096696 0.8062173514975294 
0.7910689031086832 1.0577940563658466 0.9061555558106567 
0.7893395230315373 1.6835528880646176 0.7077144026964088 
0.7910414758214315 1.3402358863831556 0.9057046961948757 
0.846068679657405 1.0451192776110692 0.7559113049036938 
0.8163233191403326 1.439251453030535 0.8282607788266132 
0.7910524560123975 1.1700368691407743 0.9060624057072595 
0.7893395230315373 1.5673897330777555 0.8055430635879515 
0.8122441781964616 1.4392523914189432 0.8236686474195712 
0.8345504593340651 1.4427605021112573 0.7470366501302923 
0.846068679657405 1.1559464175612997 0.7557905462448107 
0.8200236666860398 1.5438723218691346 0.7318820155320396 
0.8030597454505722 1.5201288200060394 0.7358622037804187 
0.7763120400562707 1.7140659062572587 0.7008988390944298 
0.7893395230315373 1.5400690257886038 0.8077592880969363 
0.846068679657405 1.0451192776110692 0.7559113049036938 
0.846068679657405 0.9139383333421824 0.7560042315085224 
0.8200236666860398 0.8524400049761515 0.8331199678894226 
0.7893395230315373 1.3870394940184756 0.9050661410272982 
0.7910689031086832 1.0577940563658466 0.9061555558106567 
0.8200236666860398 1.1927726139943415 0.8328009320690783 
0.8200236666860398 0.8965948373213897 0.8331008811761176 
0.7893395230315373 1.7140647445146564 0.7076005598531192 
0.846068679657405 1.2794718150267228 0.7554730144887543 
