0.7547743410433068 0.709706463056269 0.7002754785744051 
0.7071423971175774 0.7680108754409513 0.7046232564368072 
0.692846113600198 0.6999761819687748 0.4872374561611619 
0.6414462661850504 0.6999900928873568 0.493072083982295 
0.6999919675015103 0.6852862396611132 0.4880635727097563 
0.697768876787116 0.6998640542065924 0.5892590573598053 
0.694552169627856 0.6999293967527815 0.5999774502026402 
0.6993516017916186 0.6853239797371056 0.616878044342567 
0.6967746313917369 0.6968146982964568 0.6052235329259309 
0.6999951570096246 0.6697001151918432 0.6019328241425466 
0.6999649316188138 0.6904562731619189 0.607367870045683 
0.6941720169766817 0.6992039426546147 0.6011458571121073 
0.6999649316188138 0.6948618027793245 0.6071838096257305 
0.6989386081323601 0.6997783272020588 0.592922803261989 
0.6999919675015103 0.6992534197709517 0.4736583600688471 
0.6993516017916186 0.6988689747641851 0.5923046054927095 
0.6999876300793038 0.6989459965330944 0.5622798106143191 
0.6998635348272026 0.6971491259657638 0.5871166157880866 
0.6985511046775768 0.696098772792785 0.6128637001850029 
0.6854577176312081 0.6940039711591472 0.6332109164141895 
0.6999876300793038 0.6985109781071293 0.5625033094716604 
0.6999919675015103 0.6971553870317423 0.48669125729434065 
0.6961897811591609 0.6999502535794062 0.5810566765791088 
0.6993480032951632 0.6950045742999741 0.6205869487341118 
0.6993516017916186 0.6649980582546858 0.6170062945769501 
0.698947336675616 0.6992928180774096 0.5991088419794237 
0.6992697779144119 0.6898994044965016 0.6348680016060627 
0.6965596080820338 0.5478065106540516 0.6657089176093022 
0.6999795528746282 0.6805287267294289 0.5991319993503507 
0.6991709806513121 0.6470591748608272 0.6591863464622791 
0.6986003870513104 0.6841558545473512 0.64184045783598 
0.6933951582212002 0.6908448100642672 0.6361782947677956 
0.6999659144979957 0.6910728154822722 0.574801440968796 
0.6999919675015103 0.6823218435464515 0.49232430268618715 
0.699554962450305 0.6314037268120138 0.6188880848674371 
0.4554103959503335 0.6997961344979604 0.6278829817854342 
0.6938093952648011 0.6995079483106955 0.6283004708710078 
0.6991709806513121 0.6692926582952613 0.6352153823193868 
0.6320258061758957 0.699428573935676 0.6710358685698617 
0.6712094712826987 0.6975621460505634 0.6657541787258302 
0.6817013599757569 0.6985984838132948 0.6584597697780343 
0.697494728240596 0.656473643175829 0.64886904691502 
0.607778994471557 0.6232600981407411 0.6959284887217211 
0.6823543401951571 0.6999555415417971 0.6207516518491553 
0.6875933706313772 0.6996753714948835 0.605584162104849 
0.6958176840095719 0.6835535861077695 0.6488289478173359 
0.6952547523705808 0.6796747245069698 0.686665004413852 
0.6627388586899198 0.6796525162058518 0.6958782609266431 
0.693234851917822 0.6935380714574916 0.6952166909693471 
0.6802875622693114 0.6992764096847657 0.6303550889933561 
0.571280424061803 0.6999363926095354 0.52109841517436 
0.5818526579060976 0.679524934949198 0.6944651140188297 
0.6991323706519932 0.6225531420780875 0.6023773349500807 
0.5430702492573793 0.6978507348735473 0.6602611706105587 
0.6941508608467304 0.5834140802236921 0.6742299518295626 
0.6897644532223187 0.6128773680341884 0.6857308817437724 
0.6992017907370193 0.5730949170469327 0.6277750393042959 
0.6999659144979957 0.6253945213068899 0.5691392927951898 
0.6999919675015103 0.6607773625051593 0.47838591613200865 
0.44437846537088643 0.6955743387859088 0.6663759865481471 
0.6985354480265384 0.6905588029105746 0.5446041360664539 
0.6940756422671147 0.6414510277761625 0.6734834887113971 
0.6817773808105785 0.6047339852330147 0.695114054975409 
0.572957825005149 0.6999377638470193 0.4940183820994737 
0.5750908173812461 0.6987261814553206 0.6263610935380515 
0.5028653162854562 0.6916284837142452 0.6692650813139768 
0.5673364854792656 0.6880074911290153 0.673037441427263 
0.6944525677654707 0.6368746553859608 0.6714694695639265 
0.613474833790272 0.6770939079137176 0.6883339590209905 
0.5959248356191571 0.6922227131703552 0.6685545487109138 
0.6137233951391168 0.6728223303928705 0.6891422709937277 
0.6921038541526224 0.6623291636646382 0.6851687390139933 
0.6069764839623979 0.6973713434467422 0.6637937083916257 
0.6986461830160722 0.619275091014032 0.6439171924956424 
0.5867897244396836 0.6793448840691368 0.6799053121236361 
0.6978812657911244 0.6637883231231513 0.6415512662947807 
0.5936315892124258 0.6998219979124854 0.617406595101511 
0.6524589074479479 0.6683861503467368 0.6904568743180715 
0.6994687918003062 0.6484397322197926 0.5736953030638212 
0.6951769527865321 0.6214152247948996 0.6560842819458773 
0.6992017907370193 0.6348241545119665 0.6010364437199288 
0.6894135606727287 0.6582971527678735 0.6862913445560526 
0.6999919675015103 0.6721646181408542 0.477811359809668 
0.697494728240596 0.6255962815689446 0.6449520138052189 
0.6956436905888446 0.6899042633740882 0.6104954375299234 
0.6986641151535018 0.6993655078672699 0.49051955837781347 
0.6986003870513104 0.6626276811742323 0.6395215243474784 
0.6366242481947648 0.6597323200033818 0.6942720964876838 
0.6972015348456255 0.6977321999287363 0.5012531139379734 
0.6955170665655188 0.6685860276860692 0.6399141966509001 
0.6885688304316526 0.6839570586763097 0.6561908103788702 
0.6425637605886332 0.6985560694360702 0.6291647582341592 
0.6748101555034305 0.6933190581572983 0.620702872215331 
0.6924430534766292 0.6915243987111384 0.6293906658190971 
0.681694153264039 0.6878957536747182 0.6655966056267281 
0.6823287380068346 0.6992123961703122 0.5764759553892235 
0.6867140561387797 0.691951654543313 0.6065132466285806 
0.6154973472736287 0.6979694024525367 0.6501055779031124 
0.6086172607265554 0.6995771367700125 0.6167775969281614 
0.6702697028734483 0.6925441301522264 0.62904057178957 
0.6962914878507453 0.6943376572647327 0.5904045586609211 
0.6431613232264586 0.6846333542279638 0.6724127356359261 
0.6250843773810459 0.6985927808620679 0.6487995313910138 
0.6765283944665097 0.6944929958126212 0.6120804513217726 
0.6617860165413777 0.6981355267045622 0.6317093242768564 
