0.7653957245977456 3.0317983061322598 0.7897571855895478 
0.8602332831717296 2.2143838350764598 0.7307797900353 
0.7607869481274754 2.1380831280147126 0.8005986246301476 
0.8233604009399607 1.917073170219066 0.840527604169112 
0.8898787204276015 1.1942841648341174 0.7414589761087185 
0.8600497650121577 1.6073310647010708 0.7542924587364005 
0.7809352926519486 3.0170760833863755 0.759369977953034 
0.8179651963814281 2.0494562064488964 0.7861745442794582 
0.860097220842589 1.1241623913816408 0.822010044358491 
0.8318609015092802 1.6085209571266825 0.8044515154838332 
0.7474905706454176 3.0710425321592876 0.7566200688966831 
0.8670148830535008 1.7125850602670665 0.7162256706144539 
0.853924952117423 2.5970703785876497 0.7044214116910686 
0.8897956977810253 1.419965373131132 0.711476401558756 
0.7590225128369611 2.0782089754131707 0.8126859958230783 
0.8460945593658615 1.2592060523690762 0.8198912984270006 
0.8570331282802651 2.5450379172311504 0.7473778938926421 
0.8804655671544955 1.5526808587611245 0.7427067305277645 
0.8652460531609875 1.890726142991514 0.7028245921789095 
0.8201686482167884 3.2699711450271014 0.7055691528788456 
0.8181765481006124 1.9799344066720508 0.7967881292445631 
0.8857332395023999 1.2450506019584069 0.7248145709091356 
0.8715548379023343 1.263682941725712 0.7781178718971491 
0.884264102489704 1.180974034594409 0.7579008583376794 
0.7101753049725452 3.3058185216785394 0.7284772520920206 
0.8340744517485095 2.972182683495541 0.7817759909862367 
0.8903799475798531 1.0838849585832266 0.7721178565066393 
0.8564908789537993 1.9077921258783517 0.7584051133355517 
0.793168002537505 3.2144114878430607 0.7150805973684348 
0.7245012145143843 3.2232534790137684 0.7183986146198469 
0.8903710746683258 1.4014049210813435 0.7075741599514624 
0.8649703217069753 1.939179788757066 0.7401047646952872 
0.8226956685204246 3.1326591982110936 0.7446336451899418 
0.8772525035434865 1.6148806645885858 0.7242756983763232 
0.8441935606126372 1.050885894573561 0.8369242115525042 
0.8842403745744883 1.0583014955117898 0.790744894505298 
0.7937150665776306 2.017496104595524 0.8185544091303466 
0.8652460531609875 1.7838740338790904 0.7328920990835913 
0.8506236001259657 1.4478768488126257 0.7913526750065089 
0.8163936682287933 2.9116444123699123 0.7954741059799817 
0.8461421458133408 2.916948465749205 0.732752272604373 
0.891238626568397 1.2600254326671336 0.7112071006909884 
0.7101753049725452 3.1974293731874925 0.7464405726325023 
0.8401271139725239 2.719212138412189 0.753299602522315 
0.8396703766613016 2.5804393324934747 0.7737039151879607 
0.781643910885403 2.2037982864694734 0.797005616254169 
0.8248789875137608 1.3995397374436322 0.8495595320300557 
0.8302356395437237 1.543745153741133 0.8045844104750987 
0.7662713658786564 2.9969156786325057 0.7901413185566677 
0.8650622871014587 1.8117251856666814 0.7028751330164162 
0.8921803282035172 1.3445875265477827 0.7070769046498595 
0.7755727838132171 3.024083339273933 0.7743762110917617 
0.8487077463690531 1.0373191009019265 0.8374896566098486 
0.809491259099678 1.9263121364919245 0.8389242178386574 
0.8232176826551685 3.0163906299544485 0.7649077258036818 
0.7690001011851318 3.0330571771674393 0.7561942896986201 
0.853924952117423 2.555543281819887 0.7044895270730349 
0.8898489352501896 1.2056776584861797 0.7513118877886018 
0.8718825296178933 0.9937175430308982 0.8067743620965273 
0.8842403745744883 1.1050117749780917 0.7901314596841057 
0.8072465318564911 2.0546772176538193 0.8077971700102136 
0.8619192882042667 1.6009875289201174 0.7695358338559883 
0.8577095993740166 1.2533712071554215 0.8190765972285664 
0.8744525844913642 1.709515968827099 0.7256206163882074 
0.8562936661526008 1.4065038369798735 0.7853825482015991 
0.7847522928353283 2.0125591774188947 0.8332103989348516 
0.8720442512103351 1.5604489745030283 0.7319082309916846 
0.8535341050944691 2.2360920336930477 0.7581551992381267 
0.8832211813647405 1.2581123264179246 0.7453089725854869 
0.8514332901760204 2.4905095068597527 0.7837540750570089 
0.862793230038929 1.5751410700044992 0.744473675077443 
0.8897956977810253 1.2437753757852161 0.7176664942255643 
0.8564908789537993 1.9077921258783517 0.7584051133355517 
0.805570120883582 1.5379558724462876 0.8468712277615286 
0.8905460429863625 1.0838849585832266 0.7721109677054603 
0.8372201436784682 2.818348378812104 0.7640974086291183 
0.8825436031264648 1.585468283551008 0.7190582782732724 
0.8627595481055373 1.9579993560481415 0.7393679038457839 
0.8712353329655816 1.3800792509458972 0.7772529950764001 
0.864053502578124 1.5335202960158243 0.7493034542020003 
0.8657355917523806 1.8817101688073277 0.7020595442147707 
0.8062568860448184 3.005610649584701 0.7780984229276343 
0.8817281591611834 1.4480340602310109 0.7640787537220259 
0.8514748641410047 1.997009678740101 0.7759608488660112 
0.888324541980978 1.2204968077229135 0.7332933269661468 
0.8419219864579339 3.09958811720276 0.7498689490674824 
0.8903799475798531 1.0980811776561301 0.7720761976774441 
0.8969537874658193 1.173500004549066 0.7087564841952082 
0.8577095993740166 1.2533712071554215 0.8190765972285664 
0.7693797478285819 2.979699740104061 0.7905324595748476 
0.7690001011851318 3.0330571771674393 0.7561942896986201 
0.8220226144362874 1.4439695886278827 0.8517827799385597 
0.8295072241865451 1.7528230187134637 0.8082625570241646 
0.8537082541606755 1.4034284626499776 0.803386310201147 
0.8620636217027271 1.443328149143348 0.7707141109105388 
0.7961827948167342 1.973586941493359 0.8368234777197925 
0.8295072241865451 1.945921232319863 0.8064368104087787 
0.7518211406823756 3.0406465413315464 0.7702499748908614 
0.7656804595803332 3.12467393892144 0.7563490385156596 
0.8946507217518811 1.1890496760139926 0.7079302549936634 
0.802171024525736 2.017882617761152 0.8181815135567536 
0.8903799475798531 1.0838849585832266 0.7721178565066393 
0.8555530745120119 1.407489442946424 0.7888515045694582 
0.8358634173117941 1.6344938820760846 0.7872080539604611 
0.865450856769793 1.8480944801751593 0.7021922260688445 
