0.7964821372549239 1.4180160220168325 0.7328684083400765 
0.8098039832014814 1.3212379950104496 0.7257622150468697 
0.8345394791430991 1.151443368626914 0.7271386295804667 
0.7968993845116321 1.3700002401900733 0.7349878035000817 
0.8310752288933244 1.2554387172728954 0.7358416308442545 
0.8341222318863909 1.1710106342063977 0.7269858700631188 
0.7968993845116321 1.346699990174205 0.7365171124094405 
0.8409769772556043 0.9900194040610304 0.7302728092966566 
0.7982389909996481 1.0756885210803873 0.9085080926664044 
0.8306579816366162 1.2988821546736458 0.733929812248782 
0.8127906183343983 1.2988829881684523 0.7268491122482093 
0.83922012351088 1.0410661986483947 0.7296142513598418 
0.8388028762541719 1.0765780750558167 0.7293545605835788 
0.8306579816366162 1.2988821546736458 0.733929812248782 
0.7964821372549239 1.2764183761361545 0.8205623322685249 
0.7964821372549239 1.369999354328343 0.7363591271770713 
0.8127906183343983 1.2988829881684523 0.7268491122482093 
0.8345394791430991 1.151443368626914 0.7271386295804667 
0.7968993845116321 1.3700011260524656 0.7330784219794626 
0.8324862066226194 1.2136091012008563 0.7340023263845591 
0.8327888378112268 1.1909363360994059 0.7264839198253465 
0.8388028762541719 1.0765780750558167 0.7293545605835788 
0.7968993845116321 1.346699990174205 0.7365171124094405 
0.83922012351088 1.0586690039826605 0.7295074127699214 
0.8098039832014814 1.3212379950104496 0.7257622150468697 
0.7964821372549239 1.2764183761361545 0.8205623322685249 
0.83922012351088 1.0586690039826605 0.7295074127699214 
0.7968993845116321 1.346699990174205 0.7365171124094405 
0.7964821372549239 1.369999354328343 0.7363591271770713 
0.8310752288933244 1.2554387172728954 0.7358416308442545 
0.8127906183343983 1.2988829881684523 0.7268491122482093 
0.8345394791430991 1.151443368626914 0.7271386295804667 
0.8327888378112268 1.1909363360994059 0.7264839198253465 
0.7968993845116321 1.3937678240369804 0.7330229278968968 
0.8306579816366162 1.2988821546736458 0.733929812248782 
0.8388028762541719 1.0765780750558167 0.7293545605835788 
0.8098039832014814 1.3212379950104496 0.7257622150468697 
0.8324862066226194 1.2136091012008563 0.7340023263845591 
0.83922012351088 1.0586690039826605 0.7295074127699214 
0.7964821372549239 1.4180160220168325 0.7328684083400765 
0.7964821372549239 1.369999354328343 0.7363591271770713 
0.7968993845116321 1.346699990174205 0.7365171124094405 
0.8098039832014814 1.3212379950104496 0.7257622150468697 
0.8341222318863909 1.1710106342063977 0.7269858700631188 
0.8388028762541719 1.0765780750558167 0.7293545605835788 
0.8127906183343983 1.2988829881684523 0.7268491122482093 
0.8306579816366162 1.1705232709500886 0.8217001852304777 
0.8306579816366162 1.2988821546736458 0.733929812248782 
0.8345394791430991 1.151443368626914 0.7271386295804667 
0.8388028762541719 1.0765780750558167 0.7293545605835788 
0.83922012351088 1.0410661986483947 0.7296142513598418 
0.7964821372549239 1.4180160220168325 0.7328684083400765 
0.8098039832014814 1.3212379950104496 0.7257622150468697 
0.8324862066226194 1.2136091012008563 0.7340023263845591 
0.8341222318863909 1.1710106342063977 0.7269858700631188 
0.7964821372549239 1.2764183761361545 0.8205623322685249 
0.7968993845116321 1.346699990174205 0.7365171124094405 
0.7968993845116321 1.3467008587038094 0.735086600459867 
0.8345394791430991 1.151443368626914 0.7271386295804667 
0.8310752288933244 1.2769536424272736 0.7340789839530106 
0.8388028762541719 1.0765780750558167 0.7293545605835788 
0.8341222318863909 1.1710106342063977 0.7269858700631188 
0.7964821372549239 1.4180160220168325 0.7328684083400765 
0.8345394791430991 1.151443368626914 0.7271386295804667 
0.8310752288933244 1.2769536424272736 0.7340789839530106 
0.7964821372549239 1.2549135174824633 0.8221482000531926 
0.8098039832014814 1.3212379950104496 0.7257622150468697 
0.8310752288933244 1.2554395195631922 0.7341929051660059 
0.83922012351088 1.0586690039826605 0.7295074127699214 
0.7968993845116321 1.346699990174205 0.7365171124094405 
0.7964821372549239 1.3937669203184055 0.7348312975794851 
0.8310752288933244 1.2769536424272736 0.7340789839530106 
0.7968993845116321 1.346699990174205 0.7365171124094405 
0.7964821372549239 1.3937669203184055 0.7348312975794851 
0.8341222318863909 1.1710106342063977 0.7269858700631188 
0.8388028762541719 1.0765780750558167 0.7293545605835788 
0.8098039832014814 1.3212379950104496 0.7257622150468697 
0.8345394791430991 1.151443368626914 0.7271386295804667 
0.7964821372549239 1.2764183761361545 0.8205623322685249 
0.83922012351088 1.0586690039826605 0.7295074127699214 
0.7964821372549239 1.4180160220168325 0.7328684083400765 
0.7968993845116321 1.3700011260524656 0.7330784219794626 
0.8098039832014814 1.3212379950104496 0.7257622150468697 
0.7964821372549239 1.2764183761361545 0.8205623322685249 
0.8388028762541719 1.0765780750558167 0.7293545605835788 
0.83922012351088 1.0586690039826605 0.7295074127699214 
0.8327888378112268 1.1909363360994059 0.7264839198253465 
0.8306579816366162 1.2988821546736458 0.733929812248782 
0.7968993845116321 1.346699990174205 0.7365171124094405 
0.7964821372549239 1.369999354328343 0.7363591271770713 
0.8098039832014814 1.3212379950104496 0.7257622150468697 
0.7964821372549239 1.4180160220168325 0.7328684083400765 
0.7964821372549239 1.369999354328343 0.7363591271770713 
0.8306579816366162 1.2988821546736458 0.733929812248782 
0.8327888378112268 1.1909363360994059 0.7264839198253465 
0.7968993845116321 1.346699990174205 0.7365171124094405 
0.8388028762541719 1.0765780750558167 0.7293545605835788 
0.7964821372549239 1.23381194745547 0.822197261366052 
0.7968993845116321 1.346699990174205 0.7365171124094405 
0.7964821372549239 1.2764183761361545 0.8205623322685249 
0.8098039832014814 1.3212379950104496 0.7257622150468697 
0.7968993845116321 1.3700011260524656 0.7330784219794626 
0.7964821372549239 1.369999354328343 0.7363591271770713 
0.8388028762541719 1.0765780750558167 0.7293545605835788 
0.8310752288933244 1.2769536424272736 0.7340789839530106 
