0.4507254095941582 0.6998622083053596 0.15002248906841317 
0.5427244941546465 0.5870581418395987 0.16870002498984443 
0.5127302925426915 0.5562119415871245 0.19133108190021555 
0.40464697710784325 0.6984677605160149 0.17866588876064762 
0.4848325708180493 0.6949447445898718 0.1717409829797473 
0.4874710375664796 0.6988444580855784 0.16506347967246765 
0.5151547075424954 0.6549923728379362 0.1788288537887135 
0.5488190324647655 0.5036761056264404 0.16855053575418968 
0.5609520138760011 0.432480679869714 0.1652234477306662 
0.509380934640913 0.6825542544935942 0.1501542301292386 
0.5245457106647763 0.5624412597311685 0.1899249400284608 
0.49642757040833796 0.599593263193722 0.20326798054816125 
0.5088757592136492 0.6892543914498725 0.14205622761282602 
0.3449040607400031 0.699997411310072 0.12600149702595384 
0.5069689252438732 0.6895124167169474 0.1473550035070685 
0.44759760197774257 0.6746537327571093 0.18946353888081263 
0.24277535029514363 0.6999499945921379 0.17859807219119436 
0.5398609990933836 0.5978866177990141 0.17293020015767063 
0.40560314785571183 0.6545802619830212 0.19804120251706805 
0.4626006022718372 0.6935816507746175 0.17782800801294166 
0.4672702667680577 0.6998285328290017 0.1535085002814141 
0.4339193182449088 0.6998790433407227 0.16787907148671466 
0.4290792866534099 0.698567992314136 0.17769504068402175 
0.36694937008826944 0.6997183681644197 0.18468065612959875 
0.5221076958462825 0.6150298682476509 0.1844676349889761 
0.5626917512656016 0.420003780065337 0.17898240506301216 
0.4979077326473691 0.6259753293942758 0.1929219917758183 
0.5521998169832775 0.4594239073477254 0.17651322777798428 
0.5151800092408134 0.6150738548042247 0.18797634110564634 
0.4865859352223231 0.6541294793988124 0.18094165364893347 
0.4761117747287307 0.6992520146593947 0.1547264644150572 
0.5082751333182611 0.6918925102875965 0.14460065141252185 
0.4830126487470171 0.6960655772892727 0.16789691648694266 
0.5177848295389444 0.6463784990292918 0.17074783497828788 
0.48648975607430534 0.6381876005722519 0.19074778876918302 
0.568800004207856 0.3914698648409593 0.1712918213237953 
0.5291450106886564 0.6511596755570274 0.14748895289729683 
0.4613140533176098 0.6980718914573546 0.1868353869267214 
0.5204529968360476 0.6318380077551602 0.16473383924849347 
0.43273683371822347 0.6911858173813865 0.19529126183216988 
0.5354242476768969 0.6254124754576094 0.18444780677566444 
0.48231066536454326 0.6908379985970119 0.1816125258951532 
0.5428563804377187 0.5221502102085854 0.1644146802393971 
0.5432726450457825 0.45962069799839517 0.17872769662632862 
0.4832310832527429 0.6976348478910254 0.16772488539775143 
0.3938414888799966 0.6985631892425395 0.18014853505393302 
0.4364791645839755 0.6395676164714864 0.19639085759118308 
0.49550324679959123 0.6979984295878046 0.14774924806419237 
0.5547854184880574 0.43035792094872344 0.17520897177391068 
0.5433692264515622 0.5162905870447448 0.1638029024153576 
0.5135852899491512 0.6640449463124884 0.17565403619226905 
0.5431920528045318 0.503240428312493 0.17196215836082618 
0.5365045192677043 0.5345220316083434 0.1878826871048923 
0.5090953131595326 0.6891097676112744 0.1804877358158998 
0.498619306412324 0.651491378371078 0.18204922111091212 
0.5356598591192915 0.5449235230085065 0.1759521002075336 
0.4554860029476593 0.699397170561051 0.16876924135230134 
0.5386597996133112 0.5181242633130226 0.17790215701330153 
0.5018280252211651 0.6921361925263321 0.1632120051198384 
0.40259513573023065 0.6999795963170705 0.15072404012262144 
0.5465665965802202 0.6509487287410782 0.16246250957423844 
0.4753937363598436 0.6423173893390592 0.19581255728520183 
0.30506093785242183 0.699983492472448 0.16936639363966152 
0.37651833946984836 0.6551751600169468 0.19555734485497325 
0.48801595490664396 0.693257230195469 0.16432632254217794 
0.4503385218378384 0.6999206082642723 0.14987323830348276 
0.5273145991399796 0.6702731553313072 0.15403886853449017 
0.4389371846961615 0.6997740816742015 0.1571915649930678 
0.4498188009897093 0.6594351400460278 0.18863551641922796 
0.4973890924917965 0.6298890872562267 0.2027472916884128 
0.4914102053482131 0.6929242132176145 0.18035192419454835 
0.29025483765340687 0.6999356249646634 0.1704213290335464 
0.5255509851271256 0.6754965367155662 0.16387741232925324 
0.43510102948930984 0.6536152889321547 0.1907841877328482 
0.5392040961278715 0.5247799449266903 0.17533583156017724 
0.3564336174507924 0.6937669187227236 0.20088548418667848 
0.4539252442161167 0.6996863199333502 0.1681115532388357 
0.22002333218724945 0.6999827912063515 0.1477389667142978 
0.356050626406192 0.6999264741929168 0.1353178882860498 
0.37914013767502497 0.6981769491291506 0.16400025993599873 
0.26490953199549616 0.6945250085886806 0.18600830736780066 
0.40900713823596935 0.6992732279815368 0.14446839745525103 
0.5400425147532621 0.5911112237408536 0.15306603212448652 
0.3491249064376928 0.6829341374844119 0.1850389536402491 
0.33518840887348567 0.6999137895866627 0.14878160639296426 
0.30035299899704826 0.6999600762435496 0.153284019672416 
0.45876740164641616 0.6997849102957078 0.140551644258335 
0.545835041805546 0.6348611366871412 0.1454080000891768 
0.26407121707505365 0.6999771450375075 0.12463555172534613 
0.37755001486310324 0.6990830761511423 0.16828484545534025 
0.5367996745767436 0.6165155021487132 0.15395171520091475 
0.3526310801848298 0.6314155136576909 0.20015078171807216 
0.3380427424225122 0.699937899748463 0.12620379947250918 
0.11668282459742607 0.6993458485747677 0.17234539908728774 
0.2720335516610499 0.6999138147104582 0.15449219821607454 
0.5246067435307548 0.44062713579477075 0.17478768355701482 
0.5238083414868211 0.6485929681669671 0.15424630346659415 
0.3343206531452988 0.6828589290153811 0.19501547720359633 
0.5129383649374573 0.4467942284838508 0.17694998358689956 
0.5358368582739612 0.5825604692045693 0.16175519743466032 
0.45486761166139467 0.6989220068886305 0.15485212317865996 
0.34227797941877136 0.6999330107271048 0.12187494263622915 
0.5493129657474884 0.44689317957168856 0.16723368677633677 
0.5388386335631099 0.5388500076035252 0.1636705603016337 
0.3940239980281459 0.6971680067313403 0.178044084872812 
