0.7089614568572506 1.4128666451962553 0.7437500787220414 
0.7566727519358617 1.4871106554478386 0.7415903684667721 
0.7573163651125256 1.2871356762984938 0.7432471155749625 
0.7744084896391881 1.3845452316058438 0.7364956703077281 
0.7513003028009444 1.209088424126563 0.7539994015439438 
0.7594474566247728 1.5340017181268422 0.721981908425141 
0.7573163651125256 1.5342161269982748 0.7408204693813061 
0.7373010007020251 1.2414092794136833 0.752131601434247 
0.7155095912276443 1.9031620098807849 0.7035980802199936 
0.7384446619022624 1.8470234810884918 0.7266822724287458 
0.7501315302016223 1.3783865354650784 0.7430620112926033 
0.7566109021166871 1.8395894821774723 0.7281869800576382 
0.7560553252758324 1.3450074229271651 0.7428207691426927 
0.7022680552574688 1.7053633059266249 0.7334101233555316 
0.7306203124736654 1.6418283253544634 0.7359776216449943 
0.713196725692579 1.3832153291845601 0.7410165704080075 
0.7573163651125256 1.1497526863346181 0.7427912517485522 
0.7592098177404902 1.2967722076066595 0.7354727383133118 
0.7594876524810561 1.169599323413089 0.7364346583546892 
0.7608625890315024 1.359168561900122 0.7242202070987134 
0.7676866436696148 1.3255815843034848 0.713183172463485 
0.7581348466372092 1.4222853008735314 0.717993457494107 
0.7591412965482811 1.4212907732365518 0.7057107950871587 
0.7475270581478279 1.4035152914250768 0.7320027569131903 
0.7549769024220374 1.4139027302128984 0.7307683674140291 
0.7148415860916064 1.3815204349840235 0.7373032125173083 
0.7508709871154279 1.3501246608573423 0.7310263574685572 
0.7557921117910809 1.803828065979762 0.7088154510413609 
0.7158562516603535 1.706419193615444 0.7276421681844861 
0.7167709324655014 1.650557420034779 0.7277147988816717 
0.7554152621756389 1.7663663029906729 0.7269338974956195 
0.7081189948937021 1.8244257037269065 0.7091813772958102 
0.7166208375496308 1.7915028436945002 0.7183088529835034 
0.7083295406192671 1.7956851802806488 0.7236210690928784 
0.7224971096716715 1.8206036380829753 0.7036824712100082 
0.7555289291864217 1.2088277543039645 0.735826948484258 
0.7458821416244668 1.2162512043220612 0.7416002514794915 
0.738640989408918 1.3275761663803223 0.73328767343482 
0.7090439802403672 1.1621844576777816 0.7426719406547645 
0.7362043756358528 1.2591897134481658 0.7375658828210981 
0.7205020328889946 1.2261426361799843 0.7397110282464832 
0.7236192079727721 1.5055255658681872 0.7342486198538477 
0.7156494413554442 1.5181597357889496 0.7320444046953658 
0.724788908437924 1.4026159473025257 0.7334311964149647 
0.7252904941682099 1.322962326902712 0.7350049068294566 
0.712582602068282 1.3143759011852367 0.7386654337673443 
0.7137815450450626 1.1114952707042536 0.7425370808204002 
0.7102925913536504 1.1115581620710646 0.7426968524778391 
0.756083835374368 1.2507977518776705 0.7259867288609613 
0.7577988665544009 1.1617277006717854 0.7298115922348095 
0.7583471327673484 1.3510050423163011 0.7070303483877334 
0.7584860655776775 1.2635723760487574 0.7163931934125819 
0.759769080775391 1.1798572938830987 0.7203147060385142 
0.7613482507607368 1.2316634462000169 0.7057626435205758 
0.7565231745818009 1.2808086872118682 0.7093518281127981 
0.7573163651125256 1.241088687043915 0.7173364299932791 
0.7554152930557312 1.4145371802107647 0.7109466428609249 
0.7585153080893063 1.23168299180627 0.7031409270958285 
0.7538328326318593 1.295773298993469 0.7289522868500322 
0.7468689012835679 1.3191812997720533 0.7276469967594751 
0.723607947591103 1.7777545313470937 0.7065220218772932 
0.7242376140866327 1.7719793385818505 0.7010848495633563 
0.7044049118854989 1.5416723377845933 0.7272715367074523 
0.7524910110127594 1.4911381540340003 0.7225771618316456 
0.7492103602052229 1.6762634018222136 0.7152135822701883 
0.7492450613418706 1.659430761981579 0.710191246352122 
0.7472072481586503 1.6986274290463437 0.7183582171458393 
0.7430406527747386 1.447642041834665 0.7264489272110781 
0.7498265776586218 1.6609359189231747 0.7073812100356988 
0.7542455617104871 1.5126563130535169 0.7151890622182865 
0.7543591978411777 1.4618342586792135 0.7204178491332323 
0.7543715448074381 1.4787524185015952 0.7031712885024373 
0.7446402301519011 1.7408409524244357 0.7072194080009411 
0.753521777769252 1.6223993959982854 0.7058955273149887 
0.7318648015772478 1.58822261775632 0.7218273995470964 
0.7355201464109395 1.718403374463061 0.7098050224820653 
0.7288080430693069 1.714040094175143 0.7133528858800875 
0.730167053543419 1.7246803074445112 0.7081911688169785 
0.7153413541455018 1.6471605622186982 0.721257028550186 
0.7332131940223978 1.4264704948504183 0.7265134555533277 
0.7192370828379239 1.598827037708465 0.7199565459220185 
0.7545087443151463 1.2827091874141352 0.7121432352027567 
0.7536866200737153 1.3314376105283219 0.7226894511136986 
0.7531635887802216 1.4019280114454609 0.724320360517601 
0.7507949453382892 1.3848557427405948 0.7261530797862413 
0.7492450613418706 1.716840043756944 0.7091022755909281 
0.7523473107922503 1.551531336961734 0.7230101419349687 
0.7106136578659477 1.699682266863823 0.7194050398876627 
0.7263213544633096 1.7084997965391988 0.7167232299426518 
0.7009421329688003 1.7958245335486398 0.7054779513789509 
0.7066957315432161 1.7536326925587031 0.7192216218254683 
0.7545436169857938 1.1616807157166593 0.7347125579188271 
0.728951877998838 0.9692710111501746 0.7399183355785243 
0.7324550021575419 1.1176592537645333 0.7373436347037978 
0.7219231114182096 1.4473979957563972 0.7302593440898298 
0.7235944284937397 1.4974219817008738 0.7231110483054457 
0.7090491843921372 1.461284828970891 0.7254289187784402 
0.7116079650215112 1.3454829080900756 0.7322849035400981 
0.7138469083749356 1.3119521876556366 0.7340516597739235 
0.7218646263949521 1.2975152728728705 0.7331117891708824 
0.7246783601856888 1.298807362551141 0.7292702672268363 
0.7417786170288678 1.5097063465170713 0.7170353371373424 
0.7265905911369633 1.4003635342663137 0.7257471502948296 
0.7213133011635684 1.7288549521161876 0.7048246096918853 
0.7205963155357074 1.6626206620929547 0.7155600259563328 
