0.6911049777818614 0.6999180357661667 0.48414674193686436 
0.6992240554681319 0.6998629228803669 0.4790409947255791 
0.6770245930271407 0.6999542370689441 0.4783291243044832 
0.699952297120294 0.6915728848645685 0.525135719440513 
0.699952297120294 0.6947690903846941 0.5210463810495339 
0.48541417677548626 0.6999663963899151 0.48744333743815466 
0.6928702692889676 0.6995292233525704 0.5657465538127562 
0.6613177764113468 0.6998891691786199 0.48985599611859765 
0.6999470188633208 0.6989533762245435 0.5230660455383289 
0.6339036354956018 0.699942806253426 0.4827208921920185 
0.5207619608388379 0.6999645829335341 0.48625646402053907 
0.6940655878318869 0.6999140637725594 0.47243050043630375 
0.6999596077482013 0.6976074980871694 0.5064945617723362 
0.6814948396250889 0.6998610349866091 0.5656761188705198 
0.6998104512687435 0.6986203712169877 0.5453025022434352 
0.6998981788036298 0.6988832486160613 0.536550328291387 
0.6530744886631314 0.6999364360547738 0.549323452780042 
0.4330468851633995 0.6999714510704307 0.5058917585167464 
0.6997350415341044 0.6989166065688243 0.5531221230562622 
0.6998227690689908 0.6973635710421981 0.5506619053535426 
0.6996984883945684 0.6968599778212948 0.6218366885036972 
0.6999470497434132 0.6915518067277383 0.571940266504584 
0.6998227690689908 0.6994393697255403 0.4834922422206648 
0.699884909406202 0.6682394963901123 0.6179425498773986 
0.6835418463191969 0.697403114348844 0.65611077308126 
0.6995888289759604 0.6991902405960744 0.6406382456140555 
0.6999915628745144 0.6754658680657943 0.5299929630743976 
0.6871971911528888 0.6998444550044507 0.6372817315875275 
0.6836003622225468 0.6996346366517369 0.6390426386527895 
0.6083460168656187 0.6999638911188305 0.593237983204581 
0.6901214731958607 0.6982126284310952 0.6552816535899824 
0.6923112433570299 0.6998048272469687 0.5637768168556158 
0.6999608549113778 0.6912498712728107 0.5551356051683048 
0.699884909406202 0.6856628056437962 0.6168784414847516 
0.6873434037110328 0.698455806889532 0.6506102561657442 
0.6998227690689909 0.6386198521310643 0.6348023351244118 
0.6959452898626244 0.6770819376274456 0.6423006351676551 
0.6996984883945684 0.6997578790835126 0.5589220174147359 
0.6951183491306159 0.6994423543168289 0.6340976491720013 
0.6857935505947066 0.69932197601131 0.6550891266506697 
0.6919637514284749 0.6982282622132171 0.643787150346493 
0.6873434345911251 0.6996815923198034 0.5983238275693339 
0.6934843929132646 0.6789509689948873 0.6535254237673522 
0.687021736083116 0.6908756123135418 0.6744324123684257 
0.6983679232353659 0.6985934570791802 0.6412835601002222 
0.6999470497434132 0.6856070701108732 0.5837350476089631 
0.6919637514284749 0.6840269663697632 0.6687499863253165 
0.6975747201074347 0.6998148022773019 0.5427868153670727 
0.6857935505947066 0.6973126987958685 0.6662282277191935 
0.6919637514284749 0.6797200848703435 0.6687732725210536 
0.6928556789132454 0.6765994851990528 0.6784472677084047 
0.6920222673318247 0.6893959779261212 0.6592497387459398 
0.6919637514284749 0.6911925057953382 0.6478808927599816 
0.6948003059365604 0.676422803378392 0.6823352720707714 
0.6956190962621667 0.6444104162476938 0.6526485704742149 
0.6802373807449584 0.6880266707728189 0.6757360926946268 
0.6959334841422685 0.6609624136548735 0.6425222703516538 
0.6901356124440806 0.6869546870440894 0.6742278832800651 
0.6890394693855029 0.699577300221739 0.5738622345742093 
0.6962551517701854 0.6361371614963999 0.6610793698741836 
0.69046995546114 0.6907492533191844 0.6485326269496848 
0.6900045031493455 0.6906366360847045 0.6727443757642455 
0.6998227690689909 0.6956044523780119 0.6187878356424341 
0.6948003059365604 0.5833331755800898 0.6449793922892652 
0.2706552760508597 0.6999589517733806 0.3496023744956071 
0.45042029567536324 0.6999052787428958 0.5871458964595467 
0.6998227690689909 0.649113969887149 0.6105894399066188 
0.5628112908165734 0.6996854622169517 0.5553661130356247 
0.5184648610873963 0.699933766145825 0.5236743379113128 
0.6976076488131093 0.6474647375078774 0.6360292926065377 
0.45042029567536324 0.6996946341947365 0.5950141150693313 
0.694273940727242 0.5919027855029488 0.6632483461748329 
0.6905308683586638 0.6617217353296159 0.65830190756415 
0.6908817784982094 0.6518948071921539 0.6759931087130733 
0.6961162498399485 0.5645574331481319 0.660271451158311 
0.6979219749330268 0.6645863131553897 0.6206238556795612 
0.5919765722148942 0.6932719384073472 0.6502254740359448 
0.6960504541887838 0.6334193871103083 0.6421135405780967 
0.6884253766412982 0.6543981974684885 0.6659791287138351 
0.6948003059365604 0.5471768393932759 0.6758642429379764 
0.6919637514284749 0.6508692786695703 0.6534025544964264 
0.6882206790598966 0.6662626171115901 0.6661554899157679 
0.6952316329830852 0.596780121087543 0.6434081089097421 
0.6941569706807269 0.6692053524189684 0.6295910359033913 
0.699952297120294 0.6622172637970413 0.5061907662642481 
0.699952297120294 0.6108245627342376 0.5404121235257565 
0.615858013826269 0.6988754414850473 0.62025787952951 
0.6919637514284749 0.6138584806964167 0.6708181222496699 
0.6936598479830374 0.6302136414442022 0.6501985763132517 
0.6998227690689908 0.611814352835527 0.6243233389729042 
0.6994206845340948 0.5932243651562292 0.6262800760080006 
0.6831616627879302 0.6761396784716568 0.6793444852073136 
0.6980170130958203 0.6260593979496443 0.6264997246414161 
0.6999470497434132 0.6779323009804457 0.5836672699558104 
0.6999915628745144 0.6108762253343403 0.5237280875795671 
0.6980170130958203 0.62296275538881 0.6370031901185745 
0.6873434037110328 0.6830285171123945 0.6523485198567447 
0.6924608741261644 0.6127859776924324 0.6556293904376892 
0.6873434037110328 0.6801298192700758 0.6577292962174367 
0.6876358288273208 0.6740186742844064 0.6654276625398396 
0.6911157185912398 0.674397941870723 0.6437191216944149 
0.6866123409203129 0.6802942250431883 0.6617535324998839 
0.686729310966828 0.696143781256319 0.6415336149104401 
0.6998227690689908 0.6911675508145381 0.6163508171511797 
0.6924609050062567 0.6890444383582979 0.6374688744092258 
