0.41872123314258847 0.6969202949864821 0.17848002883455336 
0.35221367729260145 0.6999736845696822 0.13659591046695116 
0.2737626193225555 0.6999807819190688 0.10665737149307765 
0.29567407570325444 0.6999814457583421 0.10488277909975632 
0.49257758138019736 0.677665490018324 0.16924901515895605 
0.46394428504755625 0.6996145222626092 0.14058034071100697 
0.5565803763846691 0.6752360344085553 0.15050762764523296 
0.5419256179698252 0.4408897595816377 0.166305087845797 
0.2660649190485814 0.6999770583849119 0.1086734097696655 
0.4156531819811484 0.6996816426999192 0.1698552066858206 
0.5251304074830565 0.6074028662504216 0.17250244825908115 
0.48598339809110935 0.698047596650854 0.14189971616298083 
0.5355503330482265 0.6027086353150701 0.1688499972563264 
0.18517633300293057 0.6999902976366807 0.0834595042852505 
0.5261660144167795 0.5527074325560759 0.17337273289779231 
0.4612602435302733 0.6438985290615746 0.19229707407699068 
0.5259538217649735 0.6978820237113238 0.1638432809415235 
0.4554483282344518 0.6251897216201381 0.19502271689640424 
0.49596834682085555 0.6618223903725622 0.18075639159508608 
0.46632134839256056 0.5999311507993237 0.200373886111471 
0.40454203792844856 0.6986343386139985 0.18096986642272822 
0.47538124808948656 0.6990024416766125 0.1770374837882339 
0.4639787591201854 0.6995345997444296 0.15015382048193893 
0.5295484482240651 0.6801639348084668 0.15295342697962394 
0.5376425999556775 0.5611145208820183 0.1558197613169654 
0.5339905975305412 0.662502282186733 0.16074129240341647 
0.41841920473136096 0.6998988991501358 0.13878731949770226 
0.5085239704873223 0.6585959842450844 0.17851954140889614 
0.25661161605209193 0.6999831312765226 0.13192245607331962 
0.21591019299476322 0.6999581474116887 0.1741405305669987 
0.4522801983443947 0.6434273595717624 0.2006656104551104 
0.4762463577261564 0.6787966384864775 0.1839751646755958 
0.46420352438681955 0.6405749248063443 0.19255060193619059 
0.48565564353716384 0.6794122613335166 0.1754990324491998 
0.46105117202156154 0.6948514456399008 0.17901409054806489 
0.43032752572469946 0.6632516742471474 0.1942648082503594 
0.4626029403987021 0.6502829738231338 0.18944844030959673 
0.2559916278234704 0.6990004362021773 0.18204932509238564 
0.46099721332552746 0.6089213432018189 0.20138461076808634 
0.42030782041070613 0.6996260557729712 0.15181088182319968 
0.23916871838355125 0.6999326483501145 0.15396566419944566 
0.4493138132181942 0.6887095206894697 0.18783983001812285 
0.47678389067656324 0.6831679721790254 0.16730873782983166 
0.47854937232612194 0.6765702743978765 0.18851613670071116 
0.5115681622543109 0.6844775163692294 0.16660101987600245 
0.4000291635848604 0.6999164327760291 0.17471550131923277 
0.45210090244061185 0.6937189404448978 0.18078416624002613 
0.4875735884082506 0.6348114393964399 0.19070833315546118 
0.5188210719294777 0.6425582198445737 0.18735065978229404 
0.4000138223891747 0.6473882731608342 0.20056118075501206 
0.5361849806143417 0.667124778566538 0.15659505359090262 
0.45733641219874677 0.6776024959274011 0.19205569826498967 
0.5023555403177109 0.6606914897808297 0.17405721399394244 
0.4795278996192005 0.6830325938311315 0.18265918848219823 
0.4027069563584331 0.6981188344853259 0.1993882424210979 
0.5116749851187492 0.6503021794107865 0.18932445355863028 
0.4440130581280799 0.6967950679176781 0.18901063462275394 
0.4111522239685187 0.6998626807755519 0.12232422417679698 
0.1777897034072241 0.69998252824778 0.11681332315108688 
0.2424068142773722 0.6999684419187003 0.08738445265148287 
0.15025806958628996 0.6999213684728014 0.13540172822525792 
0.345648141471812 0.6969297619599151 0.1989816664695242 
0.21747423513900788 0.6999736658173309 0.08925471078045573 
0.29466556553902956 0.6999103285754004 0.15629991595161075 
0.37249168082804285 0.6490366061635945 0.19722316817743776 
0.37822986690704585 0.6023057960161076 0.19932927868343203 
0.5150564144111328 0.6788173184355225 0.14132139151423273 
0.22637404190916222 0.6999216763686352 0.09934250097021481 
0.4204749254410707 0.5788439297372447 0.19929820517766486 
0.27764634176765013 0.6999234157429124 0.09932139977734636 
0.10686532813775651 0.6999812944235659 0.1278572081120984 
0.5145877278188429 0.41121097588526534 0.1735296955140319 
0.3839929530874391 0.6998764168083041 0.13723812692483442 
0.299733723851205 0.6998824602159469 0.13432406828842133 
0.21340897704541517 0.6999112547161211 0.10443612975077406 
0.5254510551062488 0.5280504690677879 0.1715390771985666 
0.32221315398309835 0.699435524535934 0.16548342776809716 
0.42795147006910084 0.6338760655162088 0.19898001472148172 
0.5118259686067691 0.5678967702917392 0.17434699540170143 
0.5018616311226753 0.6648015272045814 0.15317361724773154 
0.4465585899949769 0.687365724622578 0.16706969527002988 
0.5248856212528152 0.6584547720094184 0.15366341067543837 
0.3982779170102585 0.6976200005657444 0.1815375971476566 
0.4869259957142249 0.6945034604114284 0.1413865516650111 
0.5337931444171282 0.6738598058886391 0.14346439079166304 
0.5355382166992095 0.6605071154518614 0.15253141680898802 
0.4962546572191706 0.6842086611817881 0.15720611984775734 
0.4483605868229056 0.6878910749886363 0.16345799264099375 
0.501300410901421 0.5851340992404204 0.18524870100042604 
0.46777393828621683 0.6218850801581692 0.18790426459573836 
0.4940034202800966 0.6945692768105594 0.1400682992574611 
0.4348142153721818 0.6917321173438757 0.1813151355979708 
0.5017377424261829 0.5713422257008898 0.18557618437382112 
0.43321844922188923 0.6984608523877162 0.16171167092695327 
0.47815048959971573 0.6978065549999325 0.16145531013717365 
0.4431358091203371 0.690667222699196 0.1887323298684755 
0.5009053252955509 0.590885502654555 0.18557379049225906 
0.41174060407477064 0.6928693448262517 0.17909627072839004 
0.4456589727921967 0.6655304253672473 0.18691743831386556 
0.49895562626131595 0.6907740858555826 0.14414941601608136 
0.40212848492102016 0.6941226975769527 0.17355062803363389 
0.45683387667222985 0.6985134353448017 0.13708546227697746 
0.485785889007337 0.6932617767486805 0.1627636764550551 
0.4866180031649425 0.6718377404654928 0.16015207922558494 
0.4830767162142867 0.649543782477458 0.18531141384988356 
