0.8652949940388807 0.8122232650558198 0.767906240829459 
0.8613201649091866 0.8969646680967475 0.7500409815421898 
0.8548034215708624 0.768502567077645 0.8378575118762561 
0.8350582931662429 0.7681796465121306 0.9273203779218496 
0.8631428766095436 0.8544598366022824 0.7669866702644902 
0.8328023609199031 0.9294071608165438 0.7521687524899568 
0.8548034215708624 0.7426804574143724 0.8380417215604052 
0.8691188455427921 0.8672858576188093 0.7554018355561006 
0.8594096116811017 0.9276015651971564 0.7492007676228859 
0.8438288416530287 0.8381734877142422 0.8408540723257778 
0.850120370123861 0.8381729548185709 0.8456987512400459 
0.8416436626981048 0.8524383813781825 0.8426894210116873 
0.8377154993800162 0.7172969581418989 0.9284861584824838 
0.8296620031134623 0.9451292633268285 0.7509883063412631 
0.8698654985284805 0.8244697676861589 0.7558139660730531 
0.8698654985284805 0.797000122887144 0.7579072149370234 
0.8377154993800162 0.7297410948653408 0.9284049752748237 
0.8369688463943279 0.742366897169349 0.9281785575097639 
0.8369688463943279 0.7551783723684863 0.9280938660786044 
0.8527775763376343 0.7966667124038609 0.8467624775245799 
0.8377154993800162 0.7172969581418989 0.9284861584824838 
0.850120370123861 0.8381729548185709 0.8456987512400459 
0.854056768585174 0.7951014226481562 0.8375490715944552 
0.8432906217725156 0.8381734877142422 0.8433586876971483 
0.8423216894902557 0.8524383813781825 0.842631825318994 
0.8652949940388807 0.7985687270921326 0.7680082463027329 
0.8548034215708623 0.755496561150778 0.8379477990708373 
0.8652949940388807 0.8122232650558198 0.767906240829459 
0.8567057396557228 0.929406573709944 0.7604817831285706 
0.8631428766095436 0.8544598366022824 0.7669866702644902 
0.8691188455427921 0.8672858576188093 0.7554018355561006 
0.8350582931662429 0.7681796465121306 0.9273203779218496 
0.8593629458694961 0.8837291360331557 0.7615163560040912 
0.8296620031134623 0.9451292633268285 0.7509883063412631 
0.8369688463943279 0.7551783723684863 0.9280938660786044 
0.8377154993800162 0.7297410948653408 0.9284049752748237 
0.8328023609199031 0.9294071608165438 0.7521687524899568 
0.8369688463943279 0.742366897169349 0.9281785575097639 
0.8296620031134623 0.9451292633268285 0.7509883063412631 
0.8369688463943279 0.742366897169349 0.9281785575097639 
0.8586162928838078 0.8837291360331557 0.7633427274695362 
0.8672082923147071 0.8527922730543792 0.7567480357282069 
0.8652949940388807 0.7985687270921326 0.7680082463027329 
0.8369688463943279 0.7551783723684863 0.9280938660786044 
0.8438288416530287 0.8381734877142422 0.8408540723257778 
0.852030923351946 0.8241260869829647 0.8464561864704213 
0.8652949940388807 0.8122232650558198 0.767906240829459 
0.852030923351946 0.7966667124038609 0.8483196351216276 
0.8377154993800162 0.7297410948653408 0.9284049752748237 
0.8350582931662429 0.7681796465121306 0.9273203779218496 
0.8631428766095436 0.8544598366022824 0.7669866702644902 
0.8527775763376344 0.7700217936172966 0.8486284981749173 
0.8328023609199031 0.9294071608165438 0.7521687524899568 
0.8377154993800162 0.7172969581418989 0.9284861584824838 
0.8573837664478736 0.898712729703687 0.7624993773152419 
0.852030923351946 0.7832447276811388 0.8484125407910859 
0.8377154993800162 0.7297410948653408 0.9284049752748237 
0.8586162928838078 0.898712729703687 0.7613259106693026 
0.8672082923147071 0.8820079839265822 0.7546640333436679 
0.8698654985284804 0.8385219495043034 0.7557015925159286 
0.8438288416530287 0.8381734877142422 0.8408540723257778 
0.8328023609199031 0.9294071608165438 0.7521687524899568 
0.8631428766095436 0.8837285763965629 0.765244646532675 
0.8350582931662429 0.7681796465121306 0.9273203779218496 
0.8377154993800162 0.7172969581418989 0.9284861584824838 
0.8296620031134623 0.9451292633268285 0.7509883063412631 
0.8369688463943279 0.7551783723684863 0.9280938660786044 
0.8631428766095436 0.8544598366022824 0.7669866702644902 
0.8652949940388807 0.8122232650558198 0.767906240829459 
0.850120370123861 0.810292276467637 0.8475539548154633 
0.8548034215708624 0.768502567077645 0.8378575118762561 
0.8691188455427921 0.8385219495043034 0.7574984994163241 
0.8377154993800162 0.7172969581418989 0.9284861584824838 
0.8567057396557228 0.898712729703687 0.7625950526481683 
0.8548034215708623 0.755496561150778 0.8379477990708373 
0.8438288416530287 0.8381734877142422 0.8408540723257778 
0.8586162928838078 0.8837291360331557 0.7633427274695362 
0.852030923351946 0.7966667124038609 0.8483196351216276 
0.850120370123861 0.8381729548185709 0.8456987512400459 
0.8691188455427921 0.8672858576188093 0.7554018355561006 
0.8631428766095436 0.8544598366022824 0.7669866702644902 
0.8350582931662429 0.7681796465121306 0.9273203779218496 
0.8652949940388807 0.8122232650558198 0.767906240829459 
0.8328023609199031 0.9294071608165438 0.7521687524899568 
0.8369688463943279 0.7551783723684863 0.9280938660786044 
0.8296620031134623 0.9451292633268285 0.7509883063412631 
0.8377154993800162 0.7297410948653408 0.9284049752748237 
0.8527775763376343 0.7569935148639617 0.8487175956304616 
0.8350582931662429 0.7681796465121306 0.9273203779218496 
0.852146215357089 0.8225131306913687 0.834747550328186 
0.8438288416530287 0.8381734877142422 0.8408540723257778 
0.8377154993800162 0.7172969581418989 0.9284861584824838 
0.8593629458694961 0.8837291360331557 0.7615163560040912 
0.8652949940388807 0.8122232650558198 0.767906240829459 
0.8650534298376286 0.8689796243764127 0.7659897801422855 
0.8369688463943279 0.7551783723684863 0.9280938660786044 
0.8691188455427921 0.8385219495043034 0.7574984994163241 
0.854056768585174 0.7951014226481562 0.8375490715944552 
0.8377154993800162 0.7297410948653408 0.9284049752748237 
0.8328023609199031 0.9294071608165438 0.7521687524899568 
0.8567057396557228 0.898712729703687 0.7625950526481683 
0.8691188455427921 0.8672858576188093 0.7554018355561006 
0.8296620031134623 0.9451292633268285 0.7509883063412631 
0.8296620031134623 0.9451292633268285 0.7509883063412631 
0.8377154993800162 0.7172969581418989 0.9284861584824838 
