0.6999717255690548 0.5852501371585778 0.613844464608266 
0.6743385161392416 0.6963215755456958 0.6870741380087946 
0.6998893741368097 0.6995060964515809 0.13279578308585507 
0.6999717255690548 0.6285097201161255 0.6138296231055779 
0.6999278048051909 0.5747922730464096 0.6138485064660145 
0.6647857268086534 0.6963224831904931 0.6839185243356197 
0.6997247176526463 0.6995079185642725 0.13204604682400833 
0.6999717255690548 0.5442293697053227 0.6138603718774852 
0.6981545271543442 0.6980178746187946 0.6124869337847899 
0.6999332949006738 0.6510373508654135 0.6138136318868034 
0.6998564335639118 0.6625365173448375 0.613781496643804 
0.6999717255690548 0.5442293697053227 0.6138603718774852 
0.6718350325989924 0.6963215755456963 0.6860387648284009 
0.6743769468076226 0.6963211217236616 0.6874128332962857 
0.6743165325671463 0.6843515371706614 0.6875303282512747 
0.6999717255690548 0.6285097201161255 0.6138296231055779 
0.6992196056780468 0.6983152194581781 0.5171285383935054 
0.6998564335639118 0.6625365173448375 0.613781496643804 
0.6744482948587383 0.6963211217236613 0.6871659030350733 
0.6759416240202784 0.6843510897307896 0.688135961093771 
0.6947348801869144 0.6997157470786696 0.5198367508712051 
0.6998564335639118 0.6625365173448375 0.613781496643804 
0.6998344731819798 0.6980165104291655 0.6135063581035233 
0.6993019339201285 0.6989097664517189 0.32333324469625785 
0.6656861256580293 0.6963220293679729 0.68383960016913 
0.6999662354735718 0.6860226241624852 0.6137675997278191 
0.6711816648561884 0.6963215755456961 0.6863782062522351 
0.6981545271543442 0.6980178746187946 0.6124869337847899 
0.6929444265409747 0.649434433027538 0.689876733126322 
0.6655543633664371 0.6963220293679729 0.6840857366017997 
0.6978799759998675 0.6980174198886745 0.6127802049972834 
0.6746020175322623 0.6843515371706612 0.6872077543730997 
0.6998564335639118 0.6625365173448375 0.613781496643804 
0.6981545271543442 0.6980178746187946 0.6124869337847899 
0.6711816648561884 0.6963215755456961 0.6863782062522351 
0.6998564335639118 0.6625365173448375 0.613781496643804 
0.6981545271543442 0.6980178746187946 0.6124869337847899 
0.6997795026566599 0.6992083344997179 0.22800746142138512 
0.694657995659989 0.6997152914387127 0.5198503135832756 
0.6765016137595448 0.6725496886521021 0.6878125513681101 
0.6981545271543442 0.6980178746187946 0.6124869337847899 
0.699647833125721 0.6983147645687857 0.5167278842768832 
0.6711816648561884 0.6963215755456961 0.6863782062522351 
0.6711816648561884 0.6963215755456961 0.6863782062522351 
0.6978799759998675 0.6980174198886745 0.6127802049972834 
0.6998564335639118 0.6625365173448375 0.613781496643804 
0.6999717255690548 0.6983138547907328 0.5175845083582993 
0.6655543633664371 0.6963220293679729 0.6840857366017997 
0.6947348801869144 0.6997157470786696 0.5198367508712051 
0.6982595214870022 0.6997152914387125 0.5211835118379506 
0.6711816648561884 0.6963215755456961 0.6863782062522351 
0.6998564335639118 0.6625365173448375 0.613781496643804 
0.694657995659989 0.6997152914387127 0.5198503135832756 
0.6711816648561884 0.6963215755456961 0.6863782062522351 
0.6998564335639118 0.6625365173448375 0.613781496643804 
0.6655543633664371 0.6963220293679729 0.6840857366017997 
0.6978799759998675 0.6980174198886745 0.6127802049972834 
0.699779595417313 0.6980169651587983 0.6097552377055762 
0.699647833125721 0.6980169651587981 0.610034395068198 
0.6981545271543442 0.6980178746187946 0.6124869337847899 
0.6711816648561884 0.6963215755456961 0.6863782062522351 
0.6992196056780468 0.6983152194581781 0.5171285383935054 
0.6711816648561884 0.6963215755456961 0.6863782062522351 
0.6998893741368097 0.6995060964515809 0.13279578308585507 
0.6992196056780468 0.6983152194581781 0.5171285383935054 
0.6655543633664371 0.6963220293679729 0.6840857366017997 
0.6999717255690548 0.6980156009706303 0.6136779979069645 
0.6998564335639118 0.6625365173448375 0.613781496643804 
0.6711816648561884 0.6963215755456961 0.6863782062522351 
0.6992196056780468 0.6983152194581781 0.5171285383935054 
0.699647833125721 0.6980169651587981 0.610034395068198 
0.6649943736271708 0.6963224831904928 0.6838584302094688 
0.6981545271543442 0.6980178746187946 0.6124869337847899 
0.6999717255690548 0.6983138547907328 0.5175845083582993 
0.6978799759998675 0.6980174198886745 0.6127802049972834 
0.6655543633664371 0.6963220293679729 0.6840857366017997 
0.6999772156645379 0.6860221758343409 0.6137589906161763 
0.6718350325989924 0.6963215755456963 0.6860387648284009 
0.6981545271543442 0.6980178746187946 0.6124869337847899 
0.699647833125721 0.6980169651587981 0.610034395068198 
0.6990329424316246 0.6980174198886747 0.6101711558166228 
0.6746020175322623 0.6843515371706612 0.6872077543730997 
0.6998564335639118 0.6625365173448375 0.613781496643804 
0.6711816648561884 0.6963215755456961 0.6863782062522351 
0.6982595214870022 0.6997152914387125 0.5211835118379506 
0.6999717255690548 0.6983138547907328 0.5175845083582993 
0.6992196056780468 0.6983152194581781 0.5171285383935054 
0.6711816648561884 0.6963215755456961 0.6863782062522351 
0.6655543633664371 0.6963220293679729 0.6840857366017997 
0.6998564335639118 0.6625365173448375 0.613781496643804 
0.6992196056780468 0.6983152194581781 0.5171285383935054 
0.6998564335639118 0.6625365173448375 0.613781496643804 
0.6982595214870022 0.6997152914387125 0.5211835118379506 
0.6999717255690548 0.6983138547907328 0.5175845083582993 
0.6998564335639118 0.6983138547907328 0.5176107742249981 
0.6998893741368097 0.6986117583563842 0.4206779986676491 
0.699647833125721 0.6980169651587981 0.610034395068198 
0.6998564335639118 0.6625365173448375 0.613781496643804 
0.6998948874224562 0.6980165104291655 0.6130695917815525 
0.6998948874224562 0.6980165104291655 0.6130695917815525 
0.6998893741368097 0.6995060964515809 0.13279578308585507 
0.6999717255690548 0.6980156009706303 0.6136779979069645 
0.699779595417313 0.6980169651587983 0.6097552377055762 
0.6996368297445916 0.6986122134048887 0.4175157170446572 
0.6998564335639118 0.6980156009706303 0.6137081261142074 
