0.7568873367840473 0.7675316048036434 0.7025827811345612 
0.7429509812748795 0.7343332778027939 0.7003542611857801 
0.7234754376500087 0.8642781369497513 0.7079254798927725 
0.7159893237929444 0.7494982971382483 0.7054096112698754 
0.7122828354439945 0.7255772892426222 0.7100461109036885 
0.7234754376500087 0.8752401586231043 0.7079272351771845 
0.7234754376500087 0.8519148583746216 0.7013506840915916 
0.707539964901851 0.8286627811868936 0.706819569590595 
0.7179668430059911 0.7076383709814827 0.7050374235363733 
0.7555763739104278 0.760311032173568 0.7089386116025072 
0.7234754376500087 0.8123503501943629 0.7108422512070165 
0.7208655743672309 0.8005572134291604 0.7025777388658172 
0.7085798732527783 0.7788404951276491 0.7092824065771578 
0.757594138092907 0.7020692438235842 0.7042464799196548 
0.715192496231152 0.9242479268649795 0.7066186782637983 
0.7172979879485177 0.8222630982405399 0.7203906315313232 
0.7377021638147372 0.9090786403139349 0.7037246952053714 
0.7201198903206966 0.8276938907242016 0.7027778160110769 
0.7182206408310441 0.9315382187083426 0.7009978552953937 
0.699999580589394 0.5684284252174626 0.4843330300153752 
0.6997609881587421 0.6700407158946948 0.6572090730867605 
0.6972604754936496 0.6998843912307258 0.5816386338681849 
0.6997609881587421 0.6975939620240444 0.6456868391039996 
0.6999730272481431 0.6820713306313939 0.6462149474360434 
0.699976415775411 0.6270758993390431 0.6400450692998589 
0.6972058928250837 0.699793255094827 0.60067735648646 
0.6999922832595774 0.6960732445770447 0.5332393213857435 
0.6999656857401437 0.6652877734710917 0.6472055542785407 
0.699976415775411 0.6796548183103668 0.6115702904589637 
0.699976415775411 0.6743764193742371 0.6116306585678696 
0.6999988460504875 0.6794034724939714 0.5902341771268769 
0.6997609881587421 0.6957393874243054 0.6481425230738771 
0.682767025993698 0.699993632974686 0.6215576500064123 
0.6999764157754109 0.6988488727992389 0.6371494912255283 
0.6999730272481431 0.5664033810767644 0.6510404131798018 
0.6997670095867774 0.6862992174865203 0.6509182799350509 
0.623661813211293 0.6997382615458836 0.6679597039554465 
0.6462330288944966 0.6767484840168123 0.6991947246376815 
0.6837169670010832 0.6963725725705687 0.6849636310647232 
0.6999988460504875 0.6230650006320485 0.6017091499128188 
0.6998799704376923 0.6966399620070756 0.637921400541955 
0.6392147952234932 0.6985096751614333 0.6900636555936643 
0.6994320407830104 0.6862872200945473 0.67699404505453 
0.6966001210305448 0.6999713034983185 0.6465727025096284 
0.699976415775411 0.6998581883923166 0.585889406375715 
0.6970633664609855 0.6660427544565456 0.6972636333603934 
0.6920464579976793 0.6984790592476301 0.6814458961543123 
0.697696746096717 0.699702977477477 0.6194029844851557 
0.6774640313140512 0.689351911470822 0.6957611463571807 
0.699976415775411 0.6977934157994155 0.6037311881863915 
0.6416419545687755 0.692757589656239 0.6956212138156229 
0.6999764157754109 0.6813671824746758 0.6404465063898521 
0.6999983167790402 0.6390358186150625 0.6275144070730893 
0.669829772146151 0.699982890482523 0.6586671296007517 
0.6999922832595774 0.6939139014851476 0.5811565327041573 
0.6999988460504875 0.6606859427851686 0.5932541499791772 
0.6997670095867774 0.6935731972224517 0.6416190470491064 
0.6821411165826126 0.682280592370839 0.6961190565316165 
0.6969949258176258 0.6686665795485551 0.6979238796195305 
0.6999729346078662 0.6571878961103746 0.6636091373540898 
0.6761755206899689 0.6993484395116552 0.6893968602320732 
0.6985740214455808 0.6996318636211407 0.6710234269267868 
0.6947415425215508 0.699973733359948 0.6076609333891998 
0.6995475981092846 0.6913149719833671 0.6629443907443131 
0.6999922832595774 0.653486497617492 0.5993163384508895 
0.699976415775411 0.674048329593458 0.622617631908203 
0.6985740214455808 0.6858212833022734 0.6843095176672558 
0.6790752206607469 0.6998277844520258 0.660078438782732 
0.699007931724116 0.6751521666353619 0.6961217101391474 
0.6973556371768121 0.6961382972448181 0.6916382184003916 
0.6967756069804099 0.6996843729511507 0.6201335996931867 
0.6995475981092845 0.6984270781556855 0.6742622722392532 
0.6999656857401437 0.6520086560553069 0.6685957370048699 
0.699976415775411 0.6455208915731712 0.6257010005748932 
0.6999922832595774 0.6944011065597702 0.5388866387423737 
0.6999183673833237 0.6698469628286454 0.693640262205008 
0.6952428039514471 0.6937780020585106 0.6946329585253209 
0.6714984971815922 0.6995414384712986 0.6803703913869473 
0.6997962520984062 0.5946556300297943 0.6586381605164021 
0.699976415775411 0.6075962862285669 0.626303629561066 
0.6277948891194435 0.6899796625097024 0.6953723183963587 
0.6525783609250565 0.6998521115853481 0.6509437624311899 
0.6462330288944966 0.6713104752870872 0.697780392826187 
0.6999570859123645 0.6106346279344173 0.6503514468105501 
0.6367285381822253 0.6990423433394766 0.688162956525657 
0.6037994807402532 0.6925020512208165 0.6905147444291876 
0.699999580589394 0.5428019464166207 0.4691320850867377 
0.6224640658368247 0.6999207847115865 0.6541324930346826 
0.6999656857401437 0.6095533793140476 0.6567515454484133 
0.6444239964677386 0.6954313067009178 0.6857668864320494 
0.6994538491463629 0.6338112867393907 0.6695428479532449 
0.6999922832595774 0.62881002014328 0.5935611084641248 
0.6997670095867774 0.5333200445739181 0.6587111690249018 
0.6687041207289959 0.6780038506719253 0.6957683408334364 
0.6981599606470654 0.6031894089238754 0.677208231960691 
0.6462330288944966 0.6952244503415578 0.6842174671801557 
0.6416419545687755 0.6992081565303181 0.6620269620762594 
0.6971898223330852 0.6189020323140936 0.6864377020831913 
0.6605759608159703 0.6796843308526085 0.6953495619731903 
0.676462475290765 0.6999649536070385 0.6419168916011381 
0.6995475981092845 0.6334648535403486 0.6647311108219157 
0.6406470656205763 0.6882554562783736 0.6944304971486558 
0.6999988460504875 0.6329132247467248 0.5878752238220546 
0.6684865184838261 0.6913965420086806 0.687356340409432 
0.6670884410814127 0.6980445162928677 0.6661301133915513 
