0.8648134102449091 1.59958479127714 0.715835741292437 
0.8462734217529291 1.7073597006955972 0.8008013483654614 
0.849548778075625 2.113176762981682 0.7293022168912795 
0.8757879277031342 1.6330810276004948 0.7032996918553056 
0.8556749055875982 2.1943427567339038 0.7121453046000993 
0.7076155960912102 1.8385958893646968 0.8465768952340663 
0.8594377402020635 1.8367858315808758 0.7690201546375129 
0.8937788712077777 1.1991470793565604 0.7391943605062895 
0.8696423658129709 1.5236976098312411 0.7372004066118036 
0.7687055735412152 2.6568953430066076 0.710579320404012 
0.8641168641084367 1.5332257982813111 0.7866628545973199 
0.8183930462045331 2.6860743293527167 0.7083102883195596 
0.7265267445180641 2.036643651484486 0.814526063553889 
0.8589790177813741 2.0504952230758824 0.7201003802132764 
0.8038119074227825 2.264173009829131 0.7879419369012083 
0.7832516688884427 2.576933264930484 0.7285668624727251 
0.7865736020753088 2.549183858453947 0.7285484149360676 
0.7009648643052684 2.275746693006954 0.7743993122918971 
0.8580002412787295 1.2905470939292478 0.8358283670785585 
0.7895396165339406 2.6416347129714883 0.7122102293848503 
0.855297851750201 1.9859220584456356 0.7473727127135547 
0.8030597876862023 2.266360149455775 0.7589297899979044 
0.8181794607659857 1.7055987347294395 0.8622498421145138 
0.8864978062091184 1.3487293683433483 0.7248720772144511 
0.8377638827894254 2.332835920792275 0.7094234748529762 
0.8220530930382935 2.2833335318188674 0.7356247719963724 
0.8870518345142263 1.5142796500810047 0.7186092725906013 
0.8133626780654635 2.4495183076683373 0.749983232571494 
0.8864978062091184 1.4225069568226407 0.7245281802536568 
0.8599578193406971 1.7215457226297988 0.7436585827064959 
0.8688140131281449 1.4995220853484732 0.7532316521516946 
0.885865438753445 1.3385794147478376 0.7393703264362701 
0.8206234610898736 2.543593530365629 0.7153260845998002 
0.7076155960912102 2.1138177381164938 0.79376264696863 
0.7782067582375827 2.0618192054261373 0.8021936853466248 
0.8805740635470035 1.3679377188655009 0.7727576813780239 
0.8319105783120588 1.9718774424965606 0.7690094607630467 
0.8580002412787295 1.36127321963801 0.8019963492983696 
0.8596552884216979 1.8611129216975504 0.7238243004523738 
0.8777029607492344 1.2203222101871953 0.7748809987154757 
0.8762124503905646 1.377206522044535 0.7563261954966594 
0.8369008200727214 1.730711355503203 0.8321556773277776 
0.86328860304924 1.6622112689531066 0.7311086065312531 
0.817586262885595 2.1097191630094554 0.7905582531230435 
0.796052829033916 1.8851158458529989 0.8262912779382686 
0.704096949113731 2.0466568489916086 0.8104681596091068 
0.8021818548232242 2.745850757430819 0.7055789097882522 
0.8237538855904297 2.159714256325738 0.7410957294450782 
0.8810248939361004 1.2118191886577883 0.7909132824939015 
0.8479037627876961 1.823764622300184 0.7943151604065743 
0.8580002412787295 1.1924962910228676 0.8363488599979277 
0.726324537731783 2.590834239709054 0.7224847292221582 
0.7786454649573586 2.305524885215225 0.7681628145058428 
0.76711717563831 1.8212602326775045 0.8550834464767499 
0.7501894330235256 2.0068032408311014 0.8160283177273916 
0.8165659716762514 1.835479636600361 0.8107568666631194 
0.7526775369854916 2.329347705011668 0.7634710802515086 
0.8602956163956997 1.257641887437635 0.8055264043556347 
0.8488912645286251 2.04496416772017 0.744314874934637 
0.704096949113731 2.0466568489916086 0.8104681596091068 
0.8214997085882667 2.3629029910996793 0.7155567172502034 
0.7716873791037687 2.092970221290638 0.8021089246009068 
0.852297381199067 1.7437112574417257 0.781874902557948 
0.8599578193406971 1.7215457226297988 0.7436585827064959 
0.710890073447645 1.838424901136561 0.8464234686270228 
0.8580002412787295 1.2460025147039249 0.8360066260523624 
0.7076155960912102 2.2757462557798984 0.7757379996228594 
0.8843950428835419 1.2418348314636145 0.7400488616606455 
0.8539257245233254 1.5852391174547216 0.8344041410878872 
0.8859880100361527 1.3427736374443662 0.7296089542076352 
0.8220530930382935 2.2833335318188674 0.7356247719963724 
0.8810248939361004 1.577685009439286 0.7184590421113647 
0.826386472726925 1.7723489153570893 0.797321238589441 
0.8842993712925352 1.3086540238963122 0.7742775796722108 
0.8121050643574285 2.165212699903347 0.7574913891655469 
0.8848808278318825 1.3631462450424063 0.7389518489628284 
0.8106576615292753 2.2526816838679675 0.7885839339828886 
0.8038714368091777 2.5018141239124922 0.7489062812458235 
0.8822350176120973 1.4271655234237772 0.7558866674899982 
0.8772521303601374 1.225021399184652 0.8063844010076128 
0.8021818548232242 2.745850757430819 0.7055789097882522 
0.8507631770246067 2.0337900518604397 0.733629100242739 
0.7996594972033696 1.869816012859148 0.8402629378049344 
0.8595307168668159 1.7077457043643876 0.7984514965883421 
0.8803605123100628 1.2172308807944014 0.790791021835656 
0.7840590574423376 1.8041353531042394 0.8570901432114636 
0.8528987144506915 1.8508688012258458 0.7591271957517898 
0.8435684143616692 1.6368858878630046 0.8332139391575678 
0.8455670271787713 2.0090710933578055 0.7580527010043344 
0.8645458290953418 1.3000229362790905 0.78904482492566 
0.7687055735412152 2.700838860985718 0.7095996588245911 
0.8727931654925457 1.4662928329724767 0.7473788376384222 
0.7296113734960955 2.0364475964941153 0.8136123704121486 
0.8305533391661547 2.2483666460391736 0.7406368580179402 
0.8075372151683143 2.5864813299838194 0.7190531413626604 
0.8641168641084367 1.5332257982813111 0.7866628545973199 
0.726324537731783 2.590834239709054 0.7224847292221582 
0.8586942827987866 2.123078274805251 0.7199795280997505 
0.8265300767273365 1.9131468026645424 0.7940013782079837 
0.7296113734960955 2.0364475964941153 0.8136123704121486 
0.8090441382379343 2.0794418359209796 0.7922366647145749 
0.8556749055875982 1.873750669928886 0.7454367647572384 
0.8803605123100628 1.2172308807944014 0.790791021835656 
0.8175625349703795 1.806083139086239 0.8335975719880492 
0.8184167148614635 2.4364368722225693 0.7546943475946701 
