0.8993375341309096 1.3302805992327755 0.7900531494529102 
0.7602112700161896 2.3935309227905646 0.7981479248070035 
0.8760365888585079 1.9626955558942345 0.7104249794170285 
0.7758660627598404 2.630798882470856 0.717243419813182 
0.905579948361166 1.1472712600970707 0.777205905199616 
0.8066765602139029 2.275504707098073 0.7830037880225088 
0.7170500722892292 2.9552106394898137 0.7031174994890196 
0.7293856195451249 2.757043826162744 0.7009633874212151 
0.8616008772426654 1.3765235657751347 0.8868385254611203 
0.9013780095560611 1.4937375846231271 0.712200767702331 
0.9052695558009083 1.1909211630296996 0.720456574413578 
0.8930178135115836 1.5525481288505703 0.7281485146814118 
0.7724781829024336 2.3752010596528756 0.782777880518286 
0.7248116195504002 2.882033501213145 0.7340656012790566 
0.908188069604799 1.1264502941398964 0.7355688364020981 
0.8216673982775756 2.365698173058033 0.7023216151325811 
0.821115310322355 2.1758666024073343 0.7619599572402774 
0.902454340095134 1.2602350347975813 0.8241913838883892 
0.8506234023393657 2.2463631696233475 0.7476510579960337 
0.804517319929281 2.0943800442135894 0.8005989560753487 
0.8648531419637362 2.0863873249911786 0.7211265225491471 
0.8528042297358885 1.8550488196527555 0.8324456723086067 
0.809431791638396 2.325039156563372 0.7211776745443249 
0.7795676425901564 2.5518227713581028 0.7336228461083201 
0.8689152706942688 1.9502368718516148 0.7407426706052361 
0.7494661575729828 2.193305094329885 0.8331005744789993 
0.8953833963041989 1.3921103436136626 0.7637374659114702 
0.9013780095560611 1.2871611229067617 0.7433195827502324 
0.9190699934552811 1.2153556433592998 0.7004305215675146 
0.8979050515623875 1.1517005914131517 0.844401239063205 
0.8597975860766119 2.2518980020766493 0.7002226448530778 
0.8809599652392496 1.4286512658125092 0.8637311074834776 
0.8783201595014758 1.8471669513781328 0.7739804494282321 
0.7493234894015475 2.6948299494465267 0.737148790574453 
0.7600809669359313 2.601196842749612 0.7543464562462293 
0.8674085480780764 1.6043395094611284 0.8083252171601943 
0.7409109599108454 2.465726375049391 0.7578617335367243 
0.8472216353386037 1.309585137720528 0.9182302981048015 
0.7223913471417278 2.8303869925042586 0.7573349894325329 
0.8752040310500955 1.5793309374868179 0.7883461667940044 
0.8742836363417688 1.8698730908099555 0.7867487993987016 
0.8618115586357166 1.8096529609120475 0.8606948476711591 
0.7065271254272224 2.20437957651916 0.8265140095751489 
0.8857879538621167 1.5587499561020088 0.7652729882240569 
0.7980990441468465 2.4026598954832306 0.7637973146032216 
0.8544408284862794 2.140933851235343 0.7728386119418932 
0.7802201352019077 2.0160941262051653 0.8370322409014783 
0.8836860733127452 1.1381529410617195 0.889624773554381 
0.8685547217940522 2.1448019480522817 0.704322580090084 
0.7626402676631463 2.5996887181848938 0.7452583077889288 
0.7018786897212115 2.7212918951226266 0.7813189532921575 
0.7766784932891909 2.229119560325644 0.8128450009893926 
0.7653830471564687 2.742417023051852 0.7054427538176448 
0.8105440349973007 2.2563355480459624 0.7278405916255138 
0.8835593523534637 1.7142754095926604 0.7425529540839918 
0.8375604520331856 2.316769039634654 0.7143827862639427 
0.7579987672057247 2.1013353916166655 0.8511118555297812 
0.778407542493965 2.7107305642683523 0.706324016533947 
0.8805707758372531 1.8785772768574762 0.7572581976437743 
0.8433483668793964 2.1732161895984405 0.7670533612369914 
0.8680578361707176 1.441486532514364 0.8635327606932703 
0.9077316209366418 1.3161259578050553 0.7116953971075218 
0.7723450350996942 2.6072914630999375 0.7309083937240163 
0.854188694330435 1.330210938693094 0.9017658156210405 
0.7694739573586035 2.667848374537288 0.7066069731528701 
0.78818689598187 2.047630107461504 0.8164269942611525 
0.8820472241795406 1.350610910518872 0.8001810719529796 
0.766048362215912 2.18230607105322 0.8357336203421741 
0.8666802164920178 2.0096885455456985 0.7360271883326578 
0.7795676425901564 2.07165395688612 0.819822321131759 
0.893677407834449 1.5218791022733087 0.7188835258224976 
0.908188069604799 1.171628281979005 0.7353619592000056 
0.7199211750869985 2.9213088110722163 0.705903930659452 
0.7949138100588569 2.520529553426497 0.7281461187776894 
0.7923331356927709 2.223287053160133 0.7970952282078843 
0.8230962985185932 1.855394502447788 0.8305826903136007 
0.8647833838709612 1.537416783667354 0.8355171983871552 
0.8979050515623875 1.0783246433455271 0.8743847375335245 
0.8592461953572581 2.201152333452658 0.7515607558453694 
0.8738116551570791 1.552904604795989 0.8017736401143442 
0.7509370126928885 2.680113228779677 0.7373538943126571 
0.8060954267445478 2.486254442342411 0.7468257481872036 
0.7786659316986058 2.3146576312120275 0.7860751591054275 
0.8986639863698427 1.390937331761015 0.7898601809509863 
0.7719179576824914 2.4451836277515184 0.7654402523212436 
0.7888510641348778 2.6026231280810395 0.7245517785007621 
0.8064562741818005 2.3440566434705787 0.7093136519898093 
0.8390032451857197 2.173429894165815 0.7670065964256026 
0.8919407434739997 1.1571672620398854 0.8398439072173832 
0.8635793832569474 2.0090311833138466 0.814660842610197 
0.9116899241667884 1.1929698002676112 0.7038323770959055 
0.7795676425901564 2.161308120555109 0.8023221036672611 
0.88877566101314 1.541297943668756 0.775831984093624 
0.8560609863259471 2.2812014786737222 0.7114718233329523 
0.8804745942173664 1.516114253442984 0.7912337872087613 
0.7629250026457337 2.2671654246248396 0.8162318617956776 
0.8473883330879219 1.8774680261109022 0.8150185922009682 
0.8519854031879196 2.168221813626937 0.7520643219736605 
0.8635793832569474 2.0090311833138466 0.814660842610197 
0.7710874806499445 2.5130253330601104 0.7417489891525678 
0.7758660627598404 2.4794177172422205 0.7518030153327918 
0.888825746743379 1.4074391991965585 0.771502564365563 
0.9116306043787493 1.1672500301042694 0.7038650120106734 
0.8746986864416909 1.3420242604296473 0.9009072856069464 
0.8979050515623875 1.1018718048510725 0.8719559716801277 
