0.6999689909175976 0.6664186678354724 0.5001143552307886 
0.6181410826439875 0.6999895456228015 0.5034208670109316 
0.4499750567306189 0.6999782550188383 0.5347913100507506 
0.6980451900851861 0.6997100890336246 0.5717146597658666 
0.6999689909175976 0.674575400767649 0.4867308108257392 
0.6982832247706064 0.6996802896191611 0.6000834350057058 
0.69869209460783 0.6995326802101759 0.5569989389152977 
0.6995648811607429 0.6850310268204144 0.6179187061879294 
0.6968860072660039 0.6998387160290468 0.6173369925868031 
0.6890630285735893 0.6988525329410321 0.6301079440455832 
0.6993682770632061 0.6718157930317362 0.6476186321652891 
0.6999157483421032 0.6994979755891471 0.5107644371286286 
0.6994169365798644 0.6890294722604037 0.6187396028651716 
0.699836157249267 0.682981978473358 0.6213339774052362 
0.699944990853732 0.6954288353464597 0.574510860477238 
0.6999281160497262 0.6620615751126522 0.6168571485402738 
0.6999157483421032 0.6811919656900393 0.5761339568792997 
0.699853608004892 0.6963360071662054 0.5853155880140399 
0.6999157483421032 0.6985866030856529 0.5607609948858208 
0.6891251689108004 0.6988096942914052 0.6332752807895407 
0.6993584515566067 0.6598756026570435 0.6497315125439627 
0.6999933554952192 0.6522168287074277 0.5589668170182839 
0.699959739755449 0.6555172851799976 0.5992561694584179 
0.6997614267631971 0.6992223488748779 0.6032750420331043 
0.686051018995731 0.5602373536223162 0.6974420145388727 
0.6993584515566067 0.6754293996751686 0.6443423602682932 
0.6822494616038951 0.6671084130781451 0.6881606017091008 
0.6826296142550694 0.6999544640477456 0.6742001174587973 
0.6999157483421032 0.6733777684444381 0.5970042696604166 
0.6837737275225462 0.6997734012523423 0.655904419337804 
0.6986521808544461 0.6639183628703573 0.6603537531404959 
0.6977517716014799 0.6999273838137241 0.5757974018119996 
0.680231697421416 0.5983196071971943 0.6969013625192313 
0.6822494616038951 0.5872099780141191 0.6965117380450488 
0.679061996956264 0.6489035220630013 0.688372922872537 
0.6847387612863887 0.6216063373614895 0.6952391184065788 
0.6869693286122274 0.6997499820996397 0.6213559026151013 
0.6847387612863887 0.631401801253378 0.6874137818179498 
0.6896259469224435 0.6982152150803191 0.670937834753156 
0.6996191445268152 0.6355385200279338 0.6354399949225986 
0.6957523148688609 0.6969921011595548 0.6218408276721391 
0.6899987889457108 0.6098669017153797 0.6888929721762131 
0.6806703659759401 0.5934608706772404 0.6958183348416234 
0.6999281160497262 0.6620615751126522 0.6168571485402738 
0.699959739755449 0.6267329672513952 0.5993502820569798 
0.6999933554952192 0.6145425052942756 0.5682752765098521 
0.6933617086631146 0.6956006220403061 0.6817454490750013 
0.686051018995731 0.6707404770144952 0.6866580948704534 
0.6788280568632337 0.683930654065614 0.6947830575846273 
0.6899987889457108 0.5747452401584253 0.6897649264262199 
0.6999689909175976 0.6577662314637334 0.508004925397322 
0.6962056046791996 0.5526234731694301 0.6701653776572669 
0.6651225278728947 0.6999755431275362 0.6191287106409149 
0.6796505025027936 0.6983216350695607 0.6768355506246438 
0.6992439963887838 0.6879991385824914 0.6478678943335291 
0.699836157249267 0.6866273484967114 0.6118010060930762 
0.6964395138921378 0.5708017288058735 0.6659179637038214 
0.6893920377095055 0.6984832751580554 0.6278853252642199 
0.6869867793678524 0.6988122694817311 0.6426284999180727 
0.6939758014073194 0.6943663962794638 0.639144703635752 
0.6993682770632061 0.6948355572616489 0.635282550439161 
0.6974674829272421 0.690243296788125 0.6357130295208296 
0.6999933554952192 0.5939916922880147 0.5749248907275978 
0.6907664048759666 0.6935806404009675 0.6864290120311948 
0.6998828505165208 0.6991141947380942 0.5359958212082111 
0.6781554790957713 0.6993862672256219 0.6989800494683017 
0.6999933554952192 0.6408076654847575 0.5640938715934818 
0.6944262617178474 0.5996080034969087 0.6819773532177632 
0.6788280568632337 0.6964608548132886 0.6824783564889743 
0.6964395138921378 0.5717321572116598 0.6654427762039572 
0.5333347400108239 0.6984431800134552 0.6154052433964687 
0.5327690848024358 0.6999165282649692 0.6195310550124358 
0.6823116019411063 0.5737520453720337 0.6875657232857344 
0.6983695505397305 0.5274720114023773 0.657564425703046 
0.6822494616038951 0.5842910377304835 0.6964906755555051 
0.6993584515566067 0.6097271858750418 0.6424847529704281 
0.6999933554952192 0.5713675576704498 0.5715776500599836 
0.6354732608016502 0.6999602426472633 0.5588802120486003 
0.6267688532218625 0.6999666024989669 0.6093777774048317 
0.6999933554952192 0.6129362863974288 0.5456836624259013 
0.6992395152606873 0.605946553514263 0.649349516422977 
0.6899987889457108 0.593125661765825 0.6816574882204668 
0.6783821085608945 0.6054625390218389 0.689358451143474 
0.6962056046791996 0.5957984471756027 0.6563703422753422 
0.6950403235819598 0.5917823605396976 0.6573320189633118 
0.6992395152606873 0.6105069177764317 0.6480077882378542 
0.6992395152606873 0.6260980347451508 0.6401853852933501 
0.6999933554952192 0.5962948360224486 0.5495761017447286 
0.6798223022586127 0.6041949005037418 0.6884035616537266 
0.6926424685084908 0.6270635626059764 0.674644853477146 
0.6964395138921378 0.5957357573613545 0.6529234503058803 
0.6926424685084908 0.6108638639737741 0.6746517504453101 
0.6999933554952192 0.6061020794516221 0.5459638212712705 
0.6999281160497262 0.5943841225817001 0.6017242490144422 
0.6999933554952192 0.6337119499798801 0.5442102837891951 
0.6899987889457108 0.6314649719194897 0.6757758702693102 
0.6996278549799515 0.6533620096465556 0.5653613959898809 
0.6768724638980579 0.6252984327755318 0.6961808424155714 
0.6887413609456725 0.6291850270045973 0.6767747486912259 
0.6950403235819598 0.6541604565618748 0.6435445109297588 
0.6995229406845187 0.6501289239524555 0.5767861808477734 
0.6962056046791996 0.646498578939785 0.655806794981062 
0.699959739755449 0.6291385186750287 0.5879698286879733 
0.6899987889457108 0.6942055745406314 0.6244120502735448 
0.6987626045020778 0.6879317045900063 0.5421445142476473 
