0.8742449902899059 1.1637872069039175 0.7580024427829175 
0.7490651069003277 2.9668961232271154 0.7923765222878252 
0.8104600789173186 2.3762627025635368 0.7102709256247411 
0.8215568815969732 1.8681245743432586 0.7473516882308476 
0.8003519118654265 2.738381463070591 0.7179438422562038 
0.8678833068358167 1.5306879752381377 0.7022225264998677 
0.7349403073315699 1.923539196158355 0.8503459699206537 
0.8193979142689866 1.9585991780841154 0.763327206731337 
0.8678740199978319 1.2263542267771321 0.7578103228870153 
0.7930505147791612 2.9457219603146814 0.7502770118663603 
0.8772198829937208 1.3984012916854922 0.7066470794286188 
0.8176686422209339 1.7036835308599114 0.8087841315232658 
0.8141852864361365 2.1911142388821343 0.7527307464018135 
0.8001858164589172 2.648563250870607 0.7904925152354917 
0.8406095696420847 1.919077323222283 0.7001833162681594 
0.7674248569218814 1.8778304483797683 0.8526719207259928 
0.887689770135603 1.0765989263371942 0.7339066220892431 
0.8009246762236515 2.6129117333730454 0.7780167681566682 
0.8682653578689683 1.5209295205916058 0.7198910089936913 
0.8473017170524565 1.60774028744948 0.7628720587876817 
0.8077148873483484 2.396910829971111 0.7323851580231883 
0.8253743328005654 2.067744197280243 0.7315310572794687 
0.7453150125227821 3.0233470387837187 0.7594032437235566 
0.8169274962077879 2.1992949535407544 0.7091890984759059 
0.7922860813130388 3.01743135868688 0.7176826317575105 
0.8086407636792686 2.1133874971880244 0.7888042796691037 
0.866585754937748 1.3731959431275773 0.7388949299630133 
0.8015771938920812 2.399157111086846 0.7036892575695325 
0.7949970331588608 2.6799533778766724 0.7568257224040842 
0.8314545359045342 1.8491093719859808 0.7802188369779762 
0.8028802441194736 1.8434780396736767 0.8261421045884716 
0.8374279884467111 1.8366296178418302 0.735245942164444 
0.7889464277984781 3.0466226894717456 0.705926421551253 
0.7604003155782352 3.1030800225751283 0.7353469067860035 
0.856374784193401 1.6813037188040918 0.7174900768661222 
0.7992265089893678 2.7992678396807187 0.714249669101813 
0.7559404457308045 2.5727107527066524 0.8150577620897583 
0.8491852957194461 1.495835097529873 0.7955151946520234 
0.8678610802672311 1.4950883032419744 0.7349809126956316 
0.8592519138630323 1.0159358762635444 0.782626109915529 
0.8343333302804681 1.942201443164293 0.7186298772383513 
0.8572172451332923 1.3440648768071748 0.7821551495048423 
0.8241048893365295 1.3952796744084068 0.8099525576079193 
0.8377065963307226 1.9011047229184015 0.7088786231808938 
0.8804289529095861 1.2651678898452112 0.7323068040357926 
0.7565573965830893 2.0809832213445403 0.8170230147837808 
0.8603137380689315 1.5617481196691938 0.7489772076057155 
0.7934138381294551 2.9101484304083636 0.7826733357007816 
0.7068286096665 1.689342442461007 0.8653532107737313 
0.7954771345721983 2.0973037859926196 0.8047495777035877 
0.8595214457152609 1.6061854955963384 0.7124417180198829 
0.81513442810144 2.3134630732591694 0.7030202525321153 
0.7345659159057798 3.025466655543595 0.737926467175161 
0.8135400100300935 2.2244472209292687 0.7199368329650659 
0.8253743328005654 1.596993507205122 0.8090957318830753 
0.8196190291338717 1.8896537986486148 0.7646573052110059 
0.8164292012820131 2.2550955465687212 0.7057632995906961 
0.8010895893169303 2.9426773915287887 0.7064138690554668 
0.8554246088679779 1.7959292056750848 0.7142539750532826 
0.8139480072839802 2.1893867291102755 0.7541620325995765 
0.83500973153784 1.8869584096497896 0.7216289074468819 
0.8715281439977167 1.355284149034591 0.7375649581321297 
0.7846107064144224 3.151370813512941 0.730524333569694 
0.8374279884467111 1.8279477519182878 0.7386908764152691 
0.7777194830660689 2.741973170707332 0.8025896105144942 
0.7739968485209427 2.9590952804383557 0.778089318133478 
0.7946809150722135 2.84862358641792 0.722483965341641 
0.8675892349018874 1.435885707703737 0.7370053420756622 
0.8245160807567522 2.0700605491393937 0.7122237478916 
0.8131068753506945 2.3452009941659324 0.7279844233044095 
0.8672501365637856 1.5202556232644073 0.7199525050214917 
0.8535630960767291 1.2670837476758334 0.7950088479844082 
0.8167360901020011 2.1692580685760974 0.7261161794304603 
0.8518665751954902 1.4891115372078605 0.7958961798046342 
0.8764571100433615 1.4056249759019337 0.7134942095964878 
0.8014274022836829 2.123914086239758 0.7879474186985203 
0.8312588808307191 1.7239376553278214 0.7933153798477024 
0.8371195255489079 1.70396779286854 0.7426183106619357 
0.7708524067837058 2.0002652873518634 0.8202821760532562 
0.8598984995526581 1.4739759153230367 0.7647553436572898 
0.8351758269443493 1.9194386857077845 0.7083434331395246 
0.7365116300101396 3.0975760186558037 0.7375852956648087 
0.762821591256693 1.7412201350081697 0.8535850173892456 
0.8580239691939452 1.8651200512620774 0.7112230389971957 
0.7839987555866391 2.8848139770963854 0.7989892274824408 
0.8191286024312892 1.6017013847538564 0.8286802075781381 
0.8028802441194736 1.694229049908891 0.8262688997278604 
0.7923687526222727 1.9212267446471025 0.8064772026589042 
0.849159986541033 1.8277780440674118 0.7416507573741862 
0.7229576099209648 1.942158368540965 0.8487610955292395 
0.8696862197994025 1.4269873735615475 0.7283729882657382 
0.8154264096800699 2.301973222964417 0.7099433409498748 
0.7940877171918228 2.9128001310564233 0.757295555825905 
0.8532783610941415 1.3620423446916956 0.7807345918827986 
0.8454480739029495 1.561026593360558 0.7726800733548264 
0.8222369843812146 1.5357024436262363 0.8135110111569964 
0.8844390457510622 1.2224340015548782 0.7333094457827986 
0.866585754937748 1.561910647253217 0.7174217701033813 
0.8341950653322376 1.5041368898617078 0.7760363962281284 
0.7674248569218813 1.8792662303694403 0.8296154227883932 
0.7800892808747232 1.8698004046966583 0.8205690217041173 
0.7910576152435158 2.3853673676364533 0.8011701544831241 
0.8530410819419852 1.3864459892278684 0.7808467632576148 
0.8339873906270884 1.6423365417599765 0.7457570226627314 
0.8387330237835705 1.8193182200022813 0.7419120266097596 
