0.6931255996919137 0.6609107696226645 0.6946994483892341 
0.6880153329798778 0.6997139245203075 0.5241971021578742 
0.6903585915684803 0.6963215755456958 0.6939564318861098 
0.6928401379169609 0.6980165104291656 0.6083424731623629 
0.6922032868409326 0.6963211217236616 0.6884563527345946 
0.6907539016334199 0.6980169651587983 0.6070021203965847 
0.6983082498278683 0.651037780781041 0.613481022358236 
0.6930679536893423 0.6381160266015118 0.6950185679871497 
0.6962439739262594 0.6980165104291655 0.6122614377980359 
0.6983192532089977 0.6065885721180325 0.6135478658996198 
0.6930679536893423 0.6843515371706612 0.6949992898459841 
0.6984317769762359 0.617473639012088 0.6134900401166993 
0.6983164849710929 0.6860212791787679 0.6100528003432276 
0.6929910923525802 0.6963211217236613 0.694967311547478 
0.6903585915684803 0.6963215755456958 0.6939564318861098 
0.6880153329798778 0.6997139245203075 0.5241971021578742 
0.6993520272979565 0.6980160556997763 0.6045879781222231 
0.6930679536893423 0.6381160266015118 0.6950185679871497 
0.6993520272979565 0.6980160556997763 0.6045879781222231 
0.6931255996919137 0.6609107696226645 0.6946994483892341 
0.6999668948018894 0.6860226241624852 0.605716037613254 
0.6929910923525802 0.6963211217236613 0.694967311547478 
0.6930679536893423 0.6843515371706612 0.6949992898459841 
0.6931063843577232 0.6963211217236613 0.6949573934846343 
0.6983164849710928 0.6860212791787679 0.6101299713245694 
0.6999668948018894 0.6997139245203075 0.5230115963202354 
0.6993520272979565 0.6980160556997763 0.6045879781222231 
0.6929910923525802 0.6963211217236613 0.694967311547478 
0.6999668948018894 0.6860226241624852 0.605716037613254 
0.6999861101360799 0.6396965869234749 0.6057239009283171 
0.6982539850111926 0.6980160556997763 0.6049731068959476 
0.6929910923525802 0.6963211217236613 0.694967311547478 
0.6993520272979565 0.6980160556997763 0.6045879781222231 
0.6929910923525802 0.6963211217236613 0.694967311547478 
0.6999668948018894 0.6860226241624852 0.605716037613254 
0.6929910923525802 0.6963211217236613 0.694967311547478 
0.6999151381294497 0.6997162027188705 0.5214749443662668 
0.6999861101360799 0.639696162893854 0.6057314738386603 
0.6988194880361052 0.6980165104291656 0.6043993842871772 
0.6929910923525802 0.6963211217236613 0.694967311547478 
0.6999861101360799 0.6860221758343409 0.6057071510258909 
0.6929910923525802 0.6963211217236613 0.694967311547478 
0.6999861101360799 0.6997143801595316 0.5229471149399282 
0.6998516027967464 0.6980156009706305 0.6056049621559056 
0.6999668948018894 0.6860226241624852 0.605716037613254 
0.6993520272979565 0.6980160556997763 0.6045879781222231 
0.6929910923525802 0.6963211217236613 0.694967311547478 
0.6973200326409279 0.6980156009706305 0.6121197466762287 
0.6999861101360799 0.6396965869234749 0.6057239009283171 
0.6976055407962074 0.6980160556997761 0.606562567517718 
0.6983164849710928 0.6860212791787679 0.6101299713245694 
0.6993520272979565 0.6980160556997763 0.6045879781222231 
0.6999668948018894 0.6860226241624852 0.605716037613254 
0.6983192532089977 0.6860217275064353 0.6095993438246579 
0.6993520272979565 0.6980160556997763 0.6045879781222231 
0.6999668948018894 0.6860226241624852 0.605716037613254 
0.6999151381294497 0.6997162027188705 0.5214749443662668 
0.6999861101360799 0.6860226241624852 0.6056983211351862 
0.6982539850111926 0.6980160556997763 0.6049731068959476 
0.6993520272979565 0.6980160556997763 0.6045879781222231 
0.6999668948018894 0.6860226241624852 0.605716037613254 
0.6988194880361052 0.6980165104291656 0.6043993842871772 
0.6999861101360799 0.6860221758343409 0.6057071510258909 
0.6993520272979565 0.6980160556997763 0.6045879781222231 
0.6999861101360799 0.6396965869234749 0.6057239009283171 
0.6999668948018894 0.6860226241624852 0.605716037613254 
0.6982539850111926 0.6980160556997763 0.6049731068959476 
0.6983192300188343 0.6980156009706303 0.6097490694485002 
0.6999668948018894 0.6860226241624852 0.605716037613254 
0.6999668948018894 0.6860226241624852 0.605716037613254 
0.6976055407962074 0.6980160556997761 0.606562567517718 
0.6999919994662117 0.6997162027188705 0.5214190074411397 
0.6999861101360799 0.6396965869234749 0.6057239009283171 
0.6993520272979565 0.6980160556997763 0.6045879781222231 
0.6999861101360799 0.6860217275064351 0.6057134744474131 
0.6993520272979565 0.6980160556997763 0.6045879781222231 
0.6983933463078549 0.674196544294526 0.6134536180650957 
0.6993520272979565 0.6980160556997763 0.6045879781222231 
0.6999861101360799 0.6396965869234749 0.6057239009283171 
0.6983082498278683 0.6980156009706303 0.6134652163048105 
0.6999861101360799 0.6396965869234749 0.6057239009283171 
0.6993520272979565 0.6980160556997763 0.6045879781222231 
0.6999919994662117 0.6526455409243604 0.5214370072666193 
0.699415163396011 0.6997152914387125 0.5235738259499055 
0.6999668948018894 0.6860226241624852 0.605716037613254 
0.6971882703493357 0.6980160556997763 0.6125819313448894 
0.6999668948018894 0.6860226241624852 0.605716037613254 
0.6993520272979565 0.6980160556997763 0.6045879781222231 
0.6999668948018894 0.6860226241624852 0.605716037613254 
0.6999668948018894 0.6860226241624852 0.605716037613254 
0.6976055407962074 0.6980160556997761 0.606562567517718 
0.6999668948018894 0.6860226241624852 0.605716037613254 
0.6993520272979565 0.6980160556997763 0.6045879781222231 
0.6999861101360799 0.6860221758343409 0.6057071510258909 
0.6993520272979565 0.6980160556997763 0.6045879781222231 
0.6999861101360799 0.6860221758343409 0.6057071510258909 
0.6993520272979565 0.6980160556997763 0.6045879781222231 
0.6999668948018894 0.6860226241624852 0.605716037613254 
0.6976055407962074 0.6980160556997761 0.606562567517718 
0.6999668948018894 0.6860226241624852 0.605716037613254 
0.6993520272979565 0.6980160556997763 0.6045879781222231 
0.6976055407962074 0.6980160556997761 0.606562567517718 
0.699415163396011 0.6997152914387125 0.5235738259499055 
0.6983082498278683 0.6980156009706303 0.6134652163048105 
0.6988194880361052 0.6980165104291656 0.6043993842871772 
