0.8059200852431619 1.5314646205734324 0.8440230314881964 
0.8819576640883784 1.5481288643673212 0.7163934115879252 
0.8723805979918114 1.8290857362747408 0.7094327738977084 
0.8813038222232763 1.543719012318595 0.7392097975723392 
0.8631314489762643 1.8576398895606339 0.7194515580444591 
0.8684521373644282 1.4788180656770278 0.8258161576963801 
0.8833098576783796 1.6248618278140852 0.7015499342797795 
0.8201692428736508 2.0165156921181224 0.7068497148340284 
0.7920485259935757 2.2008081857570443 0.7011391801576098 
0.856232833250784 1.2833777266674489 0.8346204223049845 
0.898400229408318 1.0792545265757691 0.7397695344579017 
0.8872121232253241 1.398326376374814 0.7396807549884771 
0.8357539613671405 1.715613023732484 0.7940926631572316 
0.8847104357395584 1.3305174445337153 0.7661154155845328 
0.7275736031407871 2.194937018624806 0.7172853545696098 
0.8582521499244679 1.7410715864849176 0.7710580757924428 
0.8390742087103076 1.5682569447232575 0.8184847263162801 
0.8779684969684128 1.6054006129550535 0.7200557711959725 
0.8665248085196867 1.6954690604080356 0.746424941460299 
0.8610644220306909 1.5985154856893697 0.7905943612304237 
0.8540973208813778 1.4638267700025283 0.8518645091307947 
0.889659575968279 1.083975215953456 0.7702106828304346 
0.826254000206226 1.8343047201973726 0.7616578525790025 
0.787593630887319 1.9725133234992314 0.7445244489462999 
0.8743876543801399 1.234772493958065 0.8089811688887593 
0.8859070878884646 1.2373896398602908 0.784850689685783 
0.8511845663263695 1.862049394706304 0.7366350295139078 
0.809621665073478 2.071654957108905 0.721558601967595 
0.7717494381632577 1.7643621408900538 0.7858965571078241 
0.8803547056146512 1.375325249722478 0.7839560979525396 
0.8764071213938944 1.607526195623092 0.7648570879232215 
0.8908664910439644 1.1960625503783864 0.7588863035092293 
0.8418061605729696 1.9820409676103194 0.727664123449209 
0.8563752007420778 1.0675693076859507 0.8355034879171355 
0.8623486532842548 1.9000375308359025 0.7058380380496837 
0.7214517509017986 2.067644188365202 0.7231020297524847 
0.8945025475651758 1.3642015358158064 0.7569797361183974 
0.8868799324123053 1.5043331582453083 0.7085715346903814 
0.8886719014974286 1.1468292680088128 0.7700655548892853 
0.8344251981150654 1.7447265878472316 0.7754327490989007 
0.8797322169423888 1.5532836229254254 0.7471604198985654 
0.8877818370092545 1.2772523451008764 0.7573735593619907 
0.8846528104610327 1.5666727623581198 0.704342635002026 
0.8624196115197954 1.8844032187615531 0.7193123109230002 
0.8375169484057469 1.925484656350047 0.7301641643162258 
0.8697310510190733 1.3377140164378019 0.8111863511667626 
0.7214517509017986 2.067644188365202 0.7231020297524847 
0.8165580278443423 2.2005911953959307 0.7159281710737802 
0.8668062387564502 1.5573975725665001 0.8077536904662402 
0.8570008240524623 1.7848344404826497 0.7388373949468535 
0.8299642999411709 1.8842822953765657 0.7509058313743091 
0.8775193924763054 1.3600271924196987 0.8006728118224272 
0.887947713653687 1.4176456650387221 0.7391408480353105 
0.8710984196245113 1.7430920886880785 0.7435455827294714 
0.8555387666740486 1.596702009600116 0.8166905307009574 
0.8735097215171617 1.7311007421260718 0.7221285785999861 
0.8618652642258967 1.2773161393163226 0.8278348912551501 
0.8844716215211268 1.2987864696677072 0.784028194389294 
0.8546667908465528 1.4671280036936445 0.8338268282143426 
0.86753309457628 1.6321310136558365 0.7756930664824929 
0.8599135759852511 1.725297135657572 0.7715679374582117 
0.8713326852961281 1.2581728164025772 0.81137432199617 
0.8792755217886484 1.3269967475100997 0.7841859481905024 
0.8705377750797261 1.502459937773388 0.8092785664529194 
0.8592343815130072 1.2883758624441588 0.8269870227238945 
0.8728394329689988 1.1989493330611236 0.8113995232905494 
0.8332599307600262 1.5537121105320701 0.8191826087167586 
0.8883960895397254 1.4692076838985924 0.7378978123156983 
0.8466704333055299 1.4738632883707798 0.8326410149691824 
0.8799251486377115 1.6286528604144803 0.7140482919249028 
0.8541922074855618 1.6379272098263387 0.7985572239020694 
0.807652248110581 1.9638507753046635 0.7287056276884343 
0.8856907183353651 1.3761213117071782 0.7504565681685713 
0.8427062906386759 1.8130882016800312 0.7494673674102211 
0.8886719014974286 1.1874913154104259 0.7700600476814554 
0.8323133886041962 1.9073441731764817 0.7339755512215892 
0.8367747337171019 1.7739054081327341 0.7606625636390848 
0.8628879161896854 1.7031229183754908 0.7439880434407721 
0.8714329844368974 1.788805514857613 0.7208166758020284 
0.8374861242345597 1.658176525740828 0.7860306189260182 
0.8390536973512785 1.7417862939697433 0.76350657297051 
0.8787832256171562 1.5177919874113563 0.7821908400386405 
0.8851240416296706 1.2749804225620736 0.7864508789900478 
0.8775852063866926 1.6111517891747527 0.7473913152298349 
0.8361734961318757 1.8256367326630496 0.7630828104340845 
0.8713326852961281 1.1730899393377587 0.812385830660918 
0.807652248110581 1.9638507753046635 0.7287056276884343 
0.8841837200957097 1.4543318112087276 0.7670601154680537 
0.8361098800953749 1.7416299621047218 0.7675051223761308 
0.8684468000424866 1.647065102580731 0.7745805213996285 
0.8485119869873228 1.5257876893436961 0.8204870698035742 
0.8833033934657328 1.419041189861792 0.7833877751172953 
0.8402207216834594 1.9068959243277597 0.7347068174857097 
0.8402860182300036 1.4903907451370608 0.8480207384045294 
0.8799963574400369 1.612840900581149 0.7142426197437739 
0.8555387666740486 1.6228037532727972 0.7995989696426943 
0.8585993961946026 1.505108697020756 0.8203911981816324 
0.8794803253974539 1.5609854447392624 0.7481573123844398 
0.8764549911507832 1.5041441269233087 0.7833632858973298 
0.8667116658520099 1.7845049982020627 0.7406102320183792 
0.8776330291330764 1.6760419367282342 0.7284725990654018 
0.8344251981150654 1.8428548585582074 0.7604773506315327 
0.851012558664079 1.5192383141543222 0.8231026924668615 
0.8782138228661415 1.560846265053458 0.7484773178061909 
0.8512320221568007 1.897956834315092 0.7329964630079975 
