0.7841022578254351 1.0606652325743882 0.7177557953489218 
0.8041350385108965 0.8863585650586876 0.7062836453923305 
0.7532555737948379 0.9332875523546443 0.7565079316463857 
0.7213447991002899 1.3004795068249613 0.7072781966869301 
0.7313827192362417 1.051606350032376 0.7537304026112549 
0.7989787928046695 0.9276351522518618 0.7046829476562201 
0.7418439850326299 1.0028740571907706 0.7696792553366296 
0.7313827192362417 1.1106984785284193 0.7423263131251381 
0.7507845506821124 0.9511794495656327 0.7555048290493903 
0.7252925690502697 1.3589583098975802 0.700556146025213 
0.77245529498948 1.1295950682782336 0.7044827969239169 
0.7456389416746702 1.2784226237396736 0.7062799905172485 
0.7418439850326299 1.0375029520261767 0.7532593669017092 
0.7208476764026004 1.3032016331325025 0.7156144952004971 
0.753197057891488 0.8258747335229206 0.7583093148711826 
0.7171651790146731 1.1257778090658674 0.7473045672910491 
0.7570440340975875 1.163262992838262 0.7258225035490186 
0.7413251590247261 1.0215516538652603 0.7658903210008556 
0.7405134507535196 1.0965758189642494 0.7517461162535737 
0.7744798982252983 1.0964212318074853 0.70853426783361 
0.7612947672739684 0.805240227856985 0.752353021499898 
0.7247954463525802 1.2777752362913146 0.7180863199246743 
0.7359954209466861 1.0747869502632958 0.7532475654327349 
0.7327270067584416 1.1732473567020334 0.7379168145177329 
0.7775883966181738 0.9911405057998388 0.7511508398952458 
0.7276319699805734 1.1692400664835516 0.740206208542338 
0.755528221256797 1.2055497442252412 0.731721881399049 
0.7264745738839984 1.1971123717580203 0.7324808004027842 
0.7492760023542562 1.0815088544343276 0.7517670473860755 
0.7902918515527291 1.1007204486892082 0.7055212647207727 
0.7587401306521498 1.1471927381239382 0.7258945548147793 
0.7461502802490608 1.2750330872615518 0.7173438344365156 
0.7652928638435615 1.115918201803546 0.7257470700363423 
0.778535710975203 1.1243777841495664 0.7031843966321014 
0.7472614648108629 1.1308323541917868 0.7348986267122407 
0.777433078603725 1.0918071524679762 0.7416456686314711 
0.7345040528536174 1.1125240756455381 0.7373130680033368 
0.7170168764991358 1.2032707154719144 0.7337410972309546 
0.7670629426738282 1.2673260848365204 0.7153568725660997 
0.7799419486144152 1.075569526259064 0.7322927914579667 
0.7480477859857544 1.2347797054620855 0.7193867590757097 
0.8098450209277837 0.8846787268159773 0.7016644252358899 
0.8041350385108965 0.889098300967177 0.7062782208324205 
0.7200580977085306 1.3788706460586353 0.7254345722149276 
0.7626052282064262 1.1334880432861836 0.7230614617989229 
0.7049901079096053 1.1005099399759706 0.7504709625569441 
0.7630200754600673 1.1475511953522823 0.7224281071981897 
0.7934814558276803 1.0154678817951075 0.7299165212816564 
0.7266669979769154 1.1851681635147762 0.7385254343064113 
0.7828795112628849 1.0073588550047887 0.7363415548174786 
0.7481819980272417 1.0177665580342943 0.7415755376155788 
0.7210446173549219 1.0879119755162419 0.7472052455311192 
0.7252048415153833 1.223116892971777 0.7136925038919126 
0.7612947672739684 0.8357586204197445 0.744280769553897 
0.7135369632551174 0.9709178231951817 0.7667337974481455 
0.7515594772402754 0.8556505323109099 0.7540827828952283 
0.7211616702414956 0.8392947826654332 0.7639964878457507 
0.717981879382886 1.1946572708834382 0.7246080445287868 
0.718793026799563 1.0315026982061246 0.753351720755221 
0.7073940709528022 1.0111259400118617 0.7553544758055921 
0.7113138276275004 1.3202257706453788 0.7001377975162388 
0.7354833138320677 1.2307328443547165 0.7131282780530876 
0.7341659361285646 1.1393895174645494 0.7273474721196977 
0.7062768093013646 1.1887874910588214 0.7305958087864001 
0.793460795175126 0.9923235442729926 0.7120010258085562 
0.7005138994833697 1.3517738804461965 0.7112285006047289 
0.7285927536646789 0.8693329463086296 0.7622075475046519 
0.7108724344138861 1.2951950176368094 0.707773325920882 
0.7360097716816629 0.9180052847119385 0.7573357150903635 
0.7140360115607346 1.1450464207478288 0.7398564134191584 
0.7163989758046583 0.944254068384433 0.7608368247531001 
0.7670629426738282 1.2663190648063805 0.7102766745260218 
0.780809392137256 0.9120226426106479 0.7186485033282309 
0.7132001868439755 1.269047602702377 0.7010880046921368 
0.7605058128263447 1.1184890141307204 0.7170130881036456 
0.7287120001422356 1.09304138331096 0.739148808146497 
0.7228507884491728 1.188816247494107 0.7175616619594378 
0.741261655314597 1.1644519470295092 0.7240649046946462 
0.7213956103345258 0.9031436070478119 0.7577289344508464 
0.7303659978173975 0.8511984105930168 0.7589058680900056 
0.7583736050644989 0.993703345736245 0.7386821661650453 
0.7612947672739684 0.9282504188924633 0.7351817097366196 
0.7593026211692566 1.1250704313055828 0.7191365106562299 
0.7150575738598148 1.1285257857581044 0.7328346190597005 
0.7437708218069247 1.0517598808138753 0.7280742013487551 
0.7633709855996129 1.0495013564645468 0.725410311873411 
0.7432947449951515 1.2671409412381582 0.7062648117394079 
0.7592898490143036 0.9909905882170539 0.7341601695677283 
0.7246441984044759 1.0639355519563938 0.7514287319892481 
0.7190108500764795 1.1892554032775489 0.7291207375834253 
0.7208476764026004 1.2619693205637441 0.7179582879508385 
0.7783169812805524 1.041895780617314 0.722228433067575 
0.7770171940620508 1.002918626030857 0.7291053471627085 
0.7380570488966085 1.0874344301994743 0.7402821714505254 
0.7101658440654179 1.0986529848929512 0.7471469130629703 
0.7246130160339908 1.172936625311552 0.7310258706350141 
0.7413981057030823 1.1441105845474002 0.7273102074155698 
0.7417088482070056 0.9031058969652439 0.7429379698644398 
0.7839779771510127 1.0361861237916246 0.7177109251878977 
0.7221343777943596 1.198410120819574 0.7216042903272377 
0.7230917068890883 0.8963157826400608 0.7589683540254567 
0.7442348957373747 1.18638047926486 0.7205701240423035 
0.7407620121023644 1.0570140230154754 0.738138024070581 
0.7720434040386658 1.0715045107005217 0.7066230732428225 
0.7210446173549219 1.1809095919215442 0.7283242538718996 
