0.7979644630353346 1.254914319399162 0.8211900496206302 
0.7936492247955312 1.346699990174205 0.7356612207268953 
0.7983103622409272 1.192773372321605 0.8213490074194463 
0.8310313081294604 1.1733005524202311 0.7378767283917574 
0.8537904989542484 0.8655951580410167 0.736394613272109 
0.7984832770584784 1.0964793873317253 0.8230627322650833 
0.8326591214401706 0.865235810420495 0.8262397779151857 
0.8328108445734854 1.1710106342063977 0.7264348759523692 
0.7979644630353346 1.1312863800931283 0.9083391130808294 
0.8326591214401706 1.0233390142022896 0.8224664200987594 
0.8321403074170269 1.2769536424272736 0.734539469323015 
0.7984832770584784 1.2159890390635393 0.735682068922535 
0.8535462128954181 0.9414630613756861 0.7362903459346549 
0.7983927136731722 1.1755945599191535 0.7374001121168726 
0.852162685643538 1.0765780750558167 0.7352880956320001 
0.8326591214401706 1.0257521992990355 0.7385199824119935 
0.8326591214401706 0.8799255012001704 0.826233491062874 
0.7979644630353346 1.3700002401900733 0.7354565132340052 
0.8310313081294604 1.0582314371898978 0.8252717411670496 
0.8310313081294604 1.2988821546736458 0.7341326252021327 
0.8535462128954181 1.0067491237026316 0.7359351137343217 
0.8324862066226194 0.9410738954355645 0.8261661802480639 
0.8321403074170269 1.150964749998028 0.8222424718388417 
0.7968554637477681 1.1504870736340997 0.907904544107373 
0.7968554637477681 1.2549135174824633 0.8222793308706007 
0.7983103622409272 1.0402068030224996 0.9086894575609863 
0.8325630679593814 1.0969347565338687 0.7384702494240241 
0.7984832770584784 0.9565914759686206 0.9088496505690429 
0.8326591214401706 0.865235810420495 0.8262397779151857 
0.8324862066226194 0.956987493665429 0.8260668537893816 
0.7984832770584784 1.0964793873317253 0.8230627322650833 
0.8324148353813404 1.1155187941586127 0.7384153687495432 
0.8535462128954181 0.9414630613756861 0.7362903459346549 
0.7979644630353346 1.254914319399162 0.8211900496206302 
0.7968554637477681 1.1504870736340997 0.907904544107373 
0.8326591214401706 0.8799255012001704 0.826233491062874 
0.8327003203464565 0.9919432598074234 0.7386490131672308 
0.8324862066226194 1.2136091012008563 0.7346958877187189 
0.8322171687537889 1.112887139806099 0.8223872350990127 
0.8532716849311046 1.0586690039826605 0.735701706696576 
0.8322171687537889 1.2554395195631922 0.734569859794266 
0.8325630679593814 1.0761335426809913 0.822535304885243 
0.7970091864212923 1.3014490913802055 0.7369489348700995 
0.8310313081294604 1.2988821546736458 0.7341326252021327 
0.8537904989542484 0.8655951580410167 0.736394613272109 
0.7985244759647643 0.9892012009049055 0.9085854395697227 
0.7968554637477681 1.2764183761361545 0.8207616581939599 
0.8326591214401706 1.0257521992990355 0.7385199824119935 
0.7979644630353346 1.2338127344336558 0.821297429469147 
0.7979644630353346 1.1312863800931283 0.9083391130808294 
0.7984832770584784 1.005917108635519 0.9085662710749132 
0.8321403074170269 1.0406360819784433 0.8256998788933768 
0.7982389909996481 1.257911108578511 0.7374410299586287 
0.7983927136731722 1.1755945599191535 0.7374001121168726 
0.7985244759647643 0.9727615880523027 0.9086847037529451 
0.8326591214401706 0.8948484063946737 0.8261334337253756 
0.8537904989542484 0.9414624669090929 0.7359245780802252 
0.8535462128954181 1.0067491237026316 0.7359351137343217 
0.8321403074170269 1.1536921735274461 0.7382957651095653 
0.8326591214401706 0.8799255012001704 0.826233491062874 
0.8326591214401706 0.865235810420495 0.8262397779151857 
0.7982389909996481 1.192773372321605 0.8214113387898446 
0.8322171687537889 1.2554395195631922 0.734569859794266 
0.8322171687537889 1.131755563708487 0.8222734657704048 
0.7984832770584784 1.0602895097809808 0.8232606028140316 
0.7980413243720967 1.1124255203642215 0.9083709375975957 
0.8532716849311046 1.0586690039826605 0.735701706696576 
0.7984832770584784 1.1956056419497296 0.7373890181170337 
0.7979644630353346 1.254914319399162 0.8211900496206302 
0.8326591214401706 1.00633271248303 0.8225773349638825 
0.8310313081294604 1.2988821546736458 0.7341326252021327 
0.7983103622409272 1.3014507620952322 0.7356151973598096 
0.8324148353813404 1.1155187941586127 0.7384153687495432 
0.8537904989542484 0.8952192557716867 0.7362746908287633 
0.8326591214401706 1.0257521992990355 0.7385199824119935 
0.8310313081294604 1.0582314371898978 0.8252717411670496 
0.7983872235776892 1.0577947242071588 0.9085685020260423 
0.7968554637477681 1.2764183761361545 0.8207616581939599 
0.7983927136731722 1.1755945599191535 0.7374001121168726 
0.7968554637477681 1.2764183761361545 0.8207616581939599 
0.8325630679593814 1.0582321053151371 0.8225956702890085 
0.7984832770584784 1.0964793873317253 0.8230627322650833 
0.8310313081294604 1.0582314371898978 0.8252717411670496 
0.7979644630353346 1.23381194745547 0.822835911929946 
0.7979644630353346 1.254914319399162 0.8211900496206302 
0.7983872235776892 1.2367536613113108 0.737490469397406 
0.8327003203464565 0.9919432598074234 0.7386490131672308 
0.8310313081294604 1.1705232709500886 0.8218245650005153 
0.8321403074170269 1.1536921735274461 0.7382957651095653 
0.8326591214401706 0.865235810420495 0.8262397779151857 
0.8532716849311046 1.0586690039826605 0.735701706696576 
0.7984832770584784 0.9892012009049055 0.9086655367401245 
0.7982389909996481 1.0938962429705126 0.9084606956419621 
0.8310313081294604 1.2988821546736458 0.7341326252021327 
0.7983103622409272 1.2794726345059173 0.7373216968260615 
0.8326591214401706 1.0257521992990355 0.7385199824119935 
0.8325630679593814 1.0969347565338687 0.7384702494240241 
0.8321403074170269 1.2769536424272736 0.734539469323015 
0.7968554637477681 1.1504870736340997 0.907904544107373 
0.8536175841366971 0.9414630613756861 0.7362710005968754 
0.8537904989542484 0.8802905317570632 0.7362810543496932 
0.8326591214401706 0.8799255012001704 0.826233491062874 
0.8326591214401706 0.9254164335634772 0.8259260335211264 
0.8310313081294604 1.2988821546736458 0.7341326252021327 
0.8326591214401706 0.8799255012001704 0.826233491062874 
