0.3113809414846884 0.6999952286958234 0.11552980163093392 
0.39778449258481163 0.6996512490005589 0.17283985793667195 
0.47989908901098866 0.6970708973548342 0.17040822900337407 
0.49305178277572914 0.6965801276345246 0.17018532861174157 
0.4658761834709666 0.69912897913489 0.171864054518807 
0.4985000200897841 0.6977738624445357 0.16368630613130067 
0.531662396706537 0.4137119666952325 0.16616003800852575 
0.33849686099604614 0.6695266639279026 0.1819464183701781 
0.4335366129060726 0.6997109939767497 0.15606861279728196 
0.4352651475025636 0.6494048666367201 0.18097806223222465 
0.4858904989929701 0.5796209968573794 0.1822077036634291 
0.5232285332232445 0.6991452851542466 0.15864336445105803 
0.5153417889765199 0.6741488753138414 0.17854827344841384 
0.4799232296504705 0.699419709887325 0.17024059943843725 
0.50298424088584 0.6969675445578597 0.16590057844108277 
0.4581769024094281 0.6995644335391838 0.1619189278904349 
0.4968354390902251 0.6814433644657096 0.1753615967520191 
0.476143552988906 0.6989145563074796 0.1703434499680356 
0.4699576655807026 0.6973833741832215 0.17748322869667582 
0.31622701949654275 0.6897744835307793 0.18433000249980563 
0.41228495994668846 0.6996038818869095 0.16603065476730078 
0.34557105370458285 0.6866811809321092 0.18121134210997106 
0.4993941394640118 0.6881566428211703 0.1695135906293164 
0.3388404263174556 0.6999384538136301 0.16752044931558063 
0.4177851397433733 0.687464487634776 0.1810372923525106 
0.4330617168105175 0.6999894015806872 0.16457875646538184 
0.5224544681726622 0.6885342470857224 0.16504067883899667 
0.4740086645893973 0.6980118519505589 0.1703496887027991 
0.3073726797274885 0.698695532685807 0.178232817100495 
0.49488039262840156 0.6961689717432271 0.1753491946327075 
0.34556265012421294 0.5993431303725762 0.18656957791967085 
0.35945595464074476 0.6456145867915596 0.18515866318786328 
0.22687524591857855 0.68696599024226 0.18466424739756962 
0.3701347133953491 0.6983597078880039 0.17976659426837838 
0.337818007030637 0.6867376635218089 0.18779389971606844 
0.16071054741203272 0.6999996498613484 0.16212000675967536 
0.45698923658427426 0.6428850101802642 0.1801240464979339 
0.4395527777033158 0.5954192181739021 0.19225292266956437 
0.4271997328467677 0.6529382962705885 0.18342106939140768 
0.4078585230164612 0.6988176015854242 0.1713934100197415 
0.5235529929950091 0.3929726528954531 0.16499009330924957 
0.47192654433061354 0.5351397051504282 0.18187771061210042 
0.5040854363501535 0.6955385087545343 0.1477461416935958 
0.5039117432909637 0.6977556658647758 0.15394421104775222 
0.5145637952785249 0.6254735877602658 0.1662320217636577 
0.5019928440469175 0.5386429755044186 0.1718253587688341 
0.5006253291980021 0.5396804232660435 0.1750361001017568 
0.5037867613435939 0.43499869253086476 0.1711424383024877 
0.5077490178379755 0.43448319076249053 0.1676516223672607 
0.46710533485299033 0.6005805790293262 0.17818697936473668 
0.490277908321752 0.5565512765751232 0.17722719994267602 
0.4988576627521373 0.5743155936480675 0.17627294048273548 
0.49203442505552 0.5608772816652668 0.17663086510147785 
0.47808372258616283 0.6988712400024306 0.14888488386471413 
0.35243149882608693 0.6990850487614451 0.1686190541376771 
0.47710366179506525 0.6979369795070323 0.16223620997275148 
0.3846000931306406 0.6992863853201254 0.168229876494078 
0.502617229276355 0.6959855840381256 0.16270080829780847 
0.4331950799135761 0.6995511602095387 0.1604258039635919 
0.4587857022398891 0.6020746264161438 0.1769611400724924 
0.32325638940176726 0.6999128062290233 0.15248309543101282 
0.2903132043852672 0.6999770422269315 0.1483662562766522 
0.22734773930353913 0.6999379045785299 0.15403581492624474 
0.4000297540868165 0.6999832758641042 0.14030044910806352 
0.3250328789752792 0.699685512080099 0.16235668305477155 
0.38729624530395945 0.6998977430294657 0.15419596012209125 
0.39653816629188954 0.6997259326279095 0.14346346879730784 
0.2334079555883789 0.6999004976445227 0.1568069484033782 
0.3945326206125418 0.6997695514057473 0.15848760512559934 
0.40723567761454493 0.699632795615593 0.15778720088314727 
0.374641923544319 0.699304743643504 0.16372959911084356 
0.37319362813042745 0.6995144440946708 0.16170823351827443 
0.41505372514273653 0.6995849950438902 0.14837245028456703 
0.3556580236689604 0.6996934822384265 0.15926493879391573 
0.5174770447665815 0.6648342355249028 0.1623352483594836 
0.5117201830029321 0.67926038482408 0.15899745155119 
0.5053454135028597 0.6795615620242473 0.1564115935033841 
0.39227375842099055 0.695954379369354 0.17420286439373978 
0.39940865390231783 0.6586594733867694 0.17427330039553554 
0.3961350939786842 0.6957011540936243 0.17254203144437294 
0.3635711833879641 0.681020235239485 0.1779392262297541 
0.28205809219297184 0.691833118714464 0.17785465930143682 
0.32091740216759124 0.6002764615990126 0.1836863569964396 
0.33267278533066935 0.6727237271997374 0.18092863166650197 
0.32450018644801926 0.6861382232141571 0.18264369778550996 
0.11193724656870052 0.6999858684828382 0.10395625783992984 
0.1063881642011143 0.699999096992765 0.10202844734592215 
0.4415931707697274 0.6147740027754668 0.1743252549199007 
0.4446329693966494 0.5678359848646405 0.17975012718090402 
0.44233571186645393 0.6079119426719464 0.17908070090944692 
0.4401122327608403 0.623843279555115 0.17960382798857805 
0.45050726907227345 0.583052452775858 0.1793707775151733 
0.4412316956024722 0.6166943895374981 0.17773837184232105 
0.43385997385663966 0.560289473028787 0.18332339640199175 
0.4278893341123946 0.5692705747628437 0.18301028956911916 
0.3912815241925516 0.5744930212299589 0.18686432760761731 
0.43556596531244673 0.5868820339524632 0.18169163261836727 
0.34639973594009255 0.5806096698147593 0.1872052353197645 
0.41479421704217845 0.5587292082700391 0.18504471047536303 
0.42660649008031815 0.6034297437384252 0.183013548154165 
0.41335568812794843 0.6444569253895726 0.18212611463909728 
0.4179915725949863 0.6501153659566666 0.176888132311249 
0.4239978469679635 0.6401928349146552 0.1806150721672927 
0.08047758493099666 0.6895980954701803 0.15148913124915664 
0.24843160321810487 0.6995561826332959 0.14416386021488958 
