0.6998893973269731 0.6582369526569496 0.6759630622363982 
0.6998893973269731 0.520887973222368 0.676212415572624 
0.6447091003741912 0.6992083344997183 0.20156632624515175 
0.6998893973269731 0.5606624493263916 0.6762004322345114 
0.6999662586637352 0.6243837165040368 0.6760136718460462 
0.4810322078023873 0.6989106768683381 0.23250851093952388 
0.6998893973269731 0.5918858665709779 0.6761326622818841 
0.5682517163593277 0.6995056409240183 0.07818536359000998 
0.6998893973269731 0.6986117583563842 0.4219893785058513 
0.6999662586637352 0.5813401644809197 0.6761646805023525 
0.6999662586637352 0.613404940371742 0.676065524257157 
0.6994062689244689 0.6935312697727013 0.6756139863791305 
0.6998893973269731 0.6025727630856175 0.6760809246605386 
0.48276707797501617 0.6989102216599063 0.23344553735402207 
0.5621977330427737 0.6992092452363603 0.16833410992841852 
0.6998893973269731 0.520887973222368 0.676212415572624 
0.6998893973269731 0.658236518983947 0.6759849728861902 
0.6998893973269731 0.6025727630856175 0.6760809246605386 
0.564916122194719 0.6995065519793875 0.07721035397956506 
0.6999662586637352 0.6467969817190491 0.675937179112895 
0.6998893973269731 0.6952201771829419 0.5912943769694551 
0.6999662586637352 0.613404940371742 0.676065524257157 
0.6999662586637352 0.6467965540091177 0.6759880649766841 
0.564916122194719 0.6995065519793875 0.07721035397956506 
0.6998893973269731 0.6243841326509605 0.6760623786331781 
0.6998893973269731 0.6952210836494785 0.5912748697331747 
0.6998893973269731 0.6025727630856175 0.6760809246605386 
0.6998893973269731 0.6952210836494785 0.5912748697331747 
0.6999662586637352 0.6467969817190491 0.675937179112895 
0.6999662586637352 0.613404940371742 0.676065524257157 
0.6998893973269731 0.6025727630856175 0.6760809246605386 
0.564916122194719 0.6995060964515809 0.0773029839414505 
0.6999662586637352 0.613404940371742 0.676065524257157 
0.6998893973269731 0.6935308174424369 0.6758861587059987 
0.6998893973269731 0.6025727630856175 0.6760809246605386 
0.564916122194719 0.6995065519793875 0.07721035397956506 
0.6999662586637352 0.6467965540091177 0.6759880649766841 
0.6999662586637352 0.613404940371742 0.676065524257157 
0.564916122194719 0.6995060964515809 0.0773029839414505 
0.6998893973269731 0.669836538101711 0.675911132197447 
0.6998893973269731 0.6952210836494785 0.5912748697331747 
0.6998893973269731 0.6025727630856175 0.6760809246605386 
0.6998893973269731 0.669836538101711 0.675911132197447 
0.5621977330427737 0.6992092452363603 0.16833410992841852 
0.6999662586637352 0.613404940371742 0.676065524257157 
0.6998893973269731 0.6952210836494785 0.5912748697331747 
0.6998893973269731 0.6025727630856175 0.6760809246605386 
0.6998893973269731 0.6355133532935718 0.6760105611789963 
0.6998893973269731 0.6025727630856175 0.6760809246605386 
0.6998893973269731 0.6952201771829419 0.5912943769694551 
0.564916122194719 0.6995065519793875 0.07721035397956506 
0.6998893973269731 0.6952210836494785 0.5912748697331747 
0.6998893973269731 0.6025727630856175 0.6760809246605386 
0.6999662586637352 0.613404940371742 0.676065524257157 
0.564916122194719 0.6995060964515809 0.0773029839414505 
0.6998893973269731 0.6952210836494785 0.5912748697331747 
0.6998893973269731 0.6025727630856175 0.6760809246605386 
0.5645427957018747 0.6995070075074381 0.07720232534697594 
0.6998893973269731 0.6025727630856175 0.6760809246605386 
0.6998893973269731 0.6952210836494785 0.5912748697331747 
0.5621977330427737 0.6992092452363603 0.16833410992841852 
0.6998893973269731 0.6952210836494785 0.5912748697331747 
0.5633616796654969 0.6992092452363599 0.1695716219769478 
0.6998893973269731 0.6025727630856175 0.6760809246605386 
0.564916122194719 0.6995065519793875 0.07721035397956506 
0.6998893973269731 0.6025727630856175 0.6760809246605386 
0.6998893973269731 0.6969147272431762 0.5066388172394154 
0.6998893973269731 0.6952210836494785 0.5912748697331747 
0.6998893973269731 0.6025727630856175 0.6760809246605386 
0.564916122194719 0.6995065519793875 0.07721035397956506 
0.6998893973269731 0.6952210836494785 0.5912748697331747 
0.5655529964609105 0.6995060964515807 0.0773888580500021 
0.6998893973269731 0.6025727630856175 0.6760809246605386 
0.5647514193302288 0.6995070075074381 0.07663812854735999 
0.6998893973269731 0.6025727630856175 0.6760809246605386 
0.6998893973269731 0.6935308174424369 0.6758861587059987 
0.6998893973269731 0.6952210836494785 0.5912748697331747 
0.6998893973269731 0.6025727630856175 0.6760809246605386 
0.564916122194719 0.6995065519793875 0.07721035397956506 
0.6998893973269731 0.6952210836494785 0.5912748697331747 
0.6998893973269731 0.6025727630856175 0.6760809246605386 
0.6998893973269731 0.6952210836494785 0.5912748697331747 
0.6998893973269731 0.6025727630856175 0.6760809246605386 
0.6998893973269731 0.6025727630856175 0.6760809246605386 
0.6969357027669543 0.6952215368831107 0.5901342223038825 
0.6998893973269731 0.6025727630856175 0.6760809246605386 
0.6644343606977412 0.6949243681101209 0.6725036108010704 
0.6998893973269731 0.6025727630856175 0.6760809246605386 
0.6998893973269731 0.6952210836494785 0.5912748697331747 
0.6998893973269731 0.6952210836494785 0.5912748697331747 
0.6998893973269731 0.6969147272431762 0.5066388172394154 
0.6998893973269731 0.6952206304160891 0.5912894112762092 
0.6998893973269731 0.6952210836494785 0.5912748697331747 
0.6998893973269731 0.6952210836494785 0.5912748697331747 
0.6997246944624831 0.6935312697727015 0.6748736732417677 
0.6998893973269731 0.6952210836494785 0.5912748697331747 
0.6998893973269731 0.6952210836494785 0.5912748697331747 
0.6994062689244689 0.6935312697727013 0.6756139863791305 
0.6998893973269731 0.6952210836494785 0.5912748697331747 
0.6998893973269731 0.6935308174424369 0.6758861587059987 
0.6998893973269731 0.6952210836494785 0.5912748697331747 
0.6998893973269731 0.6952210836494785 0.5912748697331747 
0.6997246944624831 0.6952215368831106 0.5901848173815878 
0.6995380544062243 0.6935317221032077 0.6749343238465075 
0.6998893973269731 0.6935308174424369 0.6758861587059987 
