0.7773178466939341 2.2283783316958297 0.7940276069207475 
0.747220436889062 2.57352254529758 0.7175714440371971 
0.8059899633490744 2.401968526855702 0.743799411062782 
0.8777952044340086 1.6614736718358283 0.8161443221892966 
0.798847810755814 2.2822606441756386 0.7825718047838 
0.876285631741558 2.0862687404916564 0.7314940874583629 
0.8244742348121532 1.898960876031705 0.8217614297141378 
0.8512971182499173 2.386253944489562 0.7018883921068142 
0.8450983507399057 2.4195329693583942 0.7224753473558394 
0.8423045239207505 1.6283905260321438 0.8696990289857216 
0.8169330648121731 2.3422425015376214 0.7502332744373625 
0.9003130460869946 1.1236758458088771 0.7439738638508828 
0.8861122329205202 1.5322973907042932 0.7521864625423385 
0.8505316293978267 2.3080250214613782 0.720769855965803 
0.831413666465961 2.562763674675596 0.7155814803587452 
0.7311039001020905 2.590859092008267 0.7054978618187043 
0.8956742386623396 1.578125774496634 0.7049784808461147 
0.7949805817493891 1.9479145753414933 0.830817250863638 
0.8652161954803681 2.163752444745123 0.7370368394115586 
0.8877965958674303 1.392940831669076 0.7836444765575884 
0.8672330933303747 2.153514884927344 0.707875058444631 
0.8666792534416181 2.155305176780788 0.7143725981819151 
0.8451608993937942 2.479365535996316 0.7140195550364231 
0.894660610493993 1.391269651645938 0.7425115630499071 
0.8402966517179125 2.408741855681212 0.7309704144447706 
0.7101777779907806 1.9871597085451735 0.8165842624281467 
0.863089703695732 2.1062716790242826 0.7589749207743935 
0.7636625066573768 2.5737117965017338 0.7012897566810669 
0.7385453494581247 2.539869577687046 0.7189680262659573 
0.854841963971805 2.217616606021249 0.7669842362434963 
0.7757476766899609 2.37632943126779 0.7750873359903462 
0.8722189188482303 1.9564670432752298 0.7966564550627813 
0.8939361187594381 1.5366009454036238 0.7404028638987908 
0.8687576593295078 2.1303835369354744 0.7004636683868272 
0.8971202105673661 1.5253980276132977 0.724245065034552 
0.8869662571378778 1.7060454035940393 0.7025975038403911 
0.8938575971685392 1.4125021348797353 0.7587742592176709 
0.8855372145126645 1.9010755620927662 0.7679640683741954 
0.7385453494581247 2.4793372584969977 0.7361172327278144 
0.8380665497806152 2.5426900581206535 0.702143289725848 
0.8511872159492 2.304271937129845 0.7503634751337599 
0.8852580780861146 1.9103927140212116 0.7667175546885033 
0.78248776036429 2.228158011889362 0.7927965696569709 
0.8736070269450229 1.688744614274388 0.8013308131036556 
0.8936457780787106 1.4875678677416586 0.7740380554281737 
0.8645280859391149 2.247492158493913 0.7237387733702679 
0.7954090900897186 1.852169963103867 0.8477392471494002 
0.72604297721263 2.7385085550237074 0.748009248122117 
0.8787059041502304 2.055648517279572 0.7318061667451057 
0.894660610493993 1.4482979940736684 0.742454684521916 
0.8902768280445492 1.5366009454036238 0.7408826257789186 
0.8805539634476041 2.025399139857618 0.7652208135118679 
0.8365463294346904 2.3709443940925827 0.7320737262459304 
0.7498827865418609 2.5283307075665875 0.7199042178181276 
0.8430873446694385 2.328076184092537 0.7494259687553309 
0.8514245201580347 2.316873703157656 0.7162441636834397 
0.8512971182499173 2.386253944489562 0.7018883921068142 
0.860227997876754 2.098053566325564 0.8026149428927929 
0.8405721104865468 2.089322997447918 0.8050147970186387 
0.7819210121324086 2.2398176885766103 0.7930607243480509 
0.8670551563561082 1.8259984139254761 0.8585394328872552 
0.8654782990035025 2.1023328995667967 0.7161440841776757 
0.8092249467430502 2.3524643921868567 0.7439119961417868 
0.873248167284065 1.998242318305682 0.7790328708250136 
0.9019265693783356 1.1090379524922709 0.7441928717903521 
0.8811753986921156 1.9482040709711257 0.7321132122128491 
0.8558038529147651 2.192890975215509 0.7564575921616453 
0.831413666465961 2.528193634572527 0.7326948554100167 
0.8938119486552554 1.5010351555268222 0.774030588654984 
0.7733761657514543 2.3212174966963617 0.7912251168316486 
0.9003130460869946 1.1737370591493532 0.743867633398833 
0.8247194006622462 2.280200578866262 0.7797333015598047 
0.862507785010058 2.1352796037578745 0.7860348270576858 
0.8763031864814338 2.1022373624710955 0.7146150473017314 
0.876095808419833 1.931746556371313 0.7789336353069484 
0.8663551604673966 2.0588072936807444 0.7425844658345573 
0.8911366637471302 1.700122142649844 0.7401000433949599 
0.8805658274052119 1.6421345141641728 0.830051422672368 
0.8943914502042123 1.5295204623279466 0.7419522804408043 
0.8569176551470166 1.8305909388171164 0.8375062662601879 
0.8565263929897595 2.068101908541869 0.804007555239376 
0.8687519528608101 1.8705255307919564 0.8256314477884068 
0.8497531844214236 2.2376446468785485 0.7557177189630009 
0.8954355035303783 1.349011189345322 0.7468738495985824 
0.8385459409411412 2.321603334907513 0.7656288186680777 
0.8485904915191795 2.17992723159942 0.7872530942190039 
0.8741740352650369 2.0258238327542846 0.7333565022715541 
0.9003130460869946 1.1737370591493532 0.743867633398833 
0.8937174258641719 1.6995033964934279 0.7407310047032338 
0.8769740742668959 1.7413956199117109 0.7804230485871653 
0.847206805391594 2.334337445636689 0.7307831389445802 
0.8363630729680176 2.2170353206981908 0.7990510554172666 
0.8723494474385947 1.8330075581197427 0.8124239592777883 
0.8711634030151558 2.030086123665895 0.7456718552542733 
0.8277809595350047 2.155932482347755 0.8152206382672812 
0.8632467534607926 2.234858557699048 0.7516112806302286 
0.8773784347678946 1.757117869588636 0.7799050170357282 
0.8387450359582651 2.120625687538787 0.8047752167479019 
0.8405483825713311 2.2749700686977183 0.7671777190384824 
0.8468600581320446 2.3161313425448964 0.7498758487266075 
0.8763361637021976 1.855769753584751 0.7966698815777743 
0.8632467534607926 2.280804917059463 0.751074838993917 
0.8030244201775216 1.9290413267116482 0.8280229358693544 
0.8511872159492 2.2691968332003687 0.7511999075574599 
0.8611586718651391 1.9653073730719297 0.7903094680454108 
