0.880188560094785 1.5106823975982098 0.7765795755339645 
0.8076877621465413 2.759109050228882 0.7361921062244586 
0.8214934592658709 2.291973522719493 0.7875515707185446 
0.8504510882044749 1.994837078239545 0.7374748970254085 
0.8750843903473372 0.8430124379841457 0.8188959193461696 
0.7253271624964901 2.7899488717979644 0.724973119792077 
0.8068905292519747 2.4473733826153152 0.7381422114943752 
0.855426380732393 1.2397456031739573 0.8358989271262157 
0.8294079531038295 2.1567080115902897 0.7603790184213274 
0.8750843903473372 0.9037727199171146 0.8173827650411809 
0.8469673037879869 1.8792175178154653 0.7980863205479684 
0.892720731472553 1.179923909759356 0.7210855050968492 
0.8693718195891399 1.1980759502108642 0.8109781374623042 
0.8052052290171063 2.861883169329428 0.7185968872755772 
0.8165817557595578 2.3826226565381012 0.7691448006474527 
0.8572890220768197 1.9734479553611186 0.7650173686224798 
0.8580859839082385 1.7016769978440993 0.8072664723397756 
0.8327298862906956 2.1246809746520423 0.760834657543007 
0.8425776144164177 0.8953364010516701 0.836447582763733 
0.8009819357321881 2.512617801569824 0.7645833366090048 
0.8303166782685574 2.3082236184278146 0.7245327068273555 
0.8862868070351222 1.2038246415190819 0.7419259370678561 
0.8914394240509093 1.190464664606603 0.7237643307686279 
0.8315066144301866 2.225346381940596 0.7267271753696602 
0.8462250628995475 1.8974528345079424 0.7980435824544244 
0.8200791061616891 1.981604821898758 0.7930674738547571 
0.8911546890683217 1.1136616502839178 0.7560581149952594 
0.8572890220768197 1.6204592153914577 0.8169591862601636 
0.8179125096827335 2.5226449886200384 0.7229941360663203 
0.8294754357571124 1.7735277031868546 0.8302084575692424 
0.8750487984745137 0.9356008069751955 0.8127302577398466 
0.8682629033659098 1.671075760985291 0.7720297996383458 
0.8835052079866754 1.2382575909956184 0.75030300567615 
0.8170656358726262 1.7904449006514058 0.8287339986360402 
0.8750843903473372 0.8882100220255527 0.8182866747813079 
0.883128078435399 1.3442327350179542 0.7049366863844362 
0.8240578600134759 1.7948462362531674 0.8124437667287024 
0.8750843903473372 0.89207675747165 0.8182649398074879 
0.8914394240509093 1.0137287213908364 0.7264065023933086 
0.8830715241833341 1.3879044400882457 0.7788206367277086 
0.8596664324189297 1.9050303457324902 0.7205712842673311 
0.863566517943163 1.595427761587083 0.8085002699096194 
0.8572890220768197 2.2244595555035627 0.7307157279400547 
0.8750843903473372 0.8882100220255527 0.8182866747813079 
0.8467495083741587 2.0045760208942127 0.7409317710237079 
0.8739570888644888 0.960158444116716 0.8177372734341144 
0.8657937776535861 1.7846427916968062 0.7747092637227224 
0.8358251200561089 2.1354932267505955 0.7602255363059365 
0.8750458074284333 0.939743823618338 0.8182385781584078 
0.8717138173298493 1.831765578943398 0.7552431626784266 
0.8914394240509093 1.1956701202959445 0.7237440159532802 
0.8756127793186944 1.592228494294005 0.7946992606354474 
0.8240578600134759 1.7948462362531674 0.8124437667287024 
0.8537055387380582 1.993280677019961 0.7634144113155601 
0.8927053083276629 0.9163806880260628 0.7562023418602642 
0.8811736145799202 1.4941251170495595 0.7964266896049774 
0.8572890220768197 1.1117666007389095 0.8348404166919958 
0.8408909798412881 1.9972010590060403 0.7467772309309005 
0.855426380732393 1.191720314355015 0.8363994820710046 
0.8433777130736724 1.992808614058226 0.7698296422490574 
0.8841068853283777 1.158191900378465 0.7505014319187351 
0.8830715241833341 1.4128479875620006 0.7788097637154409 
0.8877313441005873 1.0542057489436456 0.802034512354238 
0.8272663083021915 1.9622984197617577 0.7947289813935476 
0.8570127651383228 1.6240210842735099 0.8342178584326174 
0.8670184055397727 1.7722882483701399 0.7555395114775424 
0.8747996553647497 0.8467684700848677 0.8182909986679964 
0.8508845115269391 1.7086398486188485 0.8342394227925698 
0.8929840862747681 1.0529441537923012 0.7217806695299529 
0.8871232912165085 1.2307423353017692 0.7402302107396429 
0.8240578600134759 1.820441352593062 0.810583835063576 
0.8683336230717423 1.1722367812194816 0.8172938675198314 
0.8751881498630486 1.1269379100069163 0.811286160932609 
0.8397776953642954 1.7571370046253945 0.832793936183169 
0.8265070150152914 2.051827366582347 0.7610193171105677 
0.8918512766536657 1.0002640244533088 0.7282146745012398 
0.8653935924714447 1.7094445756453474 0.8071462461076033 
0.8914394240509093 1.0123816025787071 0.7561821419786349 
0.8613036585688079 1.9036583568500733 0.7545230388215277 
0.8797289543540466 1.3284814270250007 0.7980563852483789 
0.8342186375737268 1.3068503764674924 0.8345824507162144 
0.8891503445193158 1.1334715340957124 0.7534985463746757 
0.8340692292734742 1.9622984197617577 0.7947048712780151 
0.8833444954350277 1.2090767352470648 0.7690079358280374 
0.8926459885396238 1.0763739060354867 0.7220663829744782 
0.8329193838756006 1.9866296574524962 0.7783618524005543 
0.8483843282408479 1.5655877462161762 0.8344519026645753 
0.8862868070351222 1.0914044142835828 0.8018763001696255 
0.8356537070506809 2.146379758627336 0.7579773301710244 
0.8815924934929301 1.0959627141023311 0.7991712721348073 
0.8539928934768646 1.8527225840294137 0.7997911536084208 
0.886334237808875 1.298269468355318 0.7056405458450332 
0.8889798027955313 0.9531180497074236 0.760114814108715 
0.849909590331403 1.7326732720152032 0.8340723376077097 
0.855426380732393 1.2397456031739573 0.8358989271262157 
0.8519976719270566 0.883743696154907 0.8376645950678782 
0.8340692292734742 1.9622984197617577 0.7947048712780151 
0.8703742237802862 1.3630934768791896 0.810890281691905 
0.8469673037879869 1.920364629597499 0.7792594049165209 
0.885844974840945 1.0315334079050666 0.8022939090467783 
0.8572890220768197 1.825693446789329 0.800096414986977 
0.8306523844257455 1.986630020906337 0.7779969735234977 
0.838377723309895 2.0032047072330323 0.7650413908888858 
0.8567780281350186 1.9353863688861064 0.7708422333234888 
0.8622178280949502 1.9764209906187868 0.7083013599079541 
