0.8690506501567883 2.0370334131666485 0.737384244298674 
0.7934026264201564 1.1925120609517403 0.8829384092830511 
0.9072903858150188 1.119042658007339 0.7432401612741983 
0.9063162390268821 1.4073875904807478 0.7331553803971572 
0.7561145714719008 3.258996159289117 0.8009778420971727 
0.8249339568587797 2.6957730173199854 0.7262956985353491 
0.8168032416834794 2.748300608764404 0.7718080822769228 
0.8977007048066854 1.1325152485668366 0.8381411036185653 
0.894625784424827 1.7115377401295377 0.8328383018190586 
0.8766404286200354 2.0674799044875085 0.729317999820977 
0.8448892838951919 2.5306117715095433 0.7000753197794665 
0.769745819780142 2.503647563713202 0.8494434996789649 
0.8931950603920857 1.95915185527 0.7022394116738285 
0.8249339568587797 2.3452277709252747 0.8389504512114307 
0.9118375963211109 1.0532092252646021 0.7476591061450499 
0.9030037936306639 1.1504471470079136 0.7945413616227142 
0.7324344002910895 3.403198018275355 0.727529586064142 
0.9046995215692051 1.4298059503303908 0.716909482943759 
0.8566171724704434 2.1574194391628034 0.709980999787934 
0.7370483890077654 3.3945418007691055 0.7433838409819256 
0.8341641910476936 2.557633051148534 0.7480354347958532 
0.8610780455876595 2.146666223222004 0.710474389180024 
0.7898304391690584 3.230600640517891 0.7460156414294333 
0.9144894220451886 1.1295927822328686 0.7143698272052522 
0.8911025929439594 1.9529844809337367 0.747800230015512 
0.8448892838951919 2.4362092997416207 0.7338505832268697 
0.8548409059649461 2.0934389553075556 0.7434913000458163 
0.8931950603920857 1.868191863344233 0.7035266260400981 
0.8924551091679286 1.8019239693403406 0.7224827121821721 
0.7757253045278366 3.3725760367816173 0.7010740891439522 
0.8284457133673708 2.670414213090254 0.7411258865008993 
0.9039018912227572 1.595096779905914 0.7857042281052843 
0.893000851217888 1.8540232871081586 0.7223980282442756 
0.765676532434019 3.361753900174348 0.7702339518946801 
0.9070843631124361 1.108833703929877 0.7798502966231511 
0.9047529845484756 1.4152313727991295 0.7387638396604922 
0.8532570175109462 2.147401687961166 0.7193223758166304 
0.8007832394989356 3.109768277704152 0.847515058272749 
0.8164811680203318 2.4114232566362306 0.7778822556904073 
0.8945543001231829 1.7886404722833498 0.7335750858402326 
0.8413775023299224 2.03034611938094 0.7784673577334671 
0.8733013492860955 2.099592159929509 0.7025392372820691 
0.8417233844119767 2.276218569798399 0.7687332791010876 
0.8813989567274172 1.0375072542042914 0.8955266817680321 
0.8760869104516272 2.016493492906397 0.770942384125021 
0.8090648276605403 2.8320810872649216 0.7277279154090325 
0.850373601419659 1.7894548989463823 0.8455361410778804 
0.7441046057452323 3.570223935030859 0.7077968464772426 
0.9100207774723438 1.2489673204866492 0.7109602354972115 
0.9089073494870215 1.5416841002110733 0.7052676018917375 
0.765605348688372 3.178916677351525 0.7805528678567197 
0.8563656079349042 2.1637954261508185 0.7040082320902382 
0.8288996627527683 1.8063997569496584 0.8431371642015125 
0.9213597569966117 1.035119229445794 0.7486435917623355 
0.8911025929439594 1.9529844809337367 0.747800230015512 
0.837455858874758 2.5167439228675583 0.7359657074353372 
0.8931950603920857 1.9132319199095342 0.7028804754842837 
0.8173252558182231 2.3192682352518426 0.8684203735496056 
0.9063162390268821 1.2702192528109717 0.7682172497143874 
0.8100407106769906 2.5866340739957407 0.818615873231701 
0.8249339568587797 2.6117155490320694 0.7759506080348734 
0.8884090205249761 1.6194396764526169 0.8332622839396742 
0.9063162390268821 1.4298057097669636 0.715990464637836 
0.8923953603945581 1.2327979023105478 0.8494823565209468 
0.8616223615661865 2.0988521424425137 0.7373653487152062 
0.8175687054788915 2.7459925489068984 0.7443521179369035 
0.9114503442918125 1.4475542237231163 0.7064041353942198 
0.8119152410357034 2.8128003819188043 0.7546271336369115 
0.9139021812002803 1.1100436670905698 0.7154360023180654 
0.9063162390268821 1.4136765746771434 0.7330966823668894 
0.8766404286200354 2.0674799044875085 0.729317999820977 
0.8392686113619261 1.9915767122296741 0.784682503601608 
0.91084693080418 1.2329811406878066 0.706752063045322 
0.8996368255600277 1.256078781850014 0.7866996611761402 
0.766625649042644 1.2244949079691871 0.8976380263509663 
0.8145934820191382 2.8317694715885566 0.7273664738604206 
0.9213597569966117 1.0761873945603846 0.7469471259200966 
0.8533344715531372 2.207625657239097 0.702376188821194 
0.839241989960516 2.4300578371605996 0.7553718151013296 
0.8633381044552695 2.072798998126786 0.7208759283370119 
0.888867631741279 1.7789127111389613 0.7676110467606224 
0.8766404286200354 2.0674799044875085 0.729317999820977 
0.9063162390268821 1.4298057097669636 0.715990464637836 
0.9213597569966117 1.053209053492417 0.7469875010136082 
0.8249339568587797 2.6117155490320694 0.7759506080348734 
0.8659934824902797 1.8838145235088863 0.8037290792572107 
0.880101409848467 1.795981479593636 0.7686294519393866 
0.8737227486044553 1.7728753462319602 0.8484051041249562 
0.8417233844119767 2.3860838150648913 0.737463830710055 
0.9094987633375999 1.3111807807728615 0.7068495980820257 
0.9040983439466985 1.1404833234647433 0.7927147392433078 
0.8211661646472235 2.8162530427082513 0.7288649204339966 
0.8669662274136336 1.783408871000195 0.7801094960993019 
0.8529724910023913 2.272261502626635 0.7667950371863792 
0.897035971887914 1.784264140183614 0.7542410268749358 
0.8533344715531372 2.1409910188370773 0.7360004953460814 
0.8845728790872507 1.7882882422378636 0.7707113475066485 
0.8915355021132523 1.6646178223320678 0.833231983425095 
0.8573474229301583 1.9068688916857044 0.7857069662474233 
0.828184706299999 2.5414085645311384 0.7736358443025824 
0.8632467534607926 1.6569282378492056 0.8640538647567131 
0.8410927924040132 2.451318766475871 0.7402490213342762 
0.8149287113247664 2.718132734510054 0.7851920844805124 
0.9126069244848478 1.1749545064743534 0.7112466300721936 
0.8862061082544352 2.046852162905458 0.73581884740131 
