0.6998643482284843 0.6996791095100642 0.5826623318111592 
0.6505765323957171 0.6999819173868788 0.6064677117252941 
0.6989533336194811 0.6986030390031827 0.6112437860210639 
0.6999056588404253 0.6896472007585137 0.6067427477692755 
0.6194767746403326 0.6956423857660231 0.693599460540465 
0.6537245206267759 0.6995439809934262 0.68817241603756 
0.6937647005182856 0.699805196857708 0.6451506716748124 
0.6708096128693255 0.6993700072299335 0.6783869377196864 
0.6668837743801035 0.6649488557283167 0.6986648404761683 
0.6890273827543284 0.6301274597662955 0.6985311088111159 
0.6661819232209201 0.6940968131548041 0.6918599061264252 
0.6979464105612958 0.6997324728841704 0.6071467479141127 
0.6984142907473566 0.6632226770416957 0.6911574794364812 
0.6486362622661446 0.6998998644048517 0.675642398951666 
0.698428912003171 0.677892080480416 0.6614124683987689 
0.6999751098055437 0.6990742116536204 0.5652422424300455 
0.6997594771623735 0.6963200229193403 0.6497666751058138 
0.681710920033574 0.6999434349283404 0.6665235082273091 
0.6989234383160362 0.6950336971792906 0.6573949982975242 
0.6715041220975455 0.6554734518643954 0.6912060811248326 
0.6982242144217694 0.6975812357160549 0.6895916390618874 
0.6995668044519621 0.6686388058577365 0.6740307485551917 
0.6999751098055437 0.6366974490134246 0.5870247933258136 
0.6966889516811654 0.6999052298452711 0.5793857942822113 
0.6984142907473566 0.6836481061617875 0.6659761579510636 
0.6335700745037788 0.6960139556389086 0.6919674667579162 
0.5734663129521314 0.5813853278816049 0.699859901589444 
0.6964550424682273 0.6983312453311316 0.6221065409443854 
0.6987033595503953 0.6707648861815038 0.6657446738521042 
0.6910597373125298 0.6463435712060025 0.6923959629482154 
0.6999056588404253 0.6966756294374316 0.6064769703407042 
0.6958237320833838 0.6989119448418453 0.637336184603226 
0.5693430879323789 0.6884694510785386 0.696859927933622 
0.6984142907473566 0.616097036493696 0.6936438229522919 
0.6665192851438773 0.6882760722581995 0.6898610516735212 
0.6947555896004156 0.6996014897308396 0.6405201572346118 
0.6999751098055437 0.6943723368581913 0.5798180681218754 
0.5693430879323789 0.6998454445683563 0.6814094513996973 
0.6999495534879607 0.6604204616220237 0.6620229045238637 
0.6999933863753116 0.6759110257980351 0.5838793328380854 
0.6569266065302215 0.6864002114805476 0.6957300342115862 
0.6999495534879607 0.6859505428788845 0.650434181423414 
0.6998179313055388 0.6954347453308738 0.6371628249575275 
0.6952268260997255 0.6987570362651327 0.6584449361452467 
0.6992126756296331 0.5943734253838188 0.6823004923029137 
0.6845892441779843 0.6714877436033065 0.6903878952442049 
0.5957126782690622 0.6147830622410155 0.6997569311962922 
0.6597085881779134 0.6806604964398693 0.6994007377589383 
0.6043874842394122 0.6847814579349547 0.6943546200159282 
0.3072412596438808 0.6999576511917311 0.5520095338565778 
0.6118250711901638 0.6999377811854125 0.5362591826109318 
0.558283796823848 0.6999722968763971 0.4216044974142586 
0.6999751098055437 0.6931767576794644 0.5744411441091866 
0.6350861369605201 0.6999218035167122 0.5718142354500737 
0.6999129694683325 0.555980558987931 0.5916249111631761 
0.6998179313055388 0.6773855529581764 0.6344772345799475 
0.3917764291312851 0.6998416205402077 0.6451399978178255 
0.6998452611042516 0.577062083472301 0.6306465041478232 
0.6043874842394122 0.6026462720856451 0.6993249138809378 
0.6999933863753116 0.659774433465272 0.5573476172606465 
0.6997403305960685 0.6952683810919049 0.5969162123593023 
0.6622015179301193 0.6222588952344154 0.6937664905867524 
0.590181672020961 0.6972306607546738 0.6802633643996332 
0.6161982513888073 0.6998984502521928 0.6381519820256346 
0.5945954455204554 0.6934419528844863 0.6914896130943038 
0.6226545471099058 0.6916341353479284 0.6870032480126708 
0.6999056588404253 0.691391562919831 0.5934631359752472 
0.6518403704923291 0.6293906748214406 0.6988452193432835 
0.5958913341766681 0.6774196291311381 0.6986806287607823 
0.6160261273880423 0.6877903623891972 0.6904111613159404 
0.6999751098055437 0.6475575106328596 0.5797763802717462 
0.6999933863753116 0.6526630116455032 0.5784920905388665 
0.5734663129521314 0.606937129053536 0.699488213736296 
0.6938582182485029 0.6991360112927414 0.5627655209322348 
0.6339271806533651 0.6995830769645568 0.6229049278277391 
0.6574383504837253 0.6984026703687197 0.6603157604671824 
0.5527671114674542 0.6953554566260444 0.6907547676663732 
0.6449364878266204 0.6985858359356142 0.6635522580656749 
0.5897249950172809 0.6994512454262741 0.6572888991936471 
0.6296024505287909 0.6863204664675361 0.6794137225169329 
0.5492256737073181 0.6999627079218204 0.5354952043024258 
0.6938231855415433 0.6987778322099495 0.5909337244433436 
0.6999751098055437 0.6463292327061743 0.5828114907184799 
0.6999056588404253 0.6904191617134122 0.6041435238147727 
0.6717787221435324 0.5382367344406374 0.6984150115101918 
0.5693430879323789 0.678684526172209 0.6991809070084223 
0.6952064206563957 0.6061994347013353 0.6810693540138593 
0.6306139088909197 0.6732150728693115 0.6934849500573891 
0.5880121478858149 0.6998300476814949 0.6623113074353713 
0.5693292802076828 0.6862063404397153 0.6962447644297165 
0.6999458986096034 0.6671335275783951 0.5828226335039571 
0.5824981712104024 0.6947543121293976 0.6890709733782573 
0.6673815314449554 0.699913925037932 0.6218742119309293 
0.6940863681462024 0.6983707714808018 0.5929428494352667 
0.698180139231201 0.693771106547271 0.6059017351777625 
0.5647227093348446 0.6982126170474902 0.6730783228824719 
0.6983293176497944 0.6979453468995465 0.5851904788175857 
0.6949344009834375 0.6981064064252672 0.6416723047577408 
0.6997594771623735 0.6340985661193903 0.6510275118083786 
0.5671359991952463 0.6917818496448754 0.6927042461638072 
0.6994962636776221 0.6923728552679317 0.6185540651103908 
0.6960525216741256 0.6246436752351602 0.6755199056419224 
0.6966796665801577 0.6940687255707353 0.6593208462276364 
0.6864809189321256 0.6975681437231378 0.6781568019625204 
0.6582571408093316 0.672808798985203 0.6971951286862292 
