0.7995485080293956 1.2988829881684523 0.7218428621531953 
0.796635859928448 1.4180160220168325 0.7329957926960381 
0.8645510861009338 0.742994130537716 0.7451059031394849 
0.796635859928448 1.23381194745547 0.8221936208225983 
0.8309654269836644 1.1344344599243255 0.7379771203508992 
0.8603703783906271 0.8969641005682463 0.7519105920682307 
0.852256017266749 1.0765780750558167 0.7352958827210433 
0.8395877280066082 0.8507744496754797 0.8288462795595593 
0.8474631639100877 0.7053308589973694 0.8358088309025028 
0.7995484848392322 1.1705240139664277 0.8093103767336997 
0.796635859928448 1.1312863800931283 0.907925533571584 
0.8309654269836644 1.00633271248303 0.8254611877874288 
0.8308117043101403 1.1317562804198318 0.8219824948391834 
0.8308117043101403 1.2769536424272736 0.7341902540690781 
0.796635859928448 1.2764183761361545 0.8206855462337559 
0.8395877280066082 0.8969646680967475 0.7437095753476706 
0.8309654269836644 1.2554395195631922 0.7342453128454068 
0.7995484848392322 1.1705240139664277 0.8093103767336997 
0.8308117043101403 1.1705232709500886 0.8217514106428888 
0.7995485080293956 1.2988829881684523 0.7218428621531953 
0.796635859928448 1.3700002401900733 0.7349470703097866 
0.8309654269836644 1.1344344599243255 0.7379771203508992 
0.8308117043101403 1.0406360819784433 0.8253029879444188 
0.852096804497742 0.9900187794871637 0.7354590043754701 
0.796635859928448 1.1504870736340997 0.9078265576427461 
0.8645510861009338 0.7820306068238045 0.7449889470481259 
0.8474631639100877 0.755496561150778 0.8356136296115095 
0.8395877280066082 0.8507744496754797 0.8288462795595593 
0.8309654269836644 1.1536921735274461 0.7378600561906029 
0.796635859928448 1.4180160220168325 0.7329957926960381 
0.8645510861009338 0.7820306068238045 0.7449889470481259 
0.796635859928448 1.1504870736340997 0.9078265576427461 
0.8474631639100877 0.7817027275032696 0.8343578895540473 
0.7995485080293956 1.2988829881684523 0.7218428621531953 
0.852256017266749 1.0586690039826605 0.7354181232033258 
0.8452506554304375 0.8087031654910636 0.834719799530231 
0.8308117043101403 1.0582314371898978 0.8251956956163121 
0.796635859928448 1.254914319399162 0.8207926070207159 
0.8309654269836644 1.2554395195631922 0.7342453128454068 
0.8603703783906271 0.8969641005682463 0.7519105920682307 
0.7995484848392322 1.1705240139664277 0.8093103767336997 
0.8308117043101403 1.0233390142022896 0.8254029475071042 
0.8624099488625627 0.8385219495043034 0.7556354427390773 
0.8308117043101403 1.0406360819784433 0.8253029879444188 
0.8645510861009338 0.7820306068238045 0.7449889470481259 
0.7995485080293956 1.2988829881684523 0.7218428621531953 
0.8474631639100877 0.755496561150778 0.8356136296115095 
0.7967895826019721 1.254914319399162 0.8207437334524962 
0.8309654269836644 1.1344344599243255 0.7379771203508992 
0.852256017266749 1.0765780750558167 0.7352958827210433 
0.7967895826019721 1.1312863800931283 0.9078856864138956 
0.7995484848392322 1.1705240139664277 0.8093103767336997 
0.8308117043101403 1.2988821546736458 0.734062436660245 
0.8429476896323692 0.836535072565589 0.830111404262659 
0.796635859928448 1.3937669203184055 0.7348358686388446 
0.8309654269836644 1.112886435726473 0.8220363015082619 
0.8429476896323692 0.9121604073765818 0.7426971912750483 
0.8308117043101403 1.2988821546736458 0.734062436660245 
0.7995484848392322 1.1705240139664277 0.8093103767336997 
0.8523328786035111 1.0586690039826605 0.7353266634417395 
0.8308117043101403 1.1733005524202311 0.7378032632500254 
0.796635859928448 1.1124255203642215 0.9080177741000589 
0.8474631639100877 0.755496561150778 0.8356136296115095 
0.796635859928448 1.254914319399162 0.8207926070207159 
0.8645510861009338 0.7820306068238045 0.7449889470481259 
0.7995485080293956 1.2988829881684523 0.7218428621531953 
0.796635859928448 1.4180160220168325 0.7329957926960381 
0.8308117043101403 1.0233390142022896 0.8254029475071042 
0.8395877280066082 0.8507744496754797 0.8288462795595593 
0.8308117043101403 1.0582314371898978 0.8251956956163121 
0.7995484848392322 1.1705240139664277 0.8093103767336997 
0.796635859928448 1.3937669203184055 0.7348358686388446 
0.796635859928448 1.23381194745547 0.8221936208225983 
0.8474247332417066 0.7817027275032696 0.8355976876741524 
0.8644357940957907 0.8655951580410167 0.7434330229466622 
0.8308117043101403 1.0582314371898978 0.8251956956163121 
0.8308117043101403 1.2988821546736458 0.734062436660245 
0.7967895826019721 1.1312863800931283 0.9078856864138956 
0.8309654269836644 1.0406360819784433 0.8252538491209193 
0.8308117043101403 1.1733005524202311 0.7378032632500254 
0.7995485080293956 1.2988829881684523 0.7218428621531953 
0.852256017266749 1.0765780750558167 0.7352958827210433 
0.8395877280066082 0.8507744496754797 0.8288462795595593 
0.8645126554325528 0.8090410586081456 0.7449732039973601 
0.8309654269836644 1.0406360819784433 0.8252538491209193 
0.8645510861009338 0.7820306068238045 0.7449889470481259 
0.796635859928448 1.3937669203184055 0.7348358686388446 
0.8308117043101403 1.1733005524202311 0.7378032632500254 
0.8645126554325528 0.8228556797654871 0.7448714347004786 
0.8473478719049446 0.7951014226481562 0.8355658035709073 
0.8474631639100877 0.7817027275032696 0.8343578895540473 
0.8308117043101403 1.0582314371898978 0.8251956956163121 
0.7967895826019721 1.254914319399162 0.8207437334524962 
0.7995485080293956 1.2988829881684523 0.7218428621531953 
0.796635859928448 1.1124255203642215 0.9080177741000589 
0.852256017266749 1.0765780750558167 0.7352958827210433 
0.7995484848392322 1.1705240139664277 0.8093103767336997 
0.8309654269836644 1.2769536424272736 0.7341174317665669 
0.796635859928448 1.4180160220168325 0.7329957926960381 
0.852256017266749 1.0586690039826605 0.7354181232033258 
0.8474631639100877 0.7817027275032696 0.8343578895540473 
0.796635859928448 1.2764183761361545 0.8206855462337559 
0.796635859928448 1.1504870736340997 0.9078265576427461 
0.8308117043101403 1.0582314371898978 0.8251956956163121 
0.8308117043101403 1.1733005524202311 0.7378032632500254 
