0.5243282306377272 0.6995070075074383 0.0576725528522972 
0.49644950258487575 0.6995074630357337 0.0445867306391921 
0.6382115723700574 0.6992092452363607 0.19650685673524482 
0.6997274627003879 0.6986122134048889 0.41456720686309306 
0.6998948874224562 0.5505258203004695 0.6701499910328231 
0.6999504875044917 0.6043524253886922 0.4875916406973379 
0.6999141027566467 0.5112598434083846 0.6701579082202347 
0.6870773119587044 0.6995065519793877 0.12792103199981766 
0.6999141027566467 0.47393351288258806 0.6701604584326727 
0.6999141027566467 0.5918874652217576 0.670124814896616 
0.6313757739370034 0.6983147645687864 0.4843441216660767 
0.6999141027566467 0.5112598434083846 0.6701579082202347 
0.49730598067038745 0.699507007507439 0.04534156913161529 
0.5251874305808171 0.6995065519793879 0.05657289788573668 
0.6998948874224562 0.5505258203004695 0.6701499910328231 
0.6998948874224562 0.6355150407709151 0.6701346390370279 
0.6999141027566467 0.6698374176252485 0.6699344481649505 
0.6791535982758662 0.6935321744339554 0.6549742162512647 
0.6743223142508238 0.6986131235026287 0.39925091529620854 
0.5252066459150075 0.6995070075074388 0.055609833764460125 
0.6999141027566467 0.6243845487980971 0.6700352422365378 
0.6313757739370034 0.6983147645687864 0.4843441216660767 
0.6998948874224562 0.5112594832052366 0.6701649964296104 
0.49730598067038745 0.699507007507439 0.04534156913161529 
0.6998948874224562 0.5505258203004695 0.6701499910328231 
0.6995956772186325 0.6986113033081244 0.4174007786919273 
0.49730598067038745 0.699507007507439 0.04534156913161529 
0.69991412594681 0.61647757792799 0.5012660545273097 
0.5252066459150075 0.6995070075074388 0.055609833764460125 
0.6708721420940784 0.6986135785518643 0.3997690602206848 
0.6992031353915978 0.6952219901169846 0.5862561474436877 
0.6313757739370034 0.6983147645687864 0.4843441216660767 
0.6999141027566467 0.5112598434083846 0.6701579082202347 
0.6998948874224562 0.5505258203004695 0.6701499910328231 
0.6998948874224562 0.5505258203004695 0.6701499910328231 
0.4988651677875602 0.6992097006050477 0.137579483659233 
0.6705640291143504 0.6986126684536368 0.4044183144225939 
0.6313757739370034 0.6983147645687864 0.4843441216660767 
0.5252066459150075 0.6995070075074388 0.055609833764460125 
0.6997274627003879 0.6952224433511015 0.585874537780571 
0.6998948874224562 0.6355146189012527 0.6701433600350681 
0.6313757739370034 0.6983147645687864 0.4843441216660767 
0.6997933206560205 0.6986117583563847 0.4156725881075495 
0.5252066459150075 0.6995070075074388 0.055609833764460125 
0.6998948874224562 0.5505258203004695 0.6701499910328231 
0.6708721420940784 0.6986135785518643 0.3997690602206848 
0.49637264124811376 0.6995074630357337 0.04518946721551682 
0.6998948874224562 0.6355150407709151 0.6701346390370279 
0.6719036356023664 0.6969160896630304 0.4869987873061008 
0.69991412594681 0.6499978187170391 0.5011751380701691 
0.5252066459150075 0.6995070075074388 0.055609833764460125 
0.49730598067038745 0.699507007507439 0.04534156913161529 
0.6313757739370034 0.6983147645687864 0.4843441216660767 
0.6998948874224562 0.5505258203004695 0.6701499910328231 
0.69991412594681 0.61647757792799 0.5012660545273097 
0.49730598067038745 0.699507007507439 0.04534156913161529 
0.6998948874224562 0.5505258203004695 0.6701499910328231 
0.5251874305808171 0.6995065519793879 0.05657289788573668 
0.6982341103486844 0.6935321744339552 0.6693328545259439 
0.6313757739370034 0.6983147645687864 0.4843441216660767 
0.69991412594681 0.6164771658223278 0.5013146289650947 
0.6708721420940784 0.6986135785518643 0.3997690602206848 
0.6743223142508238 0.6986131235026287 0.39925091529620854 
0.6999141027566467 0.6243853810930106 0.6699647040641605 
0.6992031353915978 0.6952219901169846 0.5862561474436877 
0.49730598067038745 0.699507007507439 0.04534156913161529 
0.6313757739370034 0.6983147645687864 0.4843441216660767 
0.5252066459150075 0.6995070075074388 0.055609833764460125 
0.6998948874224562 0.5505258203004695 0.6701499910328231 
0.5252066459150075 0.6995070075074388 0.055609833764460125 
0.6999141027566467 0.6243849649454473 0.6699752571328254 
0.49730598067038745 0.699507007507439 0.04534156913161529 
0.6306840219061449 0.6966183265422004 0.5706587110565561 
0.6992223507257883 0.6935317221032075 0.6696747418707427 
0.6482584768755544 0.6989093112437752 0.2986124067258143 
0.6313757739370034 0.6983147645687864 0.4843441216660767 
0.6791535982758662 0.6935321744339554 0.6549742162512647 
0.49730598067038745 0.699507007507439 0.04534156913161529 
0.6999141027566467 0.6698374176252485 0.6699344481649505 
0.5252066459150075 0.6995070075074388 0.055609833764460125 
0.6313757739370034 0.6983147645687864 0.4843441216660767 
0.6998949106126195 0.6969160896630302 0.5011672273404635 
0.49730598067038745 0.699507007507439 0.04534156913161529 
0.5252066459150075 0.6995070075074388 0.055609833764460125 
0.6791535982758662 0.6935321744339554 0.6549742162512647 
0.6743223142508238 0.6986131235026287 0.39925091529620854 
0.69991412594681 0.6499978187170391 0.5011751380701691 
0.6313757739370034 0.6983147645687864 0.4843441216660767 
0.5251874305808171 0.6995065519793879 0.05657289788573668 
0.49730598067038745 0.699507007507439 0.04534156913161529 
0.6313757739370034 0.6983147645687864 0.4843441216660767 
0.6992223507257883 0.6935317221032075 0.6696747418707427 
0.5252066459150075 0.6995070075074388 0.055609833764460125 
0.49730598067038745 0.699507007507439 0.04534156913161529 
0.49730598067038745 0.699507007507439 0.04534156913161529 
0.5252066459150075 0.6995070075074388 0.055609833764460125 
0.6313757739370034 0.6983147645687864 0.4843441216660767 
0.6998564567540752 0.6582382536773176 0.6701188052786364 
0.49730598067038745 0.699507007507439 0.04534156913161529 
0.5252066459150075 0.6995070075074388 0.055609833764460125 
0.6313757739370034 0.6983147645687864 0.4843441216660767 
0.69991412594681 0.6849376891021535 0.501058361833404 
0.69991412594681 0.6499978187170391 0.5011751380701691 
0.6313757739370034 0.6983147645687864 0.4843441216660767 
0.5252066459150075 0.6995070075074388 0.055609833764460125 
