0.8498815509703503 0.810292276467637 0.8461210855574081 
0.8498815509703503 0.7832447276811388 0.8477015263275426 
0.8564669205022122 0.9139366001526177 0.7608577728056076 
0.8498815509703503 0.7315039795492864 0.8478246142455768 
0.7869490834458639 0.9294071608165438 0.7336841046658605 
0.8498815509703503 0.7569935148639617 0.8477995316500087 
0.783589121820103 0.9451292633268285 0.7323984306872622 
0.8645263806712603 0.8837285763965629 0.7657094126168672 
0.8560496732455041 0.898712729703687 0.7625106527216803 
0.8498815509703503 0.7315039795492864 0.8478246142455768 
0.8649436279279685 0.8544598366022824 0.7659803005243342 
0.7869490834458639 0.9294071608165438 0.7336841046658605 
0.783589121820103 0.9451292633268285 0.7323984306872622 
0.8498815509703503 0.7966667124038609 0.8476024783878963 
0.8498815509703503 0.7832447276811388 0.8477015263275426 
0.8498815509703503 0.7569935148639617 0.8477995316500087 
0.783589121820103 0.9451292633268285 0.7323984306872622 
0.8498815509703503 0.7569935148639617 0.8477995316500087 
0.8498815509703503 0.7832447276811388 0.8477015263275426 
0.7869490834458639 0.9294071608165438 0.7336841046658605 
0.8649436279279685 0.8260867165999326 0.7677295562375814 
0.836801496244622 0.8524383813781825 0.8381256020265434 
0.8645263806712603 0.8544598366022824 0.7674628979743571 
0.8498815509703503 0.7315039795492864 0.8478246142455768 
0.8494643037136422 0.8381729548185709 0.8458572856212655 
0.8498815509703503 0.7569935148639617 0.8477995316500087 
0.8498815509703503 0.7966667124038609 0.8476024783878963 
0.8498815509703503 0.7315039795492864 0.8478246142455768 
0.8560496732455041 0.929406573709944 0.7607047152239648 
0.783589121820103 0.9451292633268285 0.7323984306872622 
0.7869490834458639 0.9294071608165438 0.7336841046658605 
0.8498815509703503 0.7832447276811388 0.8477015263275426 
0.8564669205022122 0.8837291360331557 0.7626663549680556 
0.8498815509703503 0.7700217936172966 0.8477518677420327 
0.7869490834458639 0.9294071608165438 0.7336841046658605 
0.783589121820103 0.9451292633268285 0.7323984306872622 
0.8498815509703503 0.810292276467637 0.8461210855574081 
0.8498815509703503 0.7315039795492864 0.8478246142455768 
0.8564669205022122 0.9139366001526177 0.7608577728056076 
0.8498815509703503 0.7569935148639617 0.8477995316500087 
0.7869490834458639 0.9294071608165438 0.7336841046658605 
0.8498815509703503 0.7700217936172966 0.8477518677420327 
0.8669694731611965 0.7703453874531944 0.7570655824714777 
0.8498815509703503 0.7315039795492864 0.8478246142455768 
0.8463459062891333 0.810292276467637 0.8463326668564156 
0.783589121820103 0.9451292633268285 0.7323984306872622 
0.8564669205022122 0.9139366001526177 0.7608577728056076 
0.8564669205022122 0.8837291360331557 0.7626663549680556 
0.8498815509703503 0.7569935148639617 0.8477995316500087 
0.783589121820103 0.9451292633268285 0.7323984306872622 
0.8649436279279685 0.8689796243764127 0.7658638081477148 
0.8498815509703503 0.8241260869829647 0.8460158494924898 
0.8498815509703503 0.7832447276811388 0.8477015263275426 
0.7869490834458639 0.9294071608165438 0.7336841046658605 
0.836801496244622 0.8524383813781825 0.8381256020265434 
0.8498815509703503 0.7315039795492864 0.8478246142455768 
0.783589121820103 0.9451292633268285 0.7323984306872622 
0.8498815509703503 0.7832447276811388 0.8477015263275426 
0.8498815509703503 0.7315039795492864 0.8478246142455768 
0.8649436279279685 0.8122232650558198 0.767782413035348 
0.8645263806712603 0.8544598366022824 0.7674628979743571 
0.836801496244622 0.8524383813781825 0.8381256020265434 
0.7869490834458639 0.9294071608165438 0.7336841046658605 
0.8498815509703503 0.7569935148639617 0.8477995316500087 
0.8498815509703503 0.810292276467637 0.8461210855574081 
0.7869490834458639 0.9294071608165438 0.7336841046658605 
0.8560496732455041 0.898712729703687 0.7625106527216803 
0.8498815509703503 0.7832447276811388 0.8477015263275426 
0.8494643037136422 0.8381729548185709 0.8458572856212655 
0.783589121820103 0.9451292633268285 0.7323984306872622 
0.8498815509703503 0.7315039795492864 0.8478246142455768 
0.7869490834458639 0.9294071608165438 0.7336841046658605 
0.8649436279279685 0.8401639132325112 0.7676199421130131 
0.8564669205022122 0.8837291360331557 0.7626663549680556 
0.8498815509703503 0.7832447276811388 0.8477015263275426 
0.8498815509703503 0.7315039795492864 0.8478246142455768 
0.8560496732455041 0.929406573709944 0.7607047152239648 
0.783589121820103 0.9451292633268285 0.7323984306872622 
0.8498815509703503 0.7966667124038609 0.8476024783878963 
0.783589121820103 0.9451292633268285 0.7323984306872622 
0.8498815509703503 0.7832447276811388 0.8477015263275426 
0.7869490834458639 0.9294071608165438 0.7336841046658605 
0.8649436279279685 0.8544598366022824 0.7659803005243342 
0.8498815509703503 0.7315039795492864 0.8478246142455768 
0.8560496732455041 0.929406573709944 0.7607047152239648 
0.8498815509703503 0.7700217936172966 0.8477518677420327 
0.783589121820103 0.9451292633268285 0.7323984306872622 
0.8498815509703503 0.7315039795492864 0.8478246142455768 
0.8564669205022122 0.9139366001526177 0.7608577728056076 
0.8498815509703503 0.8241260869829647 0.8460158494924898 
0.8645263806712603 0.8837285763965629 0.7657094126168672 
0.7869490834458639 0.9294071608165438 0.7336841046658605 
0.8498815509703503 0.7832447276811388 0.8477015263275426 
0.8498815509703503 0.7315039795492864 0.8478246142455768 
0.7869490834458639 0.9294071608165438 0.7336841046658605 
0.783589121820103 0.9451292633268285 0.7323984306872622 
0.8564669205022122 0.9139366001526177 0.7608577728056076 
0.8649436279279685 0.8401639132325112 0.7676199421130131 
0.8564669205022122 0.8837291360331557 0.7626663549680556 
0.8498815509703503 0.7315039795492864 0.8478246142455768 
0.7869490834458639 0.9294071608165438 0.7336841046658605 
0.8649436279279685 0.8401639132325112 0.7676199421130131 
0.8498815509703503 0.7700217936172966 0.8477518677420327 
0.8560496732455041 0.929406573709944 0.7607047152239648 
0.783589121820103 0.9451292633268285 0.7323984306872622 
831771 
