0.6894526794334583 0.6980174198886747 0.6073348802510913 
0.6914346734733121 0.6963215755456958 0.6953547480896787 
0.6880308142738505 0.6980178746187948 0.6067936781429053 
0.6999991992366332 0.5442289936144159 0.6138687968400046 
0.6999892080381436 0.6947254926017277 0.09183509806625915 
0.6999892080381436 0.669068823768907 0.271120703037252 
0.6961451522075652 0.6997157470786696 0.5221319668014286 
0.6908033124927668 0.6963229370132555 0.6882441556011684 
0.6999892080381436 0.5896992738765356 0.3581543905623345 
0.693043271449832 0.6963215755456961 0.6888558084127876 
0.6999991992366332 0.5747918819212392 0.6137983654393093 
0.6922746580822116 0.6963224831904928 0.688800015613811 
0.6999614742768963 0.6997152914387125 0.522262243408481 
0.6999772620448645 0.6285105566436813 0.6133001452521575 
0.6880308142738505 0.6980178746187948 0.6067936781429053 
0.6949647816787197 0.6963211217236613 0.6895980848550092 
0.6949647816787197 0.6963211217236613 0.6895980848550092 
0.6999662354735718 0.6510373508654135 0.613704595128342 
0.6922581646055993 0.6963206679018702 0.6947062216846879 
0.6999442982818032 0.606588979197108 0.6138425929624534 
0.6999552784727692 0.6860217275064351 0.613730331713249 
0.6880308142738505 0.6980178746187948 0.6067936781429053 
0.6924832817105657 0.6963211217236616 0.6895594230716877 
0.6999004007081024 0.6396965869234749 0.6137323278141777 
0.6998077516033723 0.6980174198886747 0.6056287189707317 
0.6952310513096454 0.6963197602590155 0.6964917614209483 
0.6999662354735718 0.606588979197108 0.613731716238632 
0.6998077516033723 0.6980165104291656 0.6056941042317527 
0.6923679897054227 0.6963220293679732 0.6887974355691825 
0.6944157953205827 0.6980169651587983 0.6120766686283 
0.6999827521403474 0.6287827992917377 0.5175397018140404 
0.6999442750916398 0.6980160556997763 0.6077352363182043 
0.6952310513096454 0.69632066790187 0.6904057968399429 
0.6999662354735718 0.6510373508654135 0.613704595128342 
0.693043271449832 0.6963215755456961 0.6888558084127876 
0.6955632252765303 0.698017874618795 0.6055617209055543 
0.6923679897054227 0.6963215755456961 0.6895890412243599 
0.6999614742768963 0.6997166583593158 0.5214102305672293 
0.6999552784727692 0.639696162893854 0.6137453487011405 
0.6999662354735718 0.6510373508654135 0.613704595128342 
0.6993129141110945 0.6860221758343409 0.6135013279002118 
0.6944157953205827 0.6980169651587983 0.6120766686283 
0.6923679897054227 0.6963215755456961 0.6895890412243599 
0.6998077516033723 0.6980165104291656 0.6056941042317527 
0.6923679897054227 0.6963215755456961 0.6895890412243599 
0.6999662354735718 0.6510373508654135 0.613704595128342 
0.6951926206412643 0.6963197602590155 0.6965070378381841 
0.6924832817105657 0.6963211217236616 0.6895594230716877 
0.6955632252765303 0.698017874618795 0.6055617209055543 
0.6999662354735718 0.6510373508654135 0.613704595128342 
0.6999614742768963 0.6997152914387125 0.522262243408481 
0.6999662354735718 0.6510373508654135 0.613704595128342 
0.6999552784727692 0.6860226241624852 0.6130171791766924 
0.6944157953205827 0.6980169651587983 0.6120766686283 
0.6923679897054227 0.6963215755456961 0.6895890412243599 
0.6924832817105657 0.6963211217236616 0.6895594230716877 
0.6998077516033723 0.6980165104291656 0.6056941042317527 
0.6951926206412643 0.6963197602590155 0.6965070378381841 
0.6999662354735718 0.6510373508654135 0.613704595128342 
0.6999662354735718 0.674196986355646 0.6136852920584328 
0.6949647816787197 0.6963211217236613 0.6895980848550092 
0.6998077516033723 0.6980165104291656 0.6056941042317527 
0.6922746580822116 0.6963224831904928 0.688800015613811 
0.6923679897054227 0.6963215755456961 0.6895890412243599 
0.6961451522075652 0.6997157470786696 0.5221319668014286 
0.6998077516033723 0.6980165104291656 0.6056941042317527 
0.6999772620448645 0.6741983125404062 0.6125643710831058 
0.6924832817105657 0.6963211217236616 0.6895594230716877 
0.6998077516033723 0.6980165104291656 0.6056941042317527 
0.6961671125894973 0.6997157470786693 0.5222660534354299 
0.6999552784727692 0.639696162893854 0.6137453487011405 
0.6999614742768963 0.6997166583593158 0.5214102305672293 
0.6999662354735718 0.6510373508654135 0.613704595128342 
0.6961671125894973 0.6997157470786693 0.5222660534354299 
0.6931750105512609 0.6963211217236616 0.6888280083359617 
0.6999662354735718 0.674196986355646 0.6136852920584328 
0.6999892080381436 0.6927411665982115 0.27108682478150203 
0.6924832817105657 0.6963211217236616 0.6895594230716877 
0.6951294845432097 0.69632066790187 0.6957237457038735 
0.6999552784727692 0.639696162893854 0.6137453487011405 
0.6922581646055993 0.6963206679018702 0.6947062216846879 
0.6951294845432098 0.6963202140803213 0.6904510129298568 
0.6999552784727692 0.6860217275064351 0.613730331713249 
0.6998077516033723 0.6980165104291656 0.6056941042317527 
0.6952310513096454 0.69632066790187 0.6904057968399429 
0.6999662354735718 0.6510373508654135 0.613704595128342 
0.6923679897054227 0.6963215755456961 0.6895890412243599 
0.6955632252765303 0.698017874618795 0.6055617209055543 
0.6999662354735718 0.6510373508654135 0.613704595128342 
0.6978306115208471 0.6980174198886745 0.6118653111344687 
0.6944157953205827 0.6980169651587983 0.6120766686283 
0.6998077516033723 0.6980165104291656 0.6056941042317527 
0.6998097909424696 0.639696162893854 0.6137601779237567 
0.6999662354735718 0.6510373508654135 0.613704595128342 
0.6955632252765303 0.698017874618795 0.6055617209055543 
0.6998077516033723 0.6980165104291656 0.6056941042317527 
0.6951926206412643 0.6609107696226643 0.696630119036905 
0.6999662354735718 0.6510373508654135 0.613704595128342 
0.6954424431759042 0.6980165104291655 0.6124016695420328 
0.6999662354735718 0.6510373508654135 0.613704595128342 
0.6999662354735718 0.6980160556997761 0.6129756715664183 
0.6999552784727692 0.639696162893854 0.6137453487011405 
0.6999892080381436 0.6927411665982115 0.27108682478150203 
0.6998077516033723 0.6980165104291656 0.6056941042317527 
0.6999662354735718 0.6510373508654135 0.613704595128342 
958482284267267 0.6136661811747219 
82575100199 
59710319729257 
