0.8468922171700187 1.1366478298275082 0.7584062701780475 
0.7959665652766961 1.4938005257564069 0.7330588497031076 
0.8063862695062609 1.4644356832271153 0.8234741909442519 
0.8468922171700187 1.257911108578511 0.7556886437266421 
0.8201005280228019 1.5712753474177548 0.7295625516501925 
0.8378939506733771 1.3700002401900728 0.7502214759453287 
0.8208472041986535 1.1728129052087106 0.8331333554108759 
0.8470075091751618 1.0277457994589314 0.7587230528420641 
0.7880658208794807 1.4111508848631236 0.9045652030801027 
0.7899763741075656 1.4871375994209117 0.8081762954758925 
0.8352367212694405 1.4937995449290375 0.7464769480546036 
0.8201005280228019 1.5170482245296788 0.7322522454327646 
0.7880658208794807 1.7140647445146564 0.7068796679372192 
0.7880658208794807 1.5673897330777555 0.8051026757614566 
0.7908383422885604 1.2308795309759213 0.9058830935120298 
0.8470075091751618 1.010665651080533 0.7588262704691636 
0.8352367212694405 1.468014736479952 0.7490640156918423 
0.799990790379936 1.6278904479423373 0.722178237697244 
0.8201005280228019 1.390398023250645 0.8297593881129086 
0.8468922171700187 1.257911108578511 0.7556886437266421 
0.7959665652766961 1.4938005257564069 0.7330588497031076 
0.799990790379936 1.6278904479423373 0.722178237697244 
0.7880658208794807 1.7140647445146564 0.7068796679372192 
0.8181899747947169 1.5992741164542097 0.7288327887767114 
0.8371472744975255 1.4180141777772652 0.7499199040792448 
0.8208472041986535 1.1927726139943415 0.8330838962026756 
0.7908383422885604 1.2519254745906514 0.9057921768614021 
0.8469690785067807 1.0451186179718521 0.7588105788393772 
0.810199238581732 1.4644356832271153 0.8229037317214201 
0.7899763741075656 1.5133246552801052 0.808074317988845 
0.7880658208794807 1.5673897330777555 0.8051026757614566 
0.7880658208794807 1.4111508848631236 0.9045652030801027 
0.8470075091751618 1.010665651080533 0.7588262704691636 
0.8201005280228019 1.4145776542048945 0.8296463273478218 
0.8371472744975255 1.4427595610217452 0.747326063231973 
0.8201005280228019 1.5438723218691346 0.7321339126373393 
0.8352367212694405 1.468014736479952 0.7490640156918423 
0.8470075091751618 1.0277457994589314 0.7587230528420641 
0.8352367212694405 1.4937995449290375 0.7464769480546036 
0.8208472041986535 1.1532132851429897 0.8332293456313646 
0.8470075091751618 1.1755953064115692 0.7557928071036184 
0.810199238581732 1.4644356832271153 0.8229037317214201 
0.7899763741075656 1.5133246552801052 0.808074317988845 
0.7880658208794807 1.7140647445146564 0.7068796679372192 
0.8470075091751618 1.0277457994589314 0.7587230528420641 
0.8201005280228019 1.5170482245296788 0.7322522454327646 
0.7907230502834174 1.3402358863831556 0.9056468133398374 
0.8181899747947169 1.5992741164542097 0.7288327887767114 
0.8378939506733771 1.3937669203184055 0.750096806233055 
0.8470075091751618 1.010665651080533 0.7588262704691636 
0.8352367212694405 1.468014736479952 0.7490640156918423 
0.7880658208794807 1.4111508848631236 0.9045652030801027 
0.7899763741075656 1.5400700433497923 0.8058592721802302 
0.8468922171700187 1.2159890390635388 0.7558248868619658 
0.8201005280228019 1.4145776542048945 0.8296463273478218 
0.799990790379936 1.6278904479423373 0.722178237697244 
0.7907230502834174 1.3402358863831556 0.9056468133398374 
0.8352367212694405 1.468014736479952 0.7490640156918423 
0.7899763741075656 1.3870394940184756 0.9053334602972242 
0.7899763741075656 1.5400700433497923 0.8058592721802302 
0.810199238581732 1.4644356832271153 0.8229037317214201 
0.8352367212694405 1.4937995449290375 0.7464769480546036 
0.8209240655354156 1.1728129052087106 0.8330612803076866 
0.799990790379936 1.6278904479423373 0.722178237697244 
0.8352367212694405 1.3238542763444452 0.7522669073487569 
0.8181899747947169 1.5992741164542097 0.7288327887767114 
0.8470075091751618 1.010665651080533 0.7588262704691636 
0.8469690785067807 1.0627916940249835 0.7587073695037736 
0.8470075091751618 1.0277457994589314 0.7587230528420641 
0.7907230502834174 1.4871395506096696 0.8061690364056572 
0.8181899747947169 1.439251453030535 0.8288965657353188 
0.8468922171700187 1.2159890390635388 0.7558248868619658 
0.7880658208794807 1.7140647445146564 0.7068796679372192 
0.8201005280228019 1.5438723218691346 0.7321339126373393 
0.8208472041986535 1.517050222931127 0.7298633485650003 
0.8201005280228019 1.5438723218691346 0.7321339126373393 
0.8371472744975255 1.4180141777772652 0.7499199040792448 
0.7899763741075656 1.5133246552801052 0.808074317988845 
0.7880658208794807 1.7140647445146564 0.7068796679372192 
0.8470075091751618 1.0277457994589314 0.7587230528420641 
0.810199238581732 1.4644356832271153 0.8229037317214201 
0.7899763741075656 1.3870394940184756 0.9053334602972242 
0.8208472041986535 1.1728129052087106 0.8331333554108759 
0.8469690785067807 1.099070302782389 0.7585497283039085 
0.8371472744975255 1.4427595610217452 0.747326063231973 
0.799990790379936 1.6278904479423373 0.722178237697244 
0.7899763741075656 1.5400700433497923 0.8058592721802302 
0.8181899747947169 1.439251453030535 0.8288965657353188 
0.8352367212694405 1.468014736479952 0.7490640156918423 
0.8468922171700187 1.2159890390635388 0.7558248868619658 
0.7907999116201794 1.3175152492763471 0.905678688030069 
0.8470075091751618 1.0277457994589314 0.7587230528420641 
0.8352367212694405 1.468014736479952 0.7490640156918423 
0.7880658208794807 1.5400690257886038 0.8073106286763915 
0.8029774255128529 1.5992751820037958 0.7232752810781875 
0.7880658208794807 1.7140647445146564 0.7068796679372192 
0.8468922171700187 1.1366478298275082 0.7584062701780475 
0.8371472744975255 1.4427595610217452 0.747326063231973 
0.8181899747947169 1.5992741164542097 0.7288327887767114 
0.7880658208794807 1.4111508848631236 0.9045652030801027 
0.8468922171700187 1.2367536613113108 0.7557465282592822 
0.810199238581732 1.4644356832271153 0.8229037317214201 
0.813559200207493 1.4392523914189432 0.8241381565091831 
0.8201005280228019 1.5438723218691346 0.7321339126373393 
0.7899763741075656 1.5133246552801052 0.808074317988845 
061294327707978 
688127814 
134048884 0.40693267178225623 
