0.7951205935751392 1.4180160220168325 0.7324107792758449 
0.8507901153924607 0.9257993458764499 0.7372741123253874 
0.8307897439282083 1.00633271248303 0.8254385643521824 
0.8449596107993484 1.0586690039826605 0.7330180030722493 
0.828923088273824 1.2554395195631922 0.7353715611391994 
0.8519211214422859 1.0237618694136894 0.7353917122992565 
0.8129223806259903 1.2988829881684523 0.7266286815181864 
0.8256123751762667 1.1705232709500886 0.820011134470896 
0.8098039832014814 1.3212379950104496 0.7254962495133417 
0.8210116287811838 1.2988821546736458 0.7305453509156403 
0.835516739329237 1.094802859101932 0.7276328115154501 
0.8258046908493151 1.2769528247582527 0.7342280367741674 
0.8331779354633144 1.151443368626914 0.7266885196788879 
0.7970970279490203 1.3700002401900733 0.7347813944573562 
0.8402600426855715 1.0765780750558167 0.7313365676642818 
0.8307897439282083 1.2769544600968818 0.7338156802236824 
0.79787664469777 1.005917743228735 0.908576522877252 
0.7951205935751392 1.2549135174824633 0.8216695766103859 
0.8319543664879736 1.1710098908568602 0.7262403018149252 
0.8484513347167015 1.0410661986483947 0.734297692387614 
0.7970970279490203 1.3700002401900733 0.7347813944573562 
0.7951205935751392 1.1504870736340997 0.9072880760142262 
0.8098039832014814 1.3212379950104496 0.7254962495133417 
0.835516739329237 1.094802859101932 0.7276328115154501 
0.825941780905247 1.0582314371898978 0.8235038926760033 
0.8307897439282083 1.2769544600968818 0.7338156802236824 
0.8275395842121073 1.2988821546736458 0.7297837963632482 
0.828923088273824 1.2554395195631922 0.7353715611391994 
0.8320195253164009 1.150964749998028 0.8222108318012415 
0.8098039600113182 1.1904415001270898 0.8133764326319459 
0.8129223806259903 1.2988829881684523 0.7266286815181864 
0.7951205935751392 1.4180160220168325 0.7324107792758449 
0.8098039832014814 1.3212379950104496 0.7254962495133417 
0.8319543664879736 1.1710098908568602 0.7262403018149252 
0.8296750690238521 1.1509654796840996 0.8214851408701146 
0.8275395842121073 1.2988821546736458 0.7297837963632482 
0.7970970279490203 1.3700002401900733 0.7347813944573562 
0.8129223806259903 1.2988829881684523 0.7266286815181864 
0.7970970279490203 1.3937678240369804 0.7331827792297835 
0.828923088273824 1.0406360819784433 0.8246397103287602 
0.8129223574358271 1.1705240139664277 0.8145392112343901 
0.835516739329237 1.094802859101932 0.7276328115154501 
0.7951205935751392 1.1504870736340997 0.9072880760142262 
0.7970970279490203 1.1312863800931283 0.9080823075018468 
0.8098039600113182 1.1904415001270898 0.8133764326319459 
0.8275395842121073 1.2988821546736458 0.7297837963632482 
0.7970970279490203 1.3937678240369804 0.7331827792297835 
0.8098039832014814 1.3212379950104496 0.7254962495133417 
0.7951205935751392 1.3937669203184055 0.7340031605454781 
0.8129223806259903 1.2988829881684523 0.7266286815181864 
0.8129223806259903 1.2988829881684523 0.7266286815181864 
0.7970970279490203 1.3937678240369804 0.7331827792297835 
0.8098039832014814 1.3212379950104496 0.7254962495133417 
0.8275395842121073 1.2988821546736458 0.7297837963632482 
0.7970970279490203 1.23381194745547 0.8224597053091192 
0.7970970279490203 1.1312863800931283 0.9080823075018468 
0.7970970279490203 1.3700002401900733 0.7347813944573562 
0.8275395842121073 1.2988821546736458 0.7297837963632482 
0.7951205935751392 1.1504870736340997 0.9072880760142262 
0.8129223806259903 1.2988829881684523 0.7266286815181864 
0.7970970279490203 1.3937678240369804 0.7331827792297835 
0.8129223574358271 1.1705240139664277 0.8145392112343901 
0.8098039832014814 1.3212379950104496 0.7254962495133417 
0.7951205935751392 1.3937669203184055 0.7340031605454781 
0.8098039600113182 1.1904415001270898 0.8133764326319459 
0.7970970279490203 1.3937678240369804 0.7331827792297835 
0.7970970279490203 1.3700002401900733 0.7347813944573562 
0.7982389909996481 1.005917108635519 0.9086041661095482 
0.8129223806259903 1.2988829881684523 0.7266286815181864 
0.8098039832014814 1.3212379950104496 0.7254962495133417 
0.8129223806259903 1.2988829881684523 0.7266286815181864 
0.7970970279490203 1.3700002401900733 0.7347813944573562 
0.8098039832014814 1.3212379950104496 0.7254962495133417 
0.7951205935751392 1.2549135174824633 0.8216695766103859 
0.7970970279490203 1.1124255203642215 0.9081295013632015 
0.7970970279490203 1.3937678240369804 0.7331827792297835 
0.8098039832014814 1.3212379950104496 0.7254962495133417 
0.7970970279490203 1.1312863800931283 0.9080823075018468 
0.7970970279490203 1.3937678240369804 0.7331827792297835 
0.7970970279490203 1.3700002401900733 0.7347813944573562 
0.7951205935751392 1.2549135174824633 0.8216695766103859 
0.8129223806259903 1.2988829881684523 0.7266286815181864 
0.7970970279490203 1.1312863800931283 0.9080823075018468 
0.8129223806259903 1.2988829881684523 0.7266286815181864 
0.8098039832014814 1.3212379950104496 0.7254962495133417 
0.7970970279490203 1.3700002401900733 0.7347813944573562 
0.7970970279490203 1.254914319399162 0.8206411592342147 
0.7970970279490203 1.3937678240369804 0.7331827792297835 
0.7951205935751392 1.4180160220168325 0.7324107792758449 
0.7970970279490203 1.1312863800931283 0.9080823075018468 
0.7970970279490203 1.254914319399162 0.8206411592342147 
0.7951205935751392 1.3937669203184055 0.7340031605454781 
0.8098039832014814 1.3212379950104496 0.7254962495133417 
0.8129223806259903 1.2988829881684523 0.7266286815181864 
0.7970970279490203 1.1312863800931283 0.9080823075018468 
0.8129223574358271 1.1705240139664277 0.8145392112343901 
0.7970970279490203 1.3937678240369804 0.7331827792297835 
0.8129223806259903 1.2988829881684523 0.7266286815181864 
0.7970970279490203 1.3700002401900733 0.7347813944573562 
0.8098039832014814 1.3212379950104496 0.7254962495133417 
0.8129223806259903 1.2988829881684523 0.7266286815181864 
0.7970970279490203 1.1124255203642215 0.9081295013632015 
0.8098039832014814 1.3212379950104496 0.7254962495133417 
0.7951205935751392 1.4180160220168325 0.7324107792758449 
0.7951205935751392 1.3937669203184055 0.7340031605454781 
048887 0.40894274914521594 
