0.8306579816366162 1.0582314371898978 0.8251424508304117 
0.8324148353813404 0.8225131306913687 0.8261478693912981 
0.8131639216370792 1.1705240139664277 0.8146291719682431 
0.7964821372549239 1.1504870736340997 0.9077719588756711 
0.8319536441706049 1.150964749998028 0.8221935656066571 
0.8538371879560172 1.0067491237026316 0.7360360067960482 
0.7982389909996481 0.9096340395343883 0.9086636034276961 
0.7982389909996481 1.2367536613113108 0.735709949941359 
0.7977777997889126 1.1312863800931283 0.9082838983270127 
0.8323928749994084 0.894849538921556 0.8260229556295139 
0.8323928749994084 1.1155187941586127 0.7384276462452398 
0.8324148353813404 1.043090728009392 0.7384466637270964 
0.8324148353813404 1.0406360819784433 0.8223935297284246 
0.7982389909996481 1.02291633566106 0.9084865525112978 
0.7982170306177161 1.213103199405714 0.8213212572040355 
0.8324148353813404 0.836535072565589 0.8260408859477405 
0.7934955021220071 1.2549135174824633 0.8211923991171739 
0.8306579816366162 1.2988821546736458 0.734013282742005 
0.7964821372549239 1.3937669203184055 0.7350069446498765 
0.8098039832014814 1.3212379950104496 0.7258417145696427 
0.8131639448272424 1.2988829881684523 0.727064990055506 
0.7982389909996481 1.0964793873317253 0.8230581397813211 
0.8301832176343877 1.1733005524202311 0.7375928561606531 
0.8323928749994084 1.1155187941586127 0.7384276462452398 
0.8323928749994084 1.0063333473392346 0.8258311149011712 
0.7964821372549239 1.1504870736340997 0.9077719588756711 
0.8324148353813404 1.043090728009392 0.7384466637270964 
0.7982389909996481 0.9096340395343883 0.9086636034276961 
0.7964821372549239 1.2764183761361545 0.8206322572128061 
0.7977777997889126 1.1312863800931283 0.9082838983270127 
0.8306579816366162 1.2988821546736458 0.734013282742005 
0.8131639448272424 1.2988829881684523 0.727064990055506 
0.8324148353813404 0.8225131306913687 0.8261478693912981 
0.8306579816366162 1.0582314371898978 0.8251424508304117 
0.8131639216370792 1.1705240139664277 0.8146291719682431 
0.7977777997889126 1.23381194745547 0.8227530168374207 
0.7982170306177161 1.3238568314499444 0.7339896985124992 
0.8323928749994084 1.2343289371182165 0.7346715922521614 
0.7982389909996481 1.02291633566106 0.9084865525112978 
0.8098039832014814 1.3212379950104496 0.7258417145696427 
0.8324148353813404 0.836535072565589 0.8260408859477405 
0.8319536441706049 1.150964749998028 0.8221935656066571 
0.8324148353813404 0.9410733012072693 0.8258491115228727 
0.7982389909996481 1.1150553186833194 0.822955391322496 
0.8538371879560172 1.0237625153478889 0.7359131978728699 
0.7977777997889126 1.1312863800931283 0.9082838983270127 
0.7977777997889126 1.254914319399162 0.8211373462856062 
0.8131639448272424 1.2988829881684523 0.727064990055506 
0.8324148353813404 1.0406360819784433 0.8223935297284246 
0.8323928749994084 1.1155187941586127 0.7384276462452398 
0.8324148353813404 0.836535072565589 0.8260408859477405 
0.8306579816366162 1.1705232709500886 0.8217001852304777 
0.8324148353813404 0.9410733012072693 0.8258491115228727 
0.8098039600113182 1.1904415001270898 0.8133764326319459 
0.8319536441706049 1.0406360819784433 0.8256472781353414 
0.8098039832014814 1.3212379950104496 0.7258417145696427 
0.7982389909996481 0.8944782681638185 0.9087622567136884 
0.8521022945932251 1.0765780750558167 0.7352455147076663 
0.7964821372549239 1.2764183761361545 0.8206322572128061 
0.8324148353813404 0.8225131306913687 0.8261478693912981 
0.7982389909996481 1.1150553186833194 0.822955391322496 
0.7982389909996481 1.02291633566106 0.9084865525112978 
0.7982170306177161 1.3238568314499444 0.7339896985124992 
0.8323928749994084 1.2343289371182165 0.7346715922521614 
0.8319536441706049 1.2769536424272736 0.7344942005674856 
0.7977777997889126 1.1124255203642215 0.9083830525179724 
0.8098039832014814 1.3212379950104496 0.7258417145696427 
0.8131639448272424 1.2988829881684523 0.727064990055506 
0.7964821372549239 1.2764183761361545 0.8206322572128061 
0.8324148353813404 1.043090728009392 0.7384466637270964 
0.8323928749994084 1.1155187941586127 0.7384276462452398 
0.8324148353813404 0.836535072565589 0.8260408859477405 
0.8324148353813404 1.0406360819784433 0.8223935297284246 
0.8323928749994084 0.894849538921556 0.8260229556295139 
0.8319536441706049 1.131755563708487 0.8223120094922282 
0.7964821372549239 1.1504870736340997 0.9077719588756711 
0.8306579816366162 1.2988821546736458 0.734013282742005 
0.8306579816366162 1.0582314371898978 0.8251424508304117 
0.8324148353813404 0.8225131306913687 0.8261478693912981 
0.8323928749994084 1.2343289371182165 0.7346715922521614 
0.7977777997889126 1.1312863800931283 0.9082838983270127 
0.7977777997889126 1.0756878415739934 0.9084325184985399 
0.7964821372549239 1.3937669203184055 0.7350069446498765 
0.8098039600113182 1.1904415001270898 0.8133764326319459 
0.7982389909996481 0.8944782681638185 0.9087622567136884 
0.7977777997889126 1.23381194745547 0.8227530168374207 
0.7982170306177161 0.9565926835041018 0.9087452588692448 
0.8323928749994084 1.2343289371182165 0.7346715922521614 
0.7982170306177161 1.3238568314499444 0.7339896985124992 
0.8306579816366162 1.0582314371898978 0.8251424508304117 
0.8131639448272424 1.2988829881684523 0.727064990055506 
0.7977777997889126 1.1124255203642215 0.9083830525179724 
0.8324148353813404 1.1536921735274461 0.734691703579041 
0.7964821372549239 1.2764183761361545 0.8206322572128061 
0.8319536441706049 1.150964749998028 0.8221935656066571 
0.8098039600113182 1.1904415001270898 0.8133764326319459 
0.8324148353813404 1.043090728009392 0.7384466637270964 
0.8098039832014814 1.3212379950104496 0.7258417145696427 
0.8319536441706049 1.2769536424272736 0.7344942005674856 
0.8324148353813404 0.9410733012072693 0.8258491115228727 
0.7982170306177161 1.213103199405714 0.8213212572040355 
0.7977777997889126 1.1312863800931283 0.9082838983270127 
0.8324148353813404 1.0406360819784433 0.8223935297284246 
0.7982389909996481 1.02291633566106 0.9084865525112978 
0.8324148353813404 0.836535072565589 0.8260408859477405 
99 0.6582373863301788 0.6764376181451341 
0659768 
