0.7747280306121862 4.787036409502665 0.9098784073354149 
0.8674559460509979 2.1372472535376166 0.9266149288411715 
0.755459589559069 4.004762062438867 0.9251768751276662 
0.8067912532305048 2.1419143420186537 0.9411888026002353 
0.7207089473904766 5.8815272492297535 0.8880618533995199 
0.7007243116111224 5.328219454618452 0.9164359055620822 
0.7674604758510951 5.403693268872218 0.8933440146606648 
0.7459833580485775 5.255029030428105 0.898962191520389 
0.8679300140164182 1.6460285860869943 0.9375894192392813 
0.8410793322175053 2.174970724733555 0.9409731202153346 
0.8039537651565645 4.0684913994344125 0.9077984444676568 
0.8268527918700946 3.583644461488904 0.9321162435620381 
0.7252048884081805 5.5694423822309655 0.9024446025124616 
0.7477389221491739 4.487811155889288 0.9208794865039835 
0.8189819542133464 2.8535481778954623 0.9376366791721502 
0.7860625329740082 5.092906695947048 0.8811114023755404 
0.7785460305578658 5.179159673407508 0.8764459029490955 
0.8488657489197172 2.9670071930036404 0.912169254235484 
0.7507157626584203 5.625290456852609 0.8591718731202789 
0.8426571500901407 2.744889148224017 0.932406011673795 
0.7703527730473229 3.4592701880323182 0.9367677071417224 
0.7037365969899816 5.931797696281007 0.8954531768532149 
0.7301215532734664 5.172479942765072 0.9186314609665844 
0.8325700915075396 3.1948499242317414 0.9112756726873523 
0.794079241773777 4.503917333216876 0.8887544291825507 
0.7071521905094247 6.2243464126461365 0.8456527881613756 
0.7516635767003974 5.6012476990698294 0.8905337491971769 
0.811385436343753 4.121844660628794 0.8955794556463951 
0.7316724584079337 4.452825909089747 0.926673692118354 
0.7042712692300754 6.367793998385875 0.8886855975790237 
0.7732937999006472 2.3226348202105855 0.9400925861181956 
0.7381608668159161 6.1032899248229935 0.8553921837897211 
0.7851950966657877 4.181639018826797 0.9221525850829934 
0.7439189563412464 5.81990617782467 0.860250980280676 
0.7216658174333905 6.123740451488946 0.8595258076198753 
0.869264485844266 1.7776389959844576 0.9350735504900342 
0.7347315423025758 5.911673405602459 0.8561044947687069 
0.7556290773812928 5.278997777989027 0.8951255542773718 
0.7428939215277911 5.910935352007807 0.8599018020098433 
0.7858819558778787 4.9409274145574225 0.885289172739594 
0.8324160330888201 2.800317866269109 0.9303222333101465 
0.8594542817774893 2.6449326049312467 0.9200830749726174 
0.8022918631560161 4.142763507925568 0.8952304862864856 
0.7612673532143189 3.9996581288841138 0.9252591927923987 
0.8539991008530217 1.997428269777658 0.9319028564043573 
0.8157879148150856 3.829438739096713 0.9269648293064096 
0.7043173127264499 6.081435677705862 0.8903634225979495 
0.7741688370240478 5.169014985485385 0.899139492890912 
0.7949337409491568 3.8767375020369963 0.9338955558143479 
0.7235781228809967 5.174845808152871 0.9225594042614573 
0.8176989710416623 2.674895921187621 0.939778740976295 
0.7576446655409368 4.322948124673754 0.9229592671423611 
0.7486880111361869 5.655245258610811 0.8593790881233924 
0.7413293821824878 5.2377490013779155 0.8995335701547469 
0.7246945965328496 5.579023751641576 0.8905989261147893 
0.7067473951585308 5.867054463810293 0.8955328023936031 
0.7985646646739003 4.108852216815993 0.9148889155682431 
0.7822369812167379 4.0779614719911095 0.9233827838217888 
0.8628295562893924 1.9756995154834314 0.9304390116562905 
0.8189330451015157 2.1387426589766396 0.9421234415021715 
0.840484347362412 3.05459131739592 0.9058085960754657 
0.7198691052973974 5.681048658775106 0.9042242423111777 
0.7377445914223772 4.708112796180863 0.92512807749761 
0.7851950966657877 4.411612350930892 0.9109341411739076 
0.8341528798720348 3.0872289639232133 0.91426325919289 
0.8900389493469619 1.3965910965766999 0.9354082952265238 
0.7920894915303678 4.139508410140012 0.9228530540672557 
0.7301727728202224 5.325130375781069 0.8990423993772827 
0.7709164775640026 5.033728344368319 0.905139235222151 
0.8169695271672532 3.1773173784028397 0.9326760568231998 
0.7389524851046421 4.241369360213436 0.9280832079487829 
0.7483231491110642 4.870852760325393 0.9163759556326532 
0.7358795652673544 4.720827092636027 0.9243232839569 
0.7347315423025758 5.911673405602459 0.8561044947687069 
0.7284352190665302 5.325768389914757 0.9108858830400347 
0.8208103309313574 2.2355255846127426 0.9360325640579438 
0.8080159239835186 4.1947850372649995 0.8950990566214062 
0.7442207769829903 5.78385605345406 0.8600728014897864 
0.7234494370270703 5.873911455684227 0.8890454841396268 
0.7089271799016953 6.0459130993463495 0.8925277545218469 
0.7986129811818806 4.377570923891172 0.908207788034565 
0.8118080626101629 2.119012824235169 0.9421826299123042 
0.7862524445661232 4.787830104284666 0.8864358372657206 
0.7380067518435041 5.776814673786891 0.8880267093454521 
0.8033536731083435 3.304465694611051 0.933438792611539 
0.7986987872278964 3.821613892013448 0.9351273591584396 
0.8308619894497498 3.0809855455899906 0.926933772072381 
0.8296974287825024 3.232951455544575 0.9127816112000839 
0.7858819558778787 4.913562010913416 0.886656789101641 
0.7955522999781625 3.8489292433289646 0.9347066656445451 
0.7305237979624344 6.202494083793527 0.8527095219969706 
0.7602141900387764 4.93820498286453 0.9116045216724187 
0.7167256875286033 5.783130681386138 0.8901172761934563 
0.7359810839778547 4.870849849745392 0.9174016668907563 
0.8744521040225064 1.4863738283782681 0.929437772175511 
0.8264474367477176 2.062622028238366 0.9410488026212634 
0.7382093935944959 5.652196001970318 0.8840014448396708 
0.8007404014144915 4.372937038513552 0.8965688224804068 
0.8122207866686483 3.9225846886802676 0.9269038723108475 
0.8665406728384164 1.6855883446023472 0.9358657917820905 
0.7588496599812744 5.264614910850166 0.8939193411427028 
0.8097220181419758 4.421010974030296 0.8863873320048276 
0.7390253664102363 5.310194225668636 0.9158538360822203 
0.8343009308500398 3.1945805018346247 0.9138178816934246 
0.8617445149635204 1.8464057804110594 0.9332781912375661 
