0.825746935802202 1.2154965129924822 0.7734484955372014 
0.794545353355981 2.035269106508248 0.7240004917194742 
0.7420363580271602 2.46538598894533 0.72542807256821 
0.7421613851542923 2.5546443417509193 0.7028025806836139 
0.7744142765437396 2.1419170727301196 0.7299304915287106 
0.8228320710132733 1.3705107159479573 0.7602800277131317 
0.7696075207973784 2.254285487405569 0.708274650686183 
0.7797344391728139 2.1783379999917747 0.7225091031391455 
0.7426960827081399 1.415034194195683 0.7774330758407257 
0.7569607500192845 2.21811069772875 0.7420305144538266 
0.7598683921911373 2.254800153956016 0.7138817208560605 
0.834030355347788 1.477333005144374 0.7114427240574088 
0.7680475818700989 1.2350464217335575 0.7810424108257585 
0.7648979960460325 2.0720783257524413 0.7490906561278784 
0.7390239550856439 2.072865929892762 0.7540008982735683 
0.7239102158557318 2.1817311634545766 0.7521292457633043 
0.7918677064003673 2.0692491481889914 0.711015579078171 
0.7289945987424178 2.6524854444214703 0.7166362432582873 
0.7599236863583541 2.3771868772829263 0.7104278578335798 
0.74409558818921 2.257470394207232 0.7386973601752612 
0.7456428085363618 2.464223778049591 0.7122974913641873 
0.822466113967002 1.727706585294982 0.7171798889700898 
0.754218792427575 2.377191882821888 0.7143632743661323 
0.7569506300522065 1.5038496914944632 0.7648380352535641 
0.764128567548797 2.3344905642766323 0.7018504933867897 
0.7851365195102712 1.7860772181670852 0.7410552135072117 
0.8252094307101163 1.2710472975069975 0.7582128885055733 
0.8408620633467737 1.2702904104399115 0.7479197816205014 
0.7788826408043994 2.215115964039997 0.7025388082586389 
0.8313133561448766 1.3286569146237512 0.7291553549778546 
0.8050417449890115 1.784578852801555 0.722216166619041 
0.7427920868064171 1.5756588855101326 0.7633781140450976 
0.762808304932589 1.4583407274109748 0.7726024245972424 
0.8201075660040726 1.7834567460944868 0.7082097978627319 
0.7277806186048477 2.8053867507621955 0.7001092678113654 
0.7114803695850298 2.3388814954080086 0.7449869447993919 
0.7547475378348532 2.29547142237938 0.72546399054476 
0.7769959383850242 1.5504303807885522 0.7592062165712103 
0.796901325954027 1.5981298064310379 0.7376486374693627 
0.787696709162526 1.675934966558293 0.7492335126025547 
0.7367755323261042 2.602588412210729 0.7067449064571517 
0.7470875041178344 1.787559291617749 0.7554261204879698 
0.7061046746821242 2.380594151308865 0.7412214542507264 
0.8023338054368514 1.7287868243842484 0.7298226765419352 
0.7680475818700989 1.4806493923979458 0.7672241280076727 
0.7547386298170355 2.46306469972202 0.7005699061069629 
0.7373217492768223 2.3799453974110434 0.7449218781233546 
0.7337369030835115 2.7011381436341857 0.7024327275518283 
0.7998540708870381 1.9033047448301523 0.703971246478 
0.8277711015985243 1.501801256652874 0.7466315306588579 
0.7711065553784563 1.758133092429279 0.7456803910143175 
0.7823931348728079 2.1058539470608615 0.7319577632788504 
0.7304393677541515 2.556613107696981 0.7244745505185154 
0.7879414620002135 1.2720881540952311 0.7758621727904851 
0.7296556848949851 2.511528178261112 0.7396658099157786 
0.796889971705663 1.350726773904074 0.7698889574525527 
0.7479468494328552 2.1444073042026943 0.7538761657353514 
0.8173426860190588 1.6227238969224458 0.7324244463657688 
0.7569607500192845 2.21811069772875 0.7420305144538266 
0.7259897574757175 2.511661332979757 0.7388203254164553 
0.7448478104721707 2.464802273124747 0.7196331439126444 
0.7829697908426645 1.729862259034761 0.7412552394528924 
0.7574339715012712 1.6506897905775615 0.754186630728685 
0.7373217492768223 1.6004105406616642 0.7595561398473479 
0.782438547179561 1.6762200512369472 0.7517690173083255 
0.7922927296749388 1.9368710521120691 0.7335794863369228 
0.7448376516640616 2.465383311876667 0.7271842063130014 
0.834030355347788 1.477333005144374 0.7114427240574088 
0.7680854389207746 1.3515845278826966 0.778000614014383 
0.7519473720355083 2.419307692826465 0.7011610543848837 
0.7479468494328552 2.1444073042026943 0.7538761657353514 
0.7114803695850298 2.3388814954080086 0.7449869447993919 
0.784749087765502 2.103993530433271 0.7025383528580599 
0.8177780311623538 1.271283996377841 0.7679642872996967 
0.7998540708870381 1.9033047448301523 0.703971246478 
0.7443996499885494 1.3936712803583593 0.7786415099492147 
0.807092211317121 1.5021018427870905 0.7434830427784286 
0.7239102158557318 2.1817311634545766 0.7521292457633043 
0.7852311590920424 1.480299269755194 0.7647077955822724 
0.7308935023550602 2.5566098059179123 0.7247162679310192 
0.8250669661333013 1.5727795903576545 0.7357467193439168 
0.7497679071194342 2.337172189783861 0.7371017004603793 
0.8023538917425529 1.8430919294014387 0.7204371028860431 
0.7615439735308407 2.3760901587416883 0.7028897088007283 
0.7289945987424178 2.6524854444214703 0.7166362432582873 
0.7390239550856439 2.072865929892762 0.7540008982735683 
0.7574441303093804 2.217110319111623 0.7272438940073335 
0.7645132336845861 2.1433456522216847 0.747111164266216 
0.7974854749865811 1.93654799141206 0.7275665233804977 
0.7373217492768223 2.3799453974110434 0.7449218781233546 
0.7896340339749448 2.0016011415674777 0.7243202482798422 
0.764128567548797 2.3344905642766323 0.7018504933867897 
0.7823526256465044 1.2915243689667288 0.7791369730972145 
0.8055426647135648 1.1979830702159002 0.7750270505223839 
0.7797344391728139 2.1783379999917747 0.7225091031391455 
0.8228320710132733 1.3705107159479573 0.7602800277131317 
0.8409818591613184 1.2331181318840152 0.7572707237842645 
0.7595944873304804 2.335562627905955 0.7179820954309112 
0.7778969158094771 1.6246423263559018 0.7547700218469517 
0.7421613851542923 2.5546443417509193 0.7028025806836139 
0.7569593885476968 1.48087927814582 0.7685835399313394 
0.7969567490623582 1.5734040689527231 0.7422744708895471 
0.8366890510477819 1.3087884806648078 0.7326747127669698 
0.7765426492489597 1.5265997789086234 0.7629086854566252 
0.7247267202269381 2.7538186848620945 0.7156148003683499 
