0.7279234100514236 2.9400055445090527 0.8085025177325601 
0.7400615569787424 3.9854760412767147 0.7299728337694686 
0.7400542705254081 3.4772380805112055 0.7625246111060268 
0.7003822869739016 3.6449900491475082 0.7896747352210203 
0.7791796237936119 3.420297153834832 0.7270123487320557 
0.7042917790330239 4.625981106655608 0.7083258881115072 
0.7430348800163531 3.6794854241539383 0.7503263214755084 
0.7446401985722354 2.559660101180217 0.8121934050090099 
0.7780502667518908 3.541285361921558 0.7054087260788922 
0.7496599785900759 3.623153523783431 0.7546521548781526 
0.7245805189987631 4.592571108050673 0.7054340815958946 
0.8387150121475189 1.6662896645913459 0.7736788580432468 
0.7217857601906302 4.415293846044445 0.7299988683107248 
0.7538880051173884 4.005181993780919 0.7219175421806351 
0.7179423451378275 4.462866074739562 0.7110170793341796 
0.7268895647851689 4.124821551076379 0.7864564595816911 
0.7092312492568309 3.26676806523058 0.8127541659723444 
0.7936614752618654 3.102048989640113 0.7208191093501211 
0.8145250037151914 2.6628604114264944 0.7279663956694734 
0.8165120934358824 2.0318419627734214 0.7920159856486727 
0.8378318736729291 2.1878604917705733 0.7730743706009283 
0.7598719376873777 3.0063625271712695 0.7841899076737257 
0.7823913876449142 2.70537345124644 0.7640923731668838 
0.7273624562711617 2.6744719518270674 0.8117723033830565 
0.7038259648424015 4.517189392192925 0.7309786621031678 
0.7983112611841163 2.88044662835163 0.7554658311123785 
0.7181557376263003 4.439646641611564 0.7391948180897874 
0.7995647124326447 2.8096385660003036 0.7215142221523655 
0.7857085877441216 2.520900740479114 0.7859730713801585 
0.8194792054833566 2.5439664738512096 0.7768167596948268 
0.7196186715532135 3.5336903532012522 0.8030964476018646 
0.7582172814330093 2.270739294437562 0.803313257765121 
0.7964866185896944 2.143963862824782 0.7953631733522804 
0.7415043846011594 4.23598397613459 0.7201428626082746 
0.7534757416618616 3.9848594124986816 0.7413602126786332 
0.8236103457155688 2.53233917513676 0.7608593294949144 
0.731777689700295 4.050394528847931 0.7284851896447857 
0.7080867984242031 4.266625359308013 0.7830532768080178 
0.7932783518106494 3.0178786122464087 0.7427726529101294 
0.7261006840511381 4.3136747856299875 0.7517490845675255 
0.7299972981224505 4.261869914190495 0.721207109762121 
0.7599417923526023 3.3091562402394583 0.7677072831918098 
0.7175786683356351 4.59749009784259 0.7195957204305631 
0.8210773711970334 2.7488528385715285 0.7222602114409751 
0.7188621247244409 4.3386923510285245 0.7683723923614848 
0.7746946107070867 3.563277515634234 0.7394805635070095 
0.8430114587294483 2.056287276220477 0.7417682488170649 
0.7809099146984155 3.0742380742004287 0.7510288750214215 
0.8403980339477118 2.2843090531353836 0.7314862838201968 
0.7948203055829308 3.0733739242387936 0.732131939468724 
0.7362635745980488 4.009621113848355 0.7380255794728701 
0.8389513401711391 1.5355247089487496 0.7785071948628052 
0.7587204996199559 3.6560581995383252 0.7253761696995318 
0.765503463852126 2.5685348857890937 0.8005348291355854 
0.7425231167697268 3.429020918824097 0.782526435646945 
0.750226355533816 3.079054776403367 0.8035113148330101 
0.7075971442251096 4.62569611968629 0.7139331994489292 
0.7463199796871656 4.166337497230369 0.7282794744018325 
0.7986363665340698 2.6910143638206243 0.7324495608564714 
0.7862193093553829 2.3460787176561353 0.7974225393060239 
0.7867855077987593 2.5005878813561977 0.793267736311153 
0.8275473289272175 2.4543967417184094 0.7331752276288032 
0.7766212289175631 2.8318893448179505 0.790571424037406 
0.7311390228728334 4.332670397810208 0.7180753633444226 
0.8424163862939099 2.1953165797085075 0.7700051028786499 
0.7098742480355125 3.591715177592977 0.7932929575156616 
0.7754566833939533 3.4547930006155094 0.7065840122369418 
0.7369022326532305 3.9861789550208417 0.7355149256289889 
0.7787522091063427 3.2600022686652803 0.7696847715122391 
0.7536820467573631 3.496579522564387 0.7588812692728877 
0.794821551544144 3.0303552686532056 0.7264609511626289 
0.7263000273758106 3.518590029235261 0.7929470473599513 
0.8210582929396417 2.031841689707769 0.7922104900034849 
0.7538384663190019 3.67720404967417 0.7423885327616232 
0.7281648196775214 2.834512188114959 0.8057148856330926 
0.8390230077234269 1.7044180775874012 0.7733636620543686 
0.750226355533816 3.1837454197524035 0.7933664971799554 
0.844206355017276 2.000164750406276 0.7370082809689368 
0.7973850178975899 2.934094736709923 0.7566392046980926 
0.7243209543278866 4.382731806493714 0.7072526842089669 
0.7260775579503387 4.265323378413786 0.7566262948579405 
0.7220003538635205 4.413862328789423 0.7399447493539756 
0.708086798424203 4.266625359308013 0.7831213437825706 
0.7687584628375191 2.398068542576183 0.798996721362476 
0.7503075559272764 2.590931867656962 0.7982303111826037 
0.7787835330457894 3.3902775654710684 0.7410034107744636 
0.7904062183387739 3.1931052107926097 0.7294387393504601 
0.7291053480924932 4.0321984941705615 0.7603886712653419 
0.7464434508042044 4.046080284679223 0.7180537309467012 
0.8210773711970334 2.7488528385715285 0.7222602114409751 
0.7328133703006252 3.883577221485804 0.7593621630048409 
0.7646316913224028 3.307157899820437 0.7679217215821973 
0.7927426265972661 2.9756474641595845 0.7437467671197231 
0.7142681560101554 4.440035350389357 0.7240128674720783 
0.7329911556733759 3.6047207067955775 0.7612841289590039 
0.7913996755189275 3.223987585741621 0.7267082923268134 
0.8187618831220757 2.646768085811685 0.7771157319889925 
0.7993103218826035 2.914415419273161 0.7199255087196629 
0.8317784873013543 2.4464565102798477 0.7653358421375646 
0.7495794157507129 3.344554368456561 0.7956199483840865 
0.7276089942555648 3.589774134309553 0.7818006857075256 
0.7281126168999212 3.6235809565558155 0.7629204865425511 
0.8133805726217056 2.5553272153782234 0.7810597468986846 
0.7196186715532135 3.3765429419452073 0.8062662213409084 
0.8256070227529974 2.279767847763789 0.7666309534754396 
