0.5436047055484643 0.698793465262112 0.6995012204997887 
0.5420149760851791 0.6999963104005036 0.6992171260946213 
0.5266913983868506 0.6989318665659024 0.6997999359150043 
0.5302602820823422 0.6997533326259743 0.6997175547173844 
0.5378935260588538 0.6982337602249079 0.6998088879703988 
0.5425913850852713 0.6993676849552721 0.6984896650649147 
0.5374933153745036 0.6988563460765828 0.6995959124629634 
0.548383896529578 0.6892877846839222 0.6999388539405235 
0.5478440082368348 0.6971767271537931 0.699872378873904 
0.5568801952383594 0.6822411565625683 0.6996636014344058 
0.5539058141201839 0.6507371656022229 0.6999940783308324 
0.5531078273666944 0.6995854892221836 0.6981190004183381 
0.5632040913050425 0.6902241731023436 0.6990618285100917 
0.5459405068973601 0.6773643626580803 0.6999936402043306 
0.5548095812830545 0.6956425602553956 0.699752264862904 
0.5466749269538349 0.6840395800929006 0.6999692171631635 
0.5535749851135265 0.680667496644394 0.6998740010984604 
0.5557447844461731 0.6936778930048539 0.6998229421920982 
0.5577496159888643 0.6945820661114918 0.6979781641496593 
0.5532297894272238 0.6894232180402828 0.6999082451182872 
0.5538316923129265 0.6957113300178102 0.6996802874321658 
0.5595462223463707 0.6788346127607732 0.6996792443539079 
0.5529065302413971 0.6625350051237403 0.6999959169434418 
0.552895085674053 0.6990807292042268 0.6983054729492604 
0.5589452564157146 0.6929405522750457 0.6995361224250874 
0.5572145502075889 0.5263802136693502 0.6999673428999553 
0.5553451303628578 0.6775644333105676 0.6999897276616156 
0.5306448236326033 0.6999974682157489 0.6904288090972031 
0.562798693171478 0.6664025889975542 0.6994342993421531 
0.5555390256042337 0.6998281889629785 0.6974379677796011 
0.5530416018027448 0.6985641703283268 0.6997159944652739 
0.5577572923668501 0.6840013460112218 0.699660679033177 
0.5557964269455965 0.6961704617727023 0.6986125258905522 
0.5601004689149124 0.673443724025214 0.6998964526084738 
0.5565921792234585 0.6826026264981812 0.6998617308445695 
0.553730306209038 0.6941664895761703 0.6997530347525031 
0.5535514900055734 0.696847966536388 0.6995632575085121 
0.5586785007183308 0.6934790828472575 0.69846098588909 
0.5648755905345706 0.6495910286615172 0.6991618735755863 
0.5538324284132561 0.6960593610578444 0.699057017267109 
0.5560342613047387 0.6976608914141065 0.697966111390321 
0.529617757794898 0.6998850288256674 0.6978682484852318 
0.5368065376473249 0.6988811984932378 0.6985767795129051 
0.5191450752525671 0.6999095646442155 0.6955488147481949 
0.493955568260827 0.6991314654238704 0.699019504752185 
0.5349113566818056 0.6908779366132042 0.6998636959567578 
0.5620844137550365 0.6735894690432617 0.6989489694644793 
0.562643834565786 0.6861097829770834 0.6985216551938185 
0.5600703931156834 0.6853428844384691 0.6987705714074238 
0.5539914706852762 0.695325995255401 0.6992197946027268 
0.5553458664631874 0.6853930833203064 0.699819980231037 
0.5430425091284781 0.6846134233753809 0.6998969023328365 
0.5430425091284781 0.6846134233753809 0.6998969023328365 
0.5488741336523355 0.6887828845597909 0.6997775464578398 
0.5482655617337575 0.689226259309997 0.6998057178285692 
0.5497980842060415 0.6882236267527689 0.6998885708693006 
0.5500608073439051 0.6825835027954605 0.6998700759457751 
0.5589452564157146 0.6773748390720052 0.6996157346563777 
0.5308151509930541 0.5921902968690017 0.6999950197319944 
0.4402328527575101 0.6134508626120357 0.699990212879787 
0.5482633412818447 0.5670392477385682 0.6999954561444433 
0.5509029110608727 0.6990678007398771 0.6982521841919084 
0.5564901418049637 0.6917734084766333 0.6990009476394955 
0.5538651144884219 0.688315592330216 0.6993096982609878 
0.5563822113258923 0.6860359978392253 0.6990614998580735 
0.5559649049121553 0.6873687315221793 0.6990297379100071 
0.5580073545409531 0.6881362484459854 0.6989176674316725 
0.521799340574135 0.6398474467087676 0.6999867555547712 
0.54207265597969 0.6508376104639945 0.6999746249868207 
0.5073583925646907 0.6632738699458213 0.6999819323823118 
0.5374933153745036 0.6715486241584296 0.6999345202320207 
0.5525973070801928 0.5696459356623301 0.699921554811238 
0.5516549297880983 0.6076184532951021 0.6999867592913174 
0.5521496453989692 0.6431740179025404 0.699982536404397 
0.5473693850592668 0.6697175198600009 0.6999681243536914 
0.5525185048811181 0.5854083365616516 0.6999624830669107 
0.5481971036020747 0.6565497703143117 0.6999300788055591 
0.3463616672025953 0.69998387692572 0.6537757058812215 
0.5626453067664454 0.6444049056262757 0.6993787242416745 
0.5462258418888799 0.6984452666479827 0.6995690500471378 
0.5506231426387395 0.697090377724911 0.6989914567311173 
0.5503948506239041 0.6978795608184851 0.6988238079562714 
0.5504810379324416 0.695989535718248 0.6997001525628007 
0.557545490107016 0.5946835975644879 0.699825932308467 
0.5589738219587173 0.6437865651032446 0.6995882080823767 
0.5521618642697177 0.623581845493213 0.69987959205527 
0.5590279758424825 0.651861419435161 0.6993276054233001 
0.5585306530462473 0.6689058202979853 0.6998111606313937 
0.5524023759361603 0.6855400409955666 0.6996285539040638 
0.5581174949719827 0.6885605688149886 0.6971066125579088 
0.562798693171478 0.6481823885876189 0.6980398645192243 
0.5546119896767601 0.6957170690232157 0.6975115818682015 
0.5522516989062909 0.6959341292538458 0.6969103488395357 
0.5551494500048487 0.6944520550937999 0.6977693291980098 
0.5553451303628578 0.6952583864026929 0.6970249475293768 
0.556005823030133 0.6968652364877238 0.6968926626193409 
0.5173992829959797 0.699903919148194 0.6856694755768028 
0.5186393125747666 0.6993864113506707 0.6885868982232636 
0.5575747809269966 0.686029443130819 0.6980859576847566 
0.5612594437625256 0.6841976707026486 0.6976248076682299 
0.5621546465829401 0.6806127043724126 0.6984616731299164 
0.5503356989204702 0.6890107876376658 0.699696322044789 
0.5538401468586527 0.6842341554616609 0.6986497740214458 
0.5452999616887217 0.6981705255013702 0.6976194387153283 
0.5572701940101501 0.6506321249538447 0.6996604095880631 
