0.14283498704650655 0.6508129449873752 0.5870989814446279 
-0.17053006310494823 0.6999556551511168 0.5048850827597839 
-0.17907153543202692 0.6959356333586663 0.5972588707229249 
0.09503947265945512 0.6707901700853962 0.5934957135227499 
-0.17379562427030537 0.699945631976665 0.5263546087073857 
0.3830081286766218 0.24277423054706224 0.6638723298751847 
-0.16686605874689775 0.6999320912044804 0.502340894384611 
0.14994741055478722 0.6340730953672403 0.5992153075370696 
0.033902799448278786 0.6983687464296833 0.5780598590860819 
0.11841832313512712 0.6543058604224522 0.5850825864395283 
0.09468336309477876 0.6881185992565911 0.5719662614508784 
0.35835631431438253 0.29115608645848434 0.6572107690759829 
0.37432229354287305 0.24907607757844416 0.6659710386014139 
-0.17372074589647557 0.6999241034028072 0.5645200417431436 
-0.3592479090560401 0.6999612659172549 0.5521121337084455 
0.3580931741388209 0.31414808745822703 0.6575390407155642 
-0.05239272195067146 0.6691692528483141 0.6055797440377343 
-0.0019587886797394205 0.6991737604382875 0.5524429127216797 
0.03313396797195811 0.6987604439187398 0.5719333855961666 
0.11949382457381441 0.6645534533191819 0.5840690767397111 
0.0861280868704849 0.6881773630674075 0.5773462264191757 
0.3362303706100642 0.25944566977977535 0.6622262663052364 
0.0043047380479876995 0.6317316355149283 0.6099151559808634 
-0.05374685658074996 0.6807296147464356 0.5952179906542708 
0.3584979095669498 0.2594087562587137 0.6647033776755032 
0.3107501647615327 0.36981837027332876 0.6527237250253366 
0.3688703425086749 0.2876979588070698 0.6607263129901892 
-0.024597857109362797 0.6996483203221188 0.5792820433332567 
-0.30987022789432106 0.6999626840239379 0.5224747770895887 
0.36378973597122954 0.2754331187500873 0.6616359630868961 
-0.08845029100383761 0.6959669095642383 0.5937176123943662 
-0.05174702313925028 0.6779435306792959 0.6003808056604076 
0.3827047315787028 0.24324593860135135 0.6673307771500477 
-0.14682486801376982 0.6913984726916244 0.5991088231216305 
0.32680120790223566 0.31486488886444713 0.6474342074457207 
0.05827431421125373 0.6985498090368882 0.5694002045596301 
0.0607060518339011 0.6926422017068286 0.5614297281323325 
0.05919806475978906 0.6955848936117865 0.5698641408110902 
0.0198001058610332 0.6965552829768795 0.5784355153759598 
0.32398526881299694 0.3409626827553043 0.652122836142261 
0.2497994674269568 0.6186871782018717 0.6251544918373241 
-0.12480199863019958 0.6983048815170968 0.5901929095265931 
0.04750837989000045 0.6645057631693426 0.6006347693578503 
0.08922276050940603 0.6848936956555635 0.5922502961959553 
-0.05284977143495917 0.6772481860163423 0.6055202044845558 
0.09014459638443584 0.6869566789723243 0.5844067102491165 
-0.10255534683449885 0.6982488108718933 0.585518794653525 
0.10256916044778597 0.6846588695793193 0.5795643761865295 
0.07480726502737234 0.6906520115385075 0.5930066385946726 
-0.26891853373800134 0.6974133739573642 0.5923345555727414 
0.14630842231761554 0.6459248759998286 0.6018917505951313 
-0.07930996241911492 0.6699339286537618 0.6131621477949549 
0.35221712771711644 0.29753739027175424 0.6588137323907091 
-0.43174689079074047 0.6999957734687586 0.4859271144906194 
-0.24544385127779944 0.6999951831614537 0.5141641290325124 
-0.0435835954975492 0.6998355016130013 0.5471332443830257 
0.31667404165987145 0.3472234407338382 0.6506989385619861 
-0.01790489886072799 0.6568400018530026 0.6042487996008725 
0.3000460707727043 0.3818611039076934 0.6515337019068217 
0.1702076613592891 0.6219893193110643 0.6095559031687393 
-0.07572115820144898 0.6814868420655181 0.596783411496411 
0.1394725208541756 0.653487801795273 0.6091090233595206 
0.3151483080719737 0.36640803175353 0.6482303121300966 
0.31148183248180517 0.4450399085643862 0.6496916997913916 
0.051071412736991006 0.6943751864570338 0.5900697379851052 
-0.10042339286178015 0.6980238912251231 0.5849989710825229 
-0.04813862970498617 0.6665767824769286 0.6129228635866385 
0.12614222504447814 0.6581803189506257 0.5832648887369161 
0.09800213504879274 0.6805087346539794 0.5802890533549185 
0.06058399275418058 0.6945822915485756 0.5863244065253818 
0.1367272104251479 0.6311682049482894 0.6186255079227563 
0.29090836857376146 0.5298011230873477 0.6440993036902025 
0.1731189060848587 0.6389889797025848 0.5941082694679475 
-0.16477546087041506 0.6997957694495347 0.5736623121235078 
0.3357779854644659 0.30328333384893946 0.6565031935070731 
0.35866301902824504 0.2874370771629973 0.6575424362874154 
-0.12226269199199047 0.6994713130689046 0.5760241001049773 
0.03981262304196187 0.6979991101792198 0.5581461386835687 
0.02464438737663588 0.6953671000283925 0.5600557265202107 
-0.04007103261828693 0.6961192095126791 0.5599122609935793 
0.12091517398882334 0.5518777918805564 0.6225160276501195 
0.020153941875718395 0.6815295720791323 0.5928581188131659 
0.07193462688216523 0.6700848811696815 0.5850582474755277 
-0.3738972925760986 0.6999208170933823 0.4802386985446496 
-0.3906597637142861 0.6999690539713563 0.4775739152781132 
-0.028639933678560325 0.6354894749373623 0.6053706771667773 
0.287969442324126 0.418416890941939 0.6485011106962612 
0.2949210494564981 0.4212541969706093 0.6428855701718043 
0.3114757156366035 0.4093449254208965 0.6492724893185421 
-0.052063905380779874 0.6369168171438956 0.6093069775887267 
-0.053799622964545435 0.6411217459801496 0.5982788065707279 
-0.10887464987236228 0.6518164668095797 0.6053428250667772 
0.022587368589994106 0.6927957461530492 0.5637898516111711 
-0.09252101785558375 0.6937580393969713 0.5840134252069871 
-0.004530375358146044 0.6868062083383031 0.5682858163526722 
-0.03124899566012007 0.6293786205074877 0.6111274965034591 
-0.006710625289840788 0.6167956559105282 0.6122030283382226 
0.011457413026906837 0.5519674784631371 0.5989023619777321 
0.2790338410872987 0.4679073661501917 0.6370005941243183 
0.2767947844586306 0.5291735384124363 0.6409941850502753 
0.2881546438365761 0.44928860410312255 0.6425769017656835 
0.15188631948468567 0.6260850655813225 0.590910630858876 
0.09756587454047438 0.6388437456452297 0.587784173654441 
0.09884290348785985 0.637822491816398 0.5873720832518602 
-0.29993554411011236 0.6996263645597821 0.5490913124527613 
