0.8383133849522693 2.025723712586622 0.9257625745443521 
0.8200643211810171 2.6947228023300034 0.9185784881528538 
0.8646452275664711 1.9297217635663853 0.9387340047117676 
0.8651243164188657 1.8838111280472187 0.9384684184419118 
0.8380735902051604 2.417366906874882 0.9252346653554054 
0.7659692603268039 2.9308897145470447 0.8966416104112873 
0.7299293859105195 3.2905710844083957 0.8764071487110245 
0.7837115366303211 2.925531684030011 0.9027615316084717 
0.8832236802523765 1.0995293611129229 0.9472706124164818 
0.8832236802523765 1.1994906933516234 0.9472672151534925 
0.7299346727692799 3.106020977999297 0.8813463307197293 
0.8832236802523765 1.463397529496051 0.9472240484526063 
0.8377543668420724 2.482078481550621 0.9251671936223145 
0.8380788770639207 2.1855068116216834 0.9281608637606383 
0.7837115366303211 2.925531684030011 0.9027615316084717 
0.7302486092736075 3.1927426483195656 0.8764747357566314 
0.7299356885866716 3.290077005691085 0.8804427439494698 
0.8832236802523765 1.4966861602112342 0.947212508939199 
0.7659692603268039 3.0163455245093633 0.8966306683231803 
0.8646452275664711 1.9297217635663853 0.9387340047117676 
0.8826646621421796 1.842495874138005 0.9466103757736468 
0.8832236802523765 1.1994906933516234 0.9472672151534925 
0.8832236802523765 1.0995293611129229 0.9472706124164818 
0.8197450978179291 2.622635514572146 0.9189271101482024 
0.7837115366303211 2.925531684030011 0.9027615316084717 
0.7659692603268039 3.105580183741591 0.8962456510071083 
0.8377596537008327 2.241663076719273 0.928092469917984 
0.7302549640516052 3.192331061786139 0.8805196475256758 
0.8200643211810171 2.6947228023300034 0.9185784881528538 
0.8832236802523765 1.1994906933516234 0.9472672151534925 
0.8832236802523765 1.0995293611129229 0.9472706124164818 
0.8377543668420724 2.482078481550621 0.9251671936223145 
0.8649644509295591 1.883773129571852 0.9388039533004946 
0.8831436988927285 1.7169120393519852 0.9467438842770164 
0.7299293859105195 3.2905710844083957 0.8764071487110245 
0.8646452275664711 1.9297217635663853 0.9387340047117676 
0.8651243164188657 1.8838111280472187 0.9384684184419118 
0.8832236802523765 1.1994906933516234 0.9472672151534925 
0.8832236802523765 1.0995293611129229 0.9472706124164818 
0.8380735902051604 2.417366906874882 0.9252346653554054 
0.7299293859105195 3.2905710844083957 0.8764071487110245 
0.8646452275664711 1.9297217635663853 0.9387340047117676 
0.7299356885866716 3.290077005691085 0.8804427439494698 
0.7837115366303211 2.925531684030011 0.9027615316084717 
0.8646452275664711 2.0256695449312185 0.9383260013723967 
0.8200643211810171 2.6947228023300034 0.9185784881528538 
0.8826646621421796 1.7576508860404443 0.947031871712151 
0.7659692603268039 3.105580183741591 0.8962456510071083 
0.7302486092736075 3.1927426483195656 0.8764747357566314 
0.8377543668420724 2.482078481550621 0.9251671936223145 
0.7840308120952547 2.8435329436415033 0.9028380754466365 
0.8651243164188657 1.8838111280472187 0.9384684184419118 
0.8832236802523765 1.3686638948127878 0.9472412102588857 
0.8383133849522693 2.0760919254378027 0.9253452969773809 
0.8197450978179291 2.770481140041591 0.9185106777361504 
0.8832236802523765 1.1994906933516234 0.9472672151534925 
0.7299346727692799 3.106020977999297 0.8813463307197293 
0.7662884836898918 2.930497482669006 0.8966991646963859 
0.8832236802523765 1.0995293611129229 0.9472706124164818 
0.8646452275664711 1.9297217635663853 0.9387340047117676 
0.7659692603268039 3.105580183741591 0.8962456510071083 
0.8646452275664711 1.9297217635663853 0.9387340047117676 
0.7837115366303211 2.925531684030011 0.9027615316084717 
0.8382334035926212 2.295476970787955 0.9253004985409115 
0.8832236802523765 1.1994906933516234 0.9472672151534925 
0.8832236802523765 1.4966861602112342 0.947212508939199 
0.8197450978179291 2.622635514572146 0.9189271101482024 
0.8826646621421796 1.842495874138005 0.9466103757736468 
0.8377596537008327 2.185768678148927 0.9281019010293324 
0.7299293859105195 3.2905710844083957 0.8764071487110245 
0.8832236802523765 1.0995293611129229 0.9472706124164818 
0.7299356885866716 3.290077005691085 0.8804427439494698 
0.8832236802523765 1.0995293611129229 0.9472706124164818 
0.7659692603268039 3.105580183741591 0.8962456510071083 
0.8832236802523765 1.4966861602112342 0.947212508939199 
0.8377543668420724 2.482078481550621 0.9251671936223145 
0.8383133849522693 2.0760919254378027 0.9253452969773809 
0.8832236802523765 1.1994906933516234 0.9472672151534925 
0.7299293859105195 3.2905710844083957 0.8764071487110245 
0.8646452275664711 1.9297217635663853 0.9387340047117676 
0.8200643211810171 2.5526450308042223 0.9189923365515297 
0.7299356885866716 3.290077005691085 0.8804427439494698 
0.8649644509295591 1.9295002975283049 0.9387925858887128 
0.7837115366303211 2.925531684030011 0.9027615316084717 
0.8200643211810171 2.6947228023300034 0.9185784881528538 
0.7840308120952547 2.8435329436415033 0.9028380754466365 
0.7299356885866716 3.290077005691085 0.8804427439494698 
0.8832236802523765 1.0995293611129229 0.9472706124164818 
0.8377543668420724 2.482078481550621 0.9251671936223145 
0.7302486092736075 3.1927426483195656 0.8764747357566314 
0.8383133849522693 2.0760919254378027 0.9253452969773809 
0.8832236802523765 1.1994906933516234 0.9472672151534925 
0.8649644509295591 1.9295002975283049 0.9387925858887128 
0.8826646621421796 1.7994335008262525 0.9470218717538512 
0.8831436988927285 1.7169120393519852 0.9467438842770164 
0.7659692603268039 3.105580183741591 0.8962456510071083 
0.7837115366303211 2.925531684030011 0.9027615316084717 
0.8200643211810171 2.6947228023300034 0.9185784881528538 
0.8832236802523765 1.280945487750608 0.9472595265081556 
0.8646452275664711 2.0256695449312185 0.9383260013723967 
0.8832236802523765 1.0995293611129229 0.9472706124164818 
0.8832236802523765 1.1994906933516234 0.9472672151534925 
0.7659692603268039 3.105580183741591 0.8962456510071083 
0.8377543668420724 2.482078481550621 0.9251671936223145 
0.8826646621421796 1.7994335008262525 0.9470218717538512 
