0.8687175599978081 4.013920434591522 0.9852869835339473 
0.8190419461936217 5.774925571467079 0.9696750094074688 
0.8861925190881936 3.9475255366485937 0.9815540662589118 
0.8687175599978081 4.7225324357292 0.9841912309239778 
0.8308286127239115 5.611614296003855 0.9705700232017423 
0.7006493115683303 7.580511249519165 0.967714909311123 
0.7454724844445868 6.8355471514765584 0.9716248666159407 
0.8308286267942453 5.355532473938458 0.9808472242690172 
0.7778882886057397 5.954525011720505 0.9767493584458365 
0.7709211364620124 6.3371859952200635 0.9755228018828086 
0.8934559134239975 3.2903827847616447 0.9826186057133453 
0.7350875342171493 7.401612031069738 0.970534847010538 
0.8147929774376419 5.949841153053195 0.9688222186784973 
0.8418121753518286 5.2049792154392485 0.9720044768748147 
0.8780971909312227 3.6394506749318483 0.9861813067302968 
0.7497319287185003 6.833118332080106 0.9623829529221416 
0.71318210212631 7.581248297532426 0.9491703696184872 
0.7723743815594901 6.607943789370467 0.9648085502866394 
0.7381675546480562 7.148367484969731 0.9517587933708377 
0.7663120588954229 6.761121028347898 0.9540357106106758 
0.7006493115683303 7.6737352370016145 0.9478154742157131 
0.7754317190629332 6.468970907888466 0.9742551515266274 
0.8418121753518286 5.2049792154392485 0.9720044768748147 
0.7361655087052146 7.230069197531033 0.9707342736396236 
0.7820001022284456 6.076417290683699 0.9757504020486161 
0.7006493115683303 7.6737352370016145 0.9478154742157131 
0.7006493115683303 7.580511249519165 0.967714909311123 
0.7723743815594901 6.754044873194359 0.9644936950850431 
0.7497319287185003 6.909842174066842 0.9622448362574553 
0.8780971909312227 3.95086582947028 0.9853180182400876 
0.8923722582551775 3.4075624564632396 0.9827020899503627 
0.8934559109209249 3.407462149701514 0.9826139698038615 
0.8780971170260256 3.922215463457398 0.9859251565416377 
0.7381675546480562 7.148367484969731 0.9517587933708377 
0.71318210212631 7.581248297532426 0.9491703696184872 
0.8214432682975092 5.722947546904333 0.9793282373175264 
0.8308286127239115 5.611614296003855 0.9705700232017423 
0.8147929774376419 5.890540969925306 0.9689237511728148 
0.7454724105393897 7.070429206496025 0.971470224270578 
0.8147929774376419 5.949841153053195 0.9688222186784973 
0.7754317929681303 6.400573208213373 0.9744057114476692 
0.8425273721805475 4.93494471451688 0.9822061350420964 
0.7663120588954229 6.761121028347898 0.9540357106106758 
0.8214432682975092 5.612842872009979 0.9798258004655565 
0.7006493115683303 7.6737352370016145 0.9478154742157131 
0.7497319287185003 6.909842174066842 0.9622448362574553 
0.71318210212631 7.581248297532426 0.9491703696184872 
0.7006493115683303 7.67259384285319 0.9675757251149386 
0.8308286127239115 5.611614296003855 0.9705700232017423 
0.8147929774376419 5.890540969925306 0.9689237511728148 
0.7447458714256399 7.065947211190321 0.9720896322689501 
0.8843264962664847 4.00887773116385 0.9813947080502343 
0.841689673746177 5.1987986533374695 0.9762003092517505 
0.7736236848052678 6.469102809100677 0.9740561689619452 
0.8687175599978081 4.013920434591522 0.9852869835339473 
0.8780971909312227 3.666260573028769 0.9860338992686076 
0.8934559109209249 3.3835342179845136 0.9826176532150324 
0.8147929774376419 5.949841153053195 0.9688222186784973 
0.7663120588954229 6.761121028347898 0.9540357106106758 
0.765165865396819 6.829481996407968 0.963443094986819 
0.7358027169755346 7.315165240186271 0.970720656428287 
0.8425273721805475 4.891645390722901 0.9823516106852341 
0.7965924453529462 5.895197710863658 0.9770569116696919 
0.8780970092409371 3.922155371729564 0.9859323997025053 
0.8433208431007722 4.9258762451159654 0.9763316379656641 
0.8308286127239115 5.557916482863601 0.9705730382614376 
0.8003192567336893 5.782309070436852 0.9779183252398541 
0.7663120588954229 6.761121028347898 0.9540357106106758 
0.765165865396819 6.829481996407968 0.963443094986819 
0.7497319287185003 6.909842174066842 0.9622448362574553 
0.7754317190629332 6.468970907888466 0.9742551515266274 
0.8308286267942453 5.3057997096440355 0.9809484483198384 
0.8780971909312227 3.6933824786026412 0.9860305999071782 
0.8687175574947354 4.682265535056894 0.9842092774114592 
0.71318210212631 7.581248297532426 0.9491703696184872 
0.7006493115683303 7.580511249519165 0.967714909311123 
0.8930935201542893 3.7707641854322027 0.9817357063064884 
0.8934559109209249 3.3835342179845136 0.9826176532150324 
0.738167480742859 7.580131113125762 0.9703774717853437 
0.7427765442391148 7.070073781567535 0.9724004881412197 
0.8147929774376419 5.890540969925306 0.9689237511728148 
0.7006493115683303 7.6737352370016145 0.9478154742157131 
0.8147929774376419 5.949841153053195 0.9688222186784973 
0.8190419461936217 5.832244194076663 0.9695389472704102 
0.8780970092409371 3.922155371729564 0.9859323997025053 
0.8331424665355676 5.206271497883903 0.9813215304981746 
0.8308286127239115 5.5050340867197765 0.9705740159876838 
0.7454724105393897 7.070429206496025 0.971470224270578 
0.8934559109209249 3.3835342179845136 0.9826176532150324 
0.8861925190881936 3.9475255366485937 0.9815540662589118 
0.7651657914916218 6.754248229120493 0.9635435290649231 
0.7663120588954229 6.761121028347898 0.9540357106106758 
0.738167480742859 7.580131113125762 0.9703774717853437 
0.7006493115683303 7.6737352370016145 0.9478154742157131 
0.8003192567336893 5.782309070436852 0.9779183252398541 
0.71318210212631 7.581248297532426 0.9491703696184872 
0.8147929774376419 5.949841153053195 0.9688222186784973 
0.7497319287185003 6.909842174066842 0.9622448362574553 
0.8934559134239975 3.2011013184665904 0.9827784337068198 
0.7736236848052678 6.538835345210106 0.9740523354780664 
0.7006493115683303 7.580511249519165 0.967714909311123 
0.8425273721805475 4.93494471451688 0.9822061350420964 
0.7497319287185003 6.909842174066842 0.9622448362574553 
0.8780971170260256 3.922216219694196 0.9858334783292829 
0.8780971909312227 3.666260573028769 0.9860338992686076 
