0.8975583378218351 2.9256375549805482 0.9811930602344375 
0.7695735777187359 11.04280152455709 0.9775799182843127 
0.709582754302774 12.811022910272088 0.9730256581901139 
0.7456167067671298 11.992408382937846 0.9623770949567294 
0.8481007958147323 8.69082382041123 0.9771755835847193 
0.8326882104416403 8.918166629565594 0.9651975001763123 
0.852256980758193 5.370466478367636 0.9827888516241713 
0.8270193272916239 9.34889113865362 0.9729099283234377 
0.8975579852103858 4.223125689248281 0.9786308126025497 
0.7695735777187359 11.663458556852111 0.9631867959255879 
0.8283441536134155 6.578300241629039 0.9819095095453301 
0.8068465010677421 10.577434180674333 0.9603458355123031 
0.8713437579621451 6.028189635536948 0.9649016981762475 
0.8800862660577624 5.421675101709676 0.9772415026599814 
0.8641440654340157 7.6048703405034574 0.9714885176632285 
0.8668318441679048 7.273723781955516 0.9804356605480915 
0.8326882104416403 8.759901391756207 0.9653459905297231 
0.8127695436948383 10.16430780352862 0.9806179241396108 
0.8847104035629968 2.870284692344358 0.9839667913653438 
0.8668323271146303 6.646343077227987 0.9725489282536354 
0.8068465010677421 10.468886702018539 0.9603536498018908 
0.7773835246926057 11.040871022715885 0.9563899376435643 
0.7285787033644638 12.726055414112492 0.9668176100805571 
0.759054980657032 11.792181290907996 0.9699586177119882 
0.7585885592809136 11.865330095903106 0.9756377242843078 
0.8734791241723631 4.156866367585559 0.9827272550605196 
0.8224858134153321 8.501885903135987 0.9780294083748164 
0.8675216569592182 6.668391257478097 0.9610144727412799 
0.8703662534854525 6.366877132202175 0.9648628825841571 
0.7108706299725958 11.8708238968137 0.9753718671943155 
0.8792958330351892 5.257737404767667 0.9773161174583194 
0.8224798705132865 7.475148308288725 0.9808351074420346 
0.8703662534854525 6.258460363629565 0.9807267931733739 
0.7482289277498303 11.933542504223857 0.9752534833296255 
0.7114300533681782 12.436255116143423 0.9748815297624982 
0.8847217597371947 3.688457833626467 0.9835699331718912 
0.8703664398709682 6.322786277296709 0.9646036617919139 
0.7695735777187359 11.10237752995696 0.9775780327811026 
0.8283803568228146 8.652626712495099 0.9779270043166512 
0.8703664398709682 6.191308138769092 0.9760470599131488 
0.8909874303787356 4.583134812405314 0.9784637984480913 
0.8668321407291146 5.66561444168355 0.9825647906006784 
0.828380170437299 9.176716255970417 0.9734435037494307 
0.8640980350158745 7.5283437549534025 0.9715480026306252 
0.8850270818168907 3.1314155829393453 0.983845915589977 
0.7342310295429764 12.646126969038134 0.9677417488655312 
0.8189851979006593 10.424742782772887 0.9803201181594017 
0.8326882104416403 8.918161992119021 0.9651994438700042 
0.8235306677275004 8.9675084728775 0.9771336718508239 
0.8189851979006593 9.676743807348627 0.9821002509119856 
0.8975579852103858 3.7913537816504075 0.9791444801823267 
0.7814029455160513 10.586940872712528 0.9796864678217316 
0.8668321407291146 7.12954348315372 0.9724866119812657 
0.8787660658718551 5.003774114487654 0.9812869589490439 
0.7050798987687836 12.661763010138086 0.9746314974270338 
0.852256980758193 4.949776508022653 0.9838665771371223 
0.8850270818168907 3.1808418375246768 0.983718881896691 
0.8668323150738075 6.349025892045679 0.9820664727402156 
0.7482289277498303 11.933542504223857 0.9752534833296255 
0.8363635663124772 6.57014931912425 0.9819604574280478 
0.8640976824044251 7.4691758943215145 0.9716702395645179 
0.8850270818168907 3.715861451158302 0.9835058015932793 
0.828380170437299 9.010256289129773 0.9760122456348763 
0.8646571848015007 7.410344037741051 0.9716003808966439 
0.8910607714670344 3.292515537400127 0.9833091071489872 
0.8787660658718551 4.656943283744237 0.9815302357454024 
0.864097874373284 7.3805349730782295 0.971649488399298 
0.8283804324279059 8.429456111358995 0.9780329033940511 
0.8668323150738075 6.218960764274193 0.9821031670111882 
0.7108709265338056 11.938849771716647 0.9753110456477747 
0.8990789802040908 4.151955207490052 0.97894917885035 
0.8475416689803597 7.082539440554893 0.9818411031115833 
0.8235306677275004 9.623455714183477 0.9765716284438558 
0.8800862660577624 5.507046119736018 0.9772267397664797 
0.7482289277498303 11.933542504223857 0.9752534833296255 
0.8143753713860992 9.818406276354764 0.9814231314809118 
0.7695735777187359 11.540083728022582 0.97719424713313 
0.8671111886930969 5.647426676405041 0.9825683413677053 
0.885178816287391 3.854409194104582 0.980524199005819 
0.8901893209130401 4.653028824063304 0.9795998171051299 
0.8127695436948383 9.964176055851638 0.9806268496311892 
0.8975579852103858 3.399523310762462 0.980794399481291 
0.880080156929783 5.082974799950001 0.9774745425364663 
0.828380170437299 9.176716255970417 0.9734435037494307 
0.7695735777187359 11.60468965843893 0.9771886265322309 
0.8619638705822835 8.017151602277774 0.9807308139739599 
0.8481006295887985 8.398018234139423 0.9795070545775253 
0.8668321407291146 7.049300885671746 0.972503117284043 
0.864097874373284 7.527728504588383 0.971567865735458 
0.8967597454094143 3.351874761693142 0.9808710344270025 
0.8668321407291146 7.211800265398256 0.9718362431914543 
0.8640976851960966 7.4393867886705864 0.971657344978826 
0.8975579852103858 4.211999583863298 0.9787113096301903 
0.8017574404816804 10.867137010583866 0.978657545208347 
0.8289396580018802 5.934027172990243 0.982671433874973 
0.868010368777753 5.2495178078103395 0.9807556796831683 
0.8779681226320935 4.036502074588528 0.9821309473254218 
0.864097874373284 7.618437281852639 0.9715632139573563 
0.8975579852103858 4.7673127959245685 0.9783253439716044 
0.8844428981587281 3.9748405344107267 0.9834090575517302 
0.8668323271146303 6.743144270373615 0.9725413346613976 
0.8800864524432781 5.6044667012868725 0.9771431757640122 
0.7954367686798255 10.988294339915075 0.9796514430144863 
0.8671111886930969 5.891911430278858 0.9825331554763755 
0.8901890243518303 3.6240752098536193 0.9821669121797721 
