0.24020042094013527 0.6998016998119426 0.6998539201196914 
0.16425874148131447 0.6999453417574293 0.6976705416771192 
0.2372684966709825 0.6955609115911983 0.6999842117559455 
0.3822655193258758 0.6982292029630465 0.6852275156521948 
0.28969735044879674 0.6793711663567998 0.699994730109655 
0.3603944742051771 0.6989201382968723 0.6997449110253756 
0.27086239620861174 0.6999770023700493 0.6891956211645813 
0.37067522973554545 0.6962587634154823 0.699378211286117 
0.37057227534365833 0.6990986614053182 0.6992961471760611 
0.33677371677850454 0.68592553320539 0.6999872753775752 
0.2525258803582562 0.6999997915061794 0.6755817521336791 
0.39648168499504965 0.6385741103605866 0.699982480139346 
0.3175151265518562 0.6405917145291119 0.6999938691215779 
0.39329815631671927 0.6991740312900758 0.6813134290668884 
0.4033371445857945 0.6995425796435941 0.6803325169319127 
0.43322514988342953 0.6703431338954662 0.6983447659528056 
0.3763486087873982 0.6967029130808666 0.6982499657585475 
0.2626075960566221 0.6999883285920971 0.6773206194575702 
0.40118367916225905 0.6979090271442766 0.683506835957988 
0.4244575424428917 0.6944816653742505 0.6965294456708188 
0.3660515649878078 0.6994063099586766 0.6986941529956281 
0.3701308788494764 0.674137410154136 0.6999675284334508 
0.3736710561824399 0.6166508370016827 0.6999929392988151 
0.44589591807649254 0.6870422792005414 0.6945918576532898 
0.41508095163347614 0.6960949533551527 0.6854968594320755 
0.4183118528911757 0.6822438489647782 0.6976022047162415 
0.44523948786033796 0.6589662063402013 0.6997442100533278 
0.47810723792976084 0.6667648223774766 0.6997196852848362 
0.4480433260265738 0.6847970931263173 0.696200709025269 
0.3575596507584705 0.6995093826426553 0.69997025690996 
0.43089756032536675 0.6732711851379829 0.6976807824834819 
0.3906002605145962 0.6390593172099371 0.6999361151275344 
0.24391617550057065 0.699991930770475 0.684744651652251 
0.36420221321895296 0.699947969811201 0.6965652674916156 
0.3015365535283957 0.6999854507774939 0.6759256017224252 
0.3991747060037263 0.6980437826613968 0.698086691133744 
0.44523948786033796 0.695322094529383 0.6956343213265123 
0.3705056275043954 0.6998830558751014 0.697062927456887 
0.1930439016903669 0.696726110581433 0.6999711650204313 
0.43243484564999524 0.6330345022173006 0.6997963279993029 
0.4362948511987773 0.6684093986273771 0.6973430687835624 
0.4167104239736328 0.681522430332482 0.6981853217033205 
0.4307322948582174 0.6830027421040604 0.6970576011311185 
0.4049052256251552 0.69536451554851 0.6999307980714762 
0.20090473120507024 0.6995282488822883 0.6981373787901647 
0.36634724772164795 0.6956135136224788 0.6985596979165659 
0.2658154132135673 0.6457984926330498 0.6999869974880993 
0.3838738454766164 0.6984013877415777 0.6709945686028135 
0.4451305707561608 0.6499590737189812 0.6987521869703031 
0.4213256496671126 0.6491340019539708 0.6989998130304087 
0.4463632864940915 0.6744586598287515 0.684599623157469 
0.32223491654873193 0.6293119493098424 0.6999616005657541 
0.3275642406833117 0.6992072945394306 0.6994797723487509 
0.26607879295981796 0.6993796826293114 0.6971409298547168 
0.23465580654214657 0.6994589213474266 0.699930028955585 
0.2843784953830518 0.6959474076181236 0.6999230462621631 
0.24575087113913352 0.6994781820363886 0.6977440181447319 
0.29891016643848645 0.697228206655132 0.6997967200915047 
0.3262296975975365 0.6992499744069833 0.6985384676613462 
3.85498763285641E-5 0.6999199938103384 0.6852362813707529 
0.22239403978494943 0.6998864364881945 0.6698644014567756 
0.08626968797136525 0.6999596710649678 0.6487789303502708 
0.19031562641333788 0.6999411891428154 0.6683801429181021 
0.3923709200126878 0.6976770446494206 0.6879680304929959 
0.3965082663987356 0.697197592271023 0.6880674937034702 
0.37755631647625887 0.6964945371349124 0.690625849996289 
0.3761928671037733 0.6980335546195229 0.6952536944287556 
0.4352754903451893 0.6796804696806176 0.6855791169346293 
0.4285834801090259 0.6921877945437289 0.6922825760395113 
0.43243484564999524 0.6923142618277836 0.6915326671109508 
0.41575008514867495 0.6871972325020897 0.6955759431983523 
0.362723302501469 0.6993133054530147 0.6853895323747091 
0.36204435524004175 0.6990833390008337 0.6865942958560762 
0.2953092602030033 0.6998795117789502 0.6963745421563059 
0.3335341865010555 0.699275702956503 0.6939323686356922 
0.43243484564999524 0.6574155392920852 0.6947458207821879 
0.42292341676357825 0.6695217619170656 0.6962227116267286 
0.41058343502105643 0.6707817209713843 0.6969621929176179 
0.37061205725405866 0.6591860530932641 0.6997312704364452 
0.3697149775902937 0.6816039649822613 0.6998215396241007 
0.3727395632379146 0.6591718850774851 0.6998795539820735 
0.404822875744264 0.6937843292905772 0.6989172191489588 
0.3739143534731434 0.6852782196977889 0.6995473955501724 
0.3961423944398901 0.6570867363434542 0.699893062033232 
0.39677416927840725 0.6475863550824381 0.6997233440130619 
0.37384512858203056 0.6582577292146947 0.6996284499022873 
0.39666112216439 0.6518330772740529 0.6991498991195676 
0.3187976930607641 0.6951278646623329 0.6998493265460315 
0.302652838575173 0.6808070268220592 0.6998678625960854 
0.3224952700219561 0.6920627501137623 0.6998150097408824 
0.36949487045158724 0.6210180849186533 0.6998934332957509 
0.3983109083217691 0.5436534309839057 0.6997957992329327 
0.3970330630795079 0.6215423839682054 0.6990595858116035 
0.2940208750083415 0.6988641949317212 0.6775725851620419 
0.31178377682330194 0.6976444451253758 0.6685889321865423 
0.34431365589884166 0.692929580302866 0.6801116596807294 
0.31400288538428334 0.5929891157105759 0.6999560868303821 
0.37054853589037684 0.6352313159676766 0.6998072333790261 
0.385339462953741 0.6286980787921723 0.6998717201252987 
0.37573020589273454 0.6548002175212406 0.6989721715716811 
0.21675313593855594 0.6885455326179117 0.6995536385796368 
0.38901993441889715 0.6925320264950288 0.6945544929330532 
0.3624002064812981 0.6619419011913399 0.6991770877462347 
0.4043756999798753 0.6854513263024853 0.6982580682348738 
0.2324172304310932 0.6758006507219193 0.6993479021626772 
