0.8205073405641865 2.8869671988364365 0.773944358304631 
0.8407638208140089 1.3406537268169667 0.7516143732687329 
0.8391450985238421 1.653964337607582 0.731778792261282 
0.8073911157598168 3.2977102424867826 0.7556460031200127 
0.8410129639237731 1.15005885060717 0.7598477842346364 
0.7515566842568379 2.869402044241383 0.8691677462898253 
0.834644731444167 2.5184220645740356 0.7519745997063652 
0.8107130489466828 3.1286964921185776 0.73586219913864 
0.7555249118680452 3.6048393483996297 0.786556579343043 
0.8062851999529158 2.856990696500628 0.8228063876979156 
0.8391450985238421 1.7127248131595685 0.7147858008445215 
0.8064816828796458 3.4038129603411122 0.7177637743955558 
0.8107605047771141 3.3839416090199634 0.7199329174211865 
0.7861462702166476 3.5810606071747473 0.7143278480531581 
0.8395773999965492 1.5684539314404204 0.7382710384504317 
0.7492965292437155 3.9515407235434656 0.7745057954877319 
0.8211534068115938 3.0523528805335025 0.726977681798819 
0.8370978077998379 1.6609836251705636 0.7551547046636115 
0.8407163649835777 1.7063312078340445 0.7084152324153794 
0.8423417522325265 1.6214170843731506 0.7035172481762487 
0.8026564882975721 3.157536746764929 0.7935444989416808 
0.7055301945087212 2.8856755887356007 0.8625380685499824 
0.7776693843162279 3.175719380974853 0.8073862847790625 
0.7894651622440765 3.484350989831636 0.7735174517702776 
0.840785638789793 1.4141868202892693 0.7200326621139537 
0.8379976338086353 1.7170120149605825 0.7253239409152974 
0.8408705964324793 1.4467798210704335 0.717285275646887 
0.8275335981418659 1.2210168624210385 0.8228260072787422 
0.8360893714031737 2.1655318139856186 0.7619390463360188 
0.7794727058726154 3.879077876358941 0.7556074109886527 
0.826966796152779 1.8700136566805616 0.8075064192806265 
0.8145095404378615 3.288807029482291 0.7030278753095458 
0.7810862291639565 2.111491799105511 0.8701070123154199 
0.7422255603961019 3.2515749187385277 0.8264594930653943 
0.8092512144115476 3.242060419111358 0.7236558311348174 
0.7522978903420415 3.5772565475077465 0.8114163636898343 
0.8239058700332849 1.9132804161101002 0.836457275009317 
0.782509904076894 2.9560290585583 0.8499155011634656 
0.8290745782906203 2.386633358371137 0.7820792964537319 
0.7522978903420415 4.0658123148034475 0.7439075472761487 
0.7587756613092644 4.0218524479382465 0.7241382320480579 
0.8375794069131093 2.4457989499323936 0.7050538975094344 
0.8350316193500036 1.6629275534670858 0.7721980611437879 
0.7087572160347249 2.9901992678222173 0.835502737743717 
0.804398905863309 3.5001630293621813 0.7077124417925408 
0.804398905863309 2.1333501041123446 0.8379074716702739 
0.7966540403546178 3.4253190787806 0.7317920813353521 
0.8173443434395077 2.5799477387552696 0.8045482271935617 
0.840573997492284 1.351518839870968 0.7514924039767292 
0.7861899295178129 3.4902605445344417 0.7214429863693306 
0.8154503035771777 2.8114868179709176 0.7874243567943608 
0.7080928344086873 2.9733760336138677 0.8399581888676201 
0.8370129002705083 1.4899642507553124 0.806337357053109 
0.7895975152510629 3.2830330711977767 0.7671157577628775 
0.802785382571968 3.1802803953491052 0.7661135854406053 
0.8365739588956977 2.9396680969630333 0.7480124538891783 
0.8116477589050042 3.352796447473892 0.7059397403836789 
0.7770761613791588 3.3574639956089425 0.7820121958018683 
0.8365739588956977 2.4004823366075003 0.7566203582453097 
0.7781202147053248 2.853264846250073 0.876882892282677 
0.7810862291639565 3.776212328241739 0.7560562287203607 
0.8041640942338133 3.36927791244494 0.7490070512164155 
0.7861462702166476 3.5810606071747473 0.7143278480531581 
0.7801133595834373 2.1325901968904653 0.8699704540935534 
0.8374655654290015 1.764273663950457 0.7262776006362669 
0.7611247499722898 3.889241388426465 0.7316780273801077 
0.8132612821963453 3.3323868402672865 0.7061477661735198 
0.8261600219787693 2.619061753867811 0.7660607312053044 
0.8395773999965492 1.6123102821412258 0.7360730002672767 
0.7018286146784052 2.902085974234115 0.862056486974774 
0.8386705402195296 1.621069253855412 0.7894002387572051 
0.7810862291639565 3.1783723973850795 0.7905036641656952 
0.7458796843959867 3.9782197408172104 0.7740694216107257 
0.7760558610248869 3.2358400370422897 0.7968238538323926 
0.8395773999965492 1.6234496645454128 0.7212738372516366 
0.8426264872151141 1.1400986166501847 0.760048556306246 
0.8391028416922367 1.5406896568945896 0.7487663444783489 
0.8395773999965492 1.6163119267827077 0.7213596858786792 
0.8041640942338132 3.157536746764929 0.7933298441970231 
0.8285940629508254 3.0088802523172005 0.7514283298338356 
0.8405384056194605 1.4126010414241614 0.7795838086088785 
0.7458796843959867 3.9782197408172104 0.7740694216107257 
0.8003888380785112 1.9708649853642335 0.8392198608526564 
0.8058343695638189 2.939541143910842 0.8214327505351735 
0.8273227148810134 1.9334414604903416 0.7981079309228124 
0.8386705402195296 1.621455385329616 0.7495277375272829 
0.7990023642976872 3.2577124595849374 0.7650457424891681 
0.8041640942338133 3.1612688575841865 0.767284412577355 
0.8379976338086353 1.7170120149605825 0.7253239409152974 
0.7683739735305064 3.490025032351443 0.811996515107113 
0.8349604356043567 2.300294712565881 0.7856279692600341 
0.7654465446576064 2.973375390325456 0.8483847564175796 
0.7087572160347249 2.9901992678222173 0.835502737743717 
0.7587756613092644 3.9152515252334643 0.7313887900568227 
0.8003888380785112 1.9038277898285303 0.8683910604566152 
0.8003888380785112 1.9314677936904125 0.8683281881896996 
0.8109266001836235 3.120454450436296 0.7941199111325549 
0.7810862291639565 3.1753493744687282 0.8179795434540619 
0.8407282289411855 1.526793115973204 0.7489526920183289 
0.8163366149661432 1.9431518234256615 0.8084077053424242 
0.8395773999965492 1.4904443356206 0.7720119701881808 
0.7611247499722898 3.889241388426465 0.7316780273801077 
0.802785382571968 1.8516639511468098 0.8407444347852437 
0.7019235263392677 2.9901992678222173 0.8432376575052497 
0.8003888380785112 1.9221959474413333 0.8683696653506512 
3 
795312428 
