0.7855248332851763 3.644968063861619 0.7134780346358349 
0.8694872452758592 1.780792254735518 0.776574197104357 
0.8179619521017352 1.924116520633529 0.8324725674673943 
0.8388398495153977 2.568889838308005 0.7802534501288781 
0.8669246277657437 2.6155376451533368 0.7191713677599704 
0.8033725231901624 2.0698497060130165 0.8304750364660767 
0.7909333390351198 2.169033789815239 0.8362530876330794 
0.7824857251414661 3.1171616030458638 0.8117897989108529 
0.8637303824632324 2.026752322478021 0.7734544809361429 
0.7871010301610114 3.280440230638503 0.7897466838749004 
0.8589519757500859 2.376861610543535 0.7558533679358942 
0.793644008115376 3.546950943667137 0.7371311427962143 
0.771642393624745 3.0246149174760806 0.8305751446926848 
0.8760382602682314 2.048023659194084 0.7372453424551141 
0.8453034707152828 3.098220580501658 0.713866868179784 
0.8693451006278438 2.5671088932576396 0.703533478936061 
0.8227550410886484 3.2903834036592428 0.7013127393072469 
0.8830834659778052 1.667700916605691 0.7435530844435271 
0.7545379281549611 3.358370170972108 0.8170049199889239 
0.8597349969522015 2.6594817474730212 0.7230912370362383 
0.7690226575759151 3.724801097247262 0.7189398705192028 
0.8102065595979167 3.0089261149993685 0.8082050902526373 
0.8580740428871076 1.8671412389119144 0.7980450357994346 
0.8190534612583323 3.198725072390117 0.7551860089045043 
0.8045287270742176 3.423906622075068 0.7896241759235747 
0.8748619160855122 1.6335227863804112 0.7887514778968074 
0.818413155674181 2.561403521759583 0.8186869697686497 
0.8528364036165721 1.869483402760784 0.814424891162078 
0.8641009584085552 2.2648081262346347 0.7383900083505126 
0.8665449587324431 2.203023123620856 0.727248682527074 
0.75171076944687 2.42767942812793 0.8307754675777843 
0.8477149552965555 2.9074025630679317 0.7230477808391619 
0.8276404699058486 2.988713687599967 0.7395063429481565 
0.8298087835554258 2.566954682986683 0.8115555400279107 
0.8082902589019931 3.3475107575941982 0.7301587176773384 
0.8165328646522122 2.782889228288413 0.7869361979219279 
0.8240656392374344 3.1823889831932894 0.7237995118063466 
0.7911001158291469 3.563282648867245 0.728581141357448 
0.7890704972372653 3.070362613759195 0.8205334200828533 
0.8557905791742744 1.4796590047813574 0.8332963062383518 
0.851928735689539 2.1171204848967062 0.7946083261274286 
0.8849629447685593 1.8634665560625068 0.7243675596531556 
0.8494697049652136 2.7826397279127737 0.7655249242493912 
0.7802850612319305 2.402434428520393 0.8343088240283943 
0.8067765706468774 3.2552147208569244 0.7434502551121024 
0.7887518548111799 2.447640435485298 0.8235911097574966 
0.7853177031235324 3.6377306020719318 0.779078593711298 
0.8671562756192377 2.076243524868456 0.7680640159782338 
0.8659223739146682 1.4837881168887197 0.8208595713353202 
0.8555709706751375 2.6278732912643656 0.7519178723288025 
0.8759017693087289 1.9167859745601346 0.7551235293089331 
0.785412614784395 3.6611271551144933 0.7790425550565419 
0.8693451006278438 2.5671088932576396 0.703533478936061 
0.7838211639102961 3.0883736663073713 0.819899202597024 
0.8665630105692952 2.139376271472192 0.7686883871286853 
0.8548444536117298 2.831279927159501 0.7255427272058166 
0.834690204831959 2.734179636335709 0.7955242052841016 
0.8119824673540404 2.4089793513887297 0.828371846046149 
0.8500649130117497 3.025915679622859 0.7170790735145871 
0.8089452942064403 3.287000717849115 0.7304244323568654 
0.7909333390351196 1.9942425101681696 0.8363036486308351 
0.8699618035801717 2.1919575840394505 0.72763301056375 
0.8179619521017352 1.924116520633529 0.8324725674673943 
0.8191721008344105 3.100383512527267 0.7798383491298226 
0.8316055507972492 2.7977306660661982 0.7625593874140961 
0.7895096390655036 2.364775481974071 0.8354880019842663 
0.8488709760128744 1.9764987664120623 0.823517712944757 
0.8646467255151931 2.372045760729543 0.7344635936991761 
0.8197178428843699 3.2595148323194194 0.723271082474253 
0.843825402076618 2.971234111516103 0.7482429853850785 
0.8140205754832452 2.2306499492922787 0.8291252466450681 
0.8190534612583323 3.198725072390117 0.7551860089045043 
0.8726670588713883 1.6595236315887714 0.8046063482047716 
0.7866316010191451 3.1541843884035985 0.811660475857719 
0.8621789972760895 2.6021331878068272 0.7215050152145053 
0.8687786494322556 1.930379205955215 0.775483739179868 
0.8692025102932717 2.1630129769500748 0.7408183194107171 
0.8559329466655682 1.5135199832803883 0.8332318765726994 
0.8539099163833298 2.0550761749914734 0.8022677842393404 
0.8665600866927666 1.7177204402235364 0.819107322738316 
0.8532309553770672 2.6138287179637243 0.7542382359500901 
0.8160436768543176 2.90720732863907 0.8089755259164674 
0.8340366561702375 3.1155810017511403 0.7100575413183378 
0.8438583286401811 2.4296374345731535 0.7987810170452703 
0.8495206739507716 2.8081943464814465 0.7552827747533681 
0.8708637122583223 2.466841098362292 0.7226661599774185 
0.8181518004801386 2.219393036175997 0.8297237868819084 
0.8446204626330908 2.00324663775609 0.8287562524745326 
0.8167281005105226 3.112043278285991 0.7697818626210448 
0.85737137635548 2.4460274493944816 0.7388354125852892 
0.8371760547442944 2.689445564759581 0.797558174892777 
0.8141451470381273 2.968101157937646 0.7954923941020551 
0.8588188042403118 2.607485608361735 0.7361433863037098 
0.8732740834290033 2.0577164291054975 0.7357551562823049 
0.8740966908198082 1.4746040934652347 0.806134883017657 
0.871385776506423 1.7074522789619804 0.7720449016371453 
0.8339579365201523 3.023452675950956 0.7365441012795094 
0.8140205754832452 2.4092264660439207 0.82710723385398 
0.8770476748780025 2.3489549186035905 0.7039989651904375 
0.8672093627483313 2.5809339872528705 0.7032854016219707 
0.8609188025737579 1.7339623073534705 0.8184909463177035 
0.8339490332182907 2.734179636335709 0.7971477925015308 
0.8765335778315297 1.868420634901155 0.7440547363168382 
0.8539099163833298 1.967160853554103 0.803687385661578 
0.871385776506423 1.7395635571262358 0.7720346521549502 
64 
6365888681654 0.7526840936232024 
