0.7810504618943838 2.7697907564568442 0.7234815891038395 
0.7218402234447525 3.0222134325370824 0.7206183725269896 
0.8947873907749607 1.2686884288185205 0.787274418093558 
0.8750815152144005 1.7452066467908638 0.7249060201299186 
0.821987203293869 2.472327247797749 0.7069957026008139 
0.8505318298512543 1.0923142264630397 0.838798610427224 
0.8863353353509964 1.525603551597419 0.7199265974771626 
0.7686999066279012 2.8465234166948403 0.7595530174047067 
0.8341207876469687 2.1423024676811253 0.7623043486539365 
0.7246345184496532 2.946058365847457 0.7438719667326058 
0.8858359041428178 1.3980754428125426 0.7488686068342661 
0.8434134606202223 2.410384154487408 0.7216492576925723 
0.8361616191992745 1.4800764266210595 0.8022360204346884 
0.8567099383289939 1.329609033390427 0.837249461591754 
0.785834379956456 2.375222649427365 0.7829704301514806 
0.8002628336422852 1.5835036582452537 0.8464760597010532 
0.8910323927450753 1.356817307739346 0.756397513996239 
0.7932582988760741 2.6358049274124657 0.7671873005650409 
0.7735733806756367 2.6767526677780307 0.783881636698159 
0.870673666093319 1.8747074171078804 0.7691245767322312 
0.8673163665437356 1.0337596653049497 0.8242546367680174 
0.8835105684516864 1.6297742714625185 0.7036203370907108 
0.7887681166583369 2.02791647726641 0.8687203338504529 
0.8313209187082033 1.5984889595604823 0.8348062975094215 
0.8559540402057014 2.125150717116801 0.7398820823141791 
0.8846495083820365 1.2893365966910877 0.8162579528823182 
0.8182026008169766 2.3227431768516724 0.7837380117007446 
0.874754892567085 1.735777930738714 0.74591667135262 
0.7026743579742699 2.94187847155994 0.7630675012870545 
0.7768685421210221 2.8125948736274258 0.7472683459952256 
0.8810016630732527 1.5998417339670836 0.7673252507473435 
0.8763530215801583 1.9057852010809129 0.7055667991269349 
0.827832840001471 2.40124896564994 0.7303838367055382 
0.8108172818724573 2.283709035041211 0.8199150804103107 
0.8765107582930414 1.634997828563022 0.7980235792908377 
0.7012507081180108 3.0293998038609677 0.7294156902515804 
0.8223904275124638 2.1576950633916225 0.8455558935800183 
0.8616696802409156 2.0653291628023043 0.7891919851433449 
0.7578386288346977 2.9198278588739526 0.7293595934585887 
0.7523088656459449 2.552672095765601 0.8276501968919003 
0.8976231902983631 0.9935145570530503 0.7884912531697286 
0.8382969508382758 1.3364243517004715 0.85535564787662 
0.8216658625013611 2.4783273284553635 0.7236788638147026 
0.7660545197048221 2.2976077659479723 0.829744097483512 
0.7486795783914306 3.014009762672716 0.7127215445811106 
0.8325017713599596 1.9665830872301744 0.8127487451245242 
0.7665812567615008 2.420628825649932 0.7981573259248567 
0.7442668005412094 2.7646819975708103 0.8046927107401125 
0.8170280189004462 2.489490886568815 0.767837485340288 
0.7341494876211547 2.843491290444372 0.7755650126365152 
0.7319427664494229 2.8958162495575275 0.7447872418477147 
0.8693449028412439 2.147938958417333 0.7127413167642388 
0.8060774303547084 2.511744561449684 0.732803373045315 
0.8745303355711772 1.8251262767605785 0.7061795208509545 
0.7731905148091722 2.5630433374235775 0.7873678212845929 
0.7512368308560984 2.7554793207829973 0.768382528558694 
0.8630012560814208 2.2768619200794795 0.7275397045106424 
0.7077996628308805 2.8434918923637613 0.763999531895513 
0.8872359817575878 1.3632000218883678 0.7574291387416149 
0.7543969472415983 2.384917029372744 0.8015821425624831 
0.803348644934876 2.707313319062889 0.7644101898046094 
0.7584718434318033 3.0476216383642862 0.7098284643240209 
0.8688465915650373 2.1096646730911606 0.7617526887014886 
0.7775567268323107 2.08287156849359 0.8835627211027279 
0.8322680377114818 2.2286638337850917 0.7476653835684289 
0.8806631935691329 1.5206377376674292 0.768403035358434 
0.780327299690157 2.495900586687014 0.7882118008165317 
0.8604468594653487 2.1166240262959097 0.7941041265357743 
0.7277666283147943 2.929276836261072 0.7442824204348595 
0.8832732892995302 1.3130672134311046 0.7815174080294703 
0.875775192921357 1.7350067595820695 0.7147784046546467 
0.8642080096504886 1.1382279734312646 0.8236490255833311 
0.8214737086103262 2.4010898687174764 0.7611508434961953 
0.8363039866905682 1.4668333078472746 0.802255532813065 
0.831249709905878 1.5143268646844226 0.8375595427691832 
0.8382020391774133 1.4219264414680295 0.8452275159666557 
0.8124333227998158 2.251966266116096 0.8232792106795465 
0.8765345112649354 1.4882831516669572 0.7826989345940867 
0.8410494140599669 1.3356136968011145 0.8308210703876073 
0.818887365851823 2.2198927471510377 0.7939688911095022 
0.7559290708696896 2.7440634815924465 0.7959551307623948 
0.8236481824156412 2.2144907925928883 0.8087601257509174 
0.8553485966400264 1.0734405032712682 0.8393388303286835 
0.8726193551410003 1.8007355796093147 0.7495420263524043 
0.772797230653892 2.8618129203560643 0.7477507339974158 
0.8848630596189772 1.5113351054847104 0.7246976589985623 
0.8656944245717513 2.1987625159758317 0.7370619578259537 
0.7523337023913156 2.894367611686373 0.7472204793217722 
0.8241260427989499 2.413816033122734 0.7252718671778712 
0.8002628336422852 1.5339069118295052 0.8465473468475533 
0.8832732892995302 1.2950234042177673 0.8196151742770481 
0.8147476474429327 2.492247817653119 0.7322817977702838 
0.8972079517820897 1.0784567822329387 0.787171601694608 
0.8127392680616015 2.3067527035683875 0.8020063462270539 
0.8002628336422852 1.5835036582452537 0.8464760597010532 
0.8525611017308388 1.4094411236530047 0.8168425695237147 
0.8714804152106502 2.0829592674918946 0.7094792482836992 
0.8530829374079322 2.135757136532235 0.7395586196414479 
0.7328681801995109 2.7964229042293374 0.7765192701990931 
0.8145424142212399 2.598659276867504 0.7236295412027206 
0.7416086095438172 2.645558118499352 0.8131308875828406 
0.8902730493448183 1.2914146351532472 0.786933258041943 
0.7277666283147943 2.929276836261072 0.7442824204348595 
0.8827275221928923 1.7273055283849295 0.7522190799740961 
0.8782666490756762 1.527533189219168 0.768155663223392 
7560294 
6 
374264 0.5958951784334964 
