0.7263130299214506 2.7794226585733988 0.8460661146213893 
0.8457566119707881 1.8883239467227826 0.7017556444859111 
0.7908767122798473 3.043311492486432 0.7110304785373175 
0.7687355486140817 4.027397853640583 0.7602492202228417 
0.8246925691645736 2.3666132516581246 0.7228221844825387 
0.8156102455759784 2.8256229344953336 0.756501188439474 
0.8084979282734868 2.783462982555216 0.7984245894241961 
0.7914077469993614 3.0244401535696697 0.7454529037210134 
0.7788465590388112 3.4640750953796324 0.7204303073781931 
0.8227265778771053 2.6539267202905 0.7122566415998431 
0.7840819666495666 3.1727530600220075 0.7120195287895152 
0.8160966678378987 3.488374834904068 0.7057668500685579 
0.8324660161274634 2.25526777104781 0.7026458212594525 
0.7802318237627662 3.0223222766352436 0.7773589940214954 
0.7682018459184792 1.8965987984260344 0.8460503190203119 
0.7065030640892405 3.7399777937169776 0.8219416211005627 
0.7074996114716183 4.263822349440665 0.7589274022552644 
0.7061708732762217 4.3455447670677065 0.7865742197047968 
0.8083496037467107 1.8929065353667907 0.8012021697394609 
0.7744093887801321 2.899071010170491 0.8308404466404596 
0.7281698395137872 4.011583912889817 0.7753334769443369 
0.7764711496545172 3.5176121861740888 0.7023183410195146 
0.8222011130102544 2.7872063758093653 0.740685565279034 
0.7748457122922114 1.5726177349116206 0.8713999939089048 
0.7881660234765683 2.2730950031291535 0.7993657475711653 
0.7580163680223644 3.153242279032093 0.8077211852006174 
0.7917399127557017 2.040054256252556 0.8133652677311882 
0.7760677750958516 3.630825111025379 0.7006146946951348 
0.8392541348752426 1.591499110059331 0.7207429316000168 
0.8251489176060169 1.6513343842802095 0.7594674091418492 
0.8398720639406344 1.9763334872871279 0.7183082466462651 
0.8212397686309211 1.7371727534879842 0.7657770057854414 
0.8388883216150952 2.0455863820237963 0.722266924118701 
0.8166187571426778 2.959067546322732 0.7249463521732555 
0.795566352783965 3.033945319857788 0.7284567322430754 
0.838116248328035 1.2292471502453994 0.763107615691016 
0.7127880430785084 3.163299340586883 0.8258010952248587 
0.7834115648550878 1.5017643631742281 0.8347724870161607 
0.813085032318232 2.3169300453471715 0.7634218574335794 
0.7661494063090061 4.426029777993187 0.742149485149361 
0.7383163613076491 3.154706357370397 0.8101435832337965 
0.7434359399725392 4.458715736849533 0.735269513223395 
0.7907879581078949 2.9965961211966277 0.755803660201166 
0.8367400543022072 2.050106147694125 0.7347779971381069 
0.7764711496545172 3.2421396999754086 0.7642754389803031 
0.8248146594727589 2.2072226196052993 0.747525877579998 
0.8212397686309211 1.5169058433979918 0.7831350473050971 
0.8222011130102544 2.810972149929274 0.722502457666845 
0.8388488754338237 2.2438389505122123 0.7032452583473102 
0.8334151327360885 2.2040067484499746 0.722087337054812 
0.8383891193530146 1.3949634693695834 0.7458549638793163 
0.8222011130102544 2.810972149929274 0.722502457666845 
0.7661494063090061 4.22530832079053 0.7602178200198392 
0.7819285450974327 2.860758336841829 0.8210882904480907 
0.8319351514710429 1.562238743030808 0.756987506736794 
0.7602264283668472 3.134655746245257 0.808705789570212 
0.818516990359928 1.6056178380336903 0.8099068941790738 
0.7830022332609398 1.8965987984260344 0.8432546044565177 
0.8212397686309211 1.5914571781864892 0.7663820089945299 
0.800193346364369 2.8458377289126084 0.7942523254145697 
0.7975595227187561 2.8781225130064 0.7939485468160319 
0.8207830313196987 2.219171918557386 0.7461447561100982 
0.7265681050100187 3.224006447474666 0.8048357041691792 
0.819216963858789 2.0295843947705277 0.7582927936597389 
0.7810741647529209 3.4623705944917886 0.7228193455323636 
0.8024650056032001 3.006986803644777 0.7466802532800472 
0.8031119049925695 2.9043348034054546 0.781819167569773 
0.7334849426354444 4.038916701687371 0.7751480622486212 
0.8091622848428459 2.8809429680840415 0.7306470508269547 
0.8390179341629073 1.716620293204924 0.7254001846980225 
0.7665527808676718 4.211779375659011 0.7435311407066977 
0.7795165535901319 3.1674646381762055 0.7672029569984418 
0.8459492536086721 1.7581455149382499 0.7030966917485864 
0.7061708732762217 4.17950061127074 0.8047682815586508 
0.7098724531065379 3.9839258055502187 0.8052605388794775 
0.8091622848428459 1.7675817688763875 0.820036547485886 
0.8205875897189133 2.7409036178036392 0.7412679982655285 
0.7807065825205064 2.469852978155474 0.8314580110577132 
0.7570378116961703 2.5805224595055747 0.8668005020100531 
0.7180556653130559 3.1261139424764806 0.8264771954842142 
0.7847596070382756 1.7628666168857594 0.8325899649458781 
0.8459492536086721 1.7581455149382499 0.7030966917485864 
0.8431465162403908 1.778377808324765 0.7202455807444581 
0.8084979282734868 2.799019057309459 0.798397918585455 
0.8091622848428459 2.8809429680840415 0.7306470508269547 
0.7591139792208591 3.0715665531264134 0.8294080179874157 
0.8143527662962641 1.627877028742376 0.7890496306949935 
0.8157408242796997 2.764196439709547 0.7566286578988972 
0.790464825955927 3.1302058243758832 0.7726346416705261 
0.7312453423466787 3.9598787739363708 0.7775542263613026 
0.7573343855796871 2.5603919737014387 0.8509817124973355 
0.7731017606372199 3.3614320198813057 0.7982935778931203 
0.7760558610248869 3.933395455552663 0.782309793656014 
0.8334151327360885 2.2490747738174175 0.7220781413591536 
0.8268196181951224 2.063672630083098 0.7310673901607819 
0.7742407005675699 2.4094457552878055 0.8354128836163559 
0.7826789430829548 3.4536919852049066 0.7403549323463163 
0.7497176746821144 4.410708333080867 0.7585907654105017 
0.7983662718360873 2.963644174926402 0.7623648215423019 
0.8091622848428459 1.8232288293047634 0.8031675447178509 
0.8378077353168749 2.0344733173586627 0.7538535751743914 
0.8388883216150952 2.0823611951227443 0.7056697245859993 
0.731444316870222 4.2744923383424815 0.7516876535365141 
0.7813472111746499 3.2395588796765007 0.7219864209334795 
0.7818037981458015 3.2281746176216615 0.7080717865650552 
.7198018477367386 
035 
