0.7098368862903928 3.270843604563432 0.834029782997829 
0.7859800866205009 3.1185412650290765 0.8442037282275658 
0.8276431392963104 1.6672382879688055 0.8560683599141311 
0.7047827902361076 3.701623681393716 0.7433270890092681 
0.8466701868199467 2.66362858907623 0.7953140717975073 
0.8062701498294557 3.291294128309327 0.7380640900304314 
0.7625949168919187 3.4964356608946487 0.7179403151221356 
0.8786640639320316 1.6248401621765636 0.7253155243923859 
0.7938172126881208 3.4319553657784314 0.7207916259021605 
0.8635110245308801 2.471921541618451 0.7343526524558333 
0.7367206392863754 3.482233089221183 0.7758360854493068 
0.7867598438199008 3.4852832916916294 0.7425255445113715 
0.8788303347352903 1.1948582549391271 0.8098757653678307 
0.8073594562576248 3.205199523887221 0.7976049886377035 
0.8783680068685139 1.635843871793937 0.7452167333575029 
0.8739839581658556 1.7889138694863573 0.7114741454846332 
0.7761154246762898 3.130003787633232 0.8030413819262197 
0.7068945997469768 3.5122323276417515 0.7820386678915342 
0.726636250263056 3.763215269023911 0.7333244417537906 
0.8766531508410136 1.479314758754558 0.7748378416765527 
0.8385875980766445 3.0956090854957865 0.7743722262698072 
0.8109186685966472 3.3819186802479555 0.7146865310684781 
0.8609334294005121 1.8575912226266724 0.7827861645971939 
0.7346833657135063 3.6614601007819245 0.7232811800916031 
0.8882641186964395 1.3604360770529884 0.717040524022661 
0.7801105345638576 1.5527137956636168 0.8661638267126396 
0.888351113269031 1.2891497517476245 0.7470393210783306 
0.8521068203370484 1.6296753864058484 0.8222581488081406 
0.8523202964039537 2.880446838619047 0.7612497232788336 
0.8800049417084992 1.5854660459136425 0.7162270908837985 
0.7304834746069836 3.24202884579502 0.8195545225895089 
0.868758258566807 2.2629960371428193 0.7393392968125565 
0.7580688421212165 3.654254082298634 0.7520500806893642 
0.857677314913845 2.6664308378056125 0.7288149141006766 
0.8590680225201112 2.393257563693451 0.7658406532860023 
0.8146202484269633 2.7820840383196352 0.8161797439468558 
0.8661600446034313 2.0586941098317495 0.7511556891725977 
0.7974107090954871 3.3258909903518847 0.7675352841003202 
0.8263666630237989 3.238436249431 0.7238666322509939 
0.8181399615792092 3.179743811784717 0.7567515400372876 
0.8898934277580468 1.1972437784142467 0.7500935204940024 
0.8440541340540669 1.9548806802394947 0.7990256996146566 
0.877839546601795 1.7636396453886107 0.7133811600150474 
0.8753868210396225 1.4778591244694017 0.806972722588018 
0.7739798872502051 3.3332210138026754 0.7735617150040668 
0.8705787544324565 1.9629455924100214 0.7226571393633429 
0.7428060861688712 3.706378875729779 0.7083067375338454 
0.8353223113680734 1.959783319119275 0.8231724733544309 
0.873013051304953 1.8075626267487699 0.758826148728869 
0.8848630846756556 1.1028443412805888 0.7961666039341724 
0.8772138955679042 1.4448189995207483 0.8071967250736937 
0.8455964485430827 2.8466639801734126 0.796259374488436 
0.7290320313862004 3.2813420963714335 0.8206161236468094 
0.807939224103076 3.2977897728195176 0.7195490849641377 
0.7924545935850079 2.8682125835101018 0.8281324343439725 
0.8354379348413927 1.682726714734248 0.8500112777814749 
0.8814165271537227 1.5411736301453138 0.7427807585141886 
0.8554145167747852 2.7158021218877897 0.7796240155527416 
0.8388805281232568 1.8487493863726503 0.8223191254468137 
0.8161973216914488 3.228525568538167 0.7400187335777644 
0.8120101777532445 3.012345227916146 0.8160029726311796 
0.7980754671155454 3.3071942489160877 0.7304058328219876 
0.8815648543473267 1.7229165149972494 0.7137088532940107 
0.8385489570439002 3.2579697458196026 0.722780586800887 
0.8809242006365048 1.5928639235166169 0.7137222901797495 
0.883225880915628 1.4011717077772732 0.7761594326796558 
0.8340024460842044 1.859123586151896 0.8293821937943315 
0.8854534642398872 0.9965541557495834 0.778557580893431 
0.8635110245308801 2.471921541618451 0.7343526524558333 
0.8585369851337692 1.8688155852251618 0.7858517733815401 
0.7902865278353877 3.321859415084943 0.7914683380595218 
0.8652820965978671 1.999695226283907 0.7513092332507537 
0.8663617318827641 1.923212291498931 0.7545954674836244 
0.8271985572525888 3.106170010672826 0.761869565326668 
0.8776561694120452 1.5705648171904827 0.7473317563675729 
0.8218772558989133 3.1700801851296028 0.7748664444946627 
0.8739839581658556 1.7638855424390822 0.7115371818288706 
0.7623291117325764 3.394164160766597 0.8083799191313839 
0.8492802574936655 1.8633950416610758 0.8146345136267287 
0.7623291117325764 3.5027693176737507 0.7732532395060128 
0.7020065990992008 3.6493585275393396 0.7815062080773472 
0.810610205698844 2.800533650366602 0.8177522297677832 
0.7689401043229303 3.354042326198941 0.7717915934562842 
0.7020065990992008 3.6493585275393396 0.7815062080773472 
0.8849105405060869 1.3294363204596615 0.7491259620845224 
0.8006289963274948 3.321840624276287 0.7182263328687242 
0.7949496563731386 2.7734241505077795 0.8306029874302352 
0.7894619326682878 3.1707641637347366 0.7981321925014155 
0.7301987396243961 3.5112904486696586 0.8195017213558697 
0.8627755092725528 1.3072059762512322 0.8212138192647538 
0.8824902680974145 1.5207155215196528 0.7478783878890425 
0.849457038191248 1.8535091784250335 0.8059353663515563 
0.8426423982687725 1.5274639517863235 0.8469563227351332 
0.8627328067543907 1.8778651673739835 0.7563139030802146 
0.8343909656391817 1.8503033660192842 0.8294137943308378 
0.8135524922422601 2.8959653691133305 0.7819508679873991 
0.8638430900605066 1.4859856782305856 0.7734847461335815 
0.8857352332330728 0.9921648589568371 0.7785953766390813 
0.862686592723453 1.6849959121491238 0.7991489981327287 
0.8820574063746508 1.556014594862896 0.7127017093902878 
0.8519021420116352 2.8237496287259294 0.781097803091588 
0.8027855748629928 3.259066307940111 0.7478722566283368 
0.8343493415608405 2.752916455759279 0.7963582595584798 
0.8305740589344865 2.4245086931066293 0.8122520358478412 
0.8838814397434951 1.180198854791324 0.7783524160307878 
4577 
81536640558534 
