0.7093579301633263 1.0551772698132589 0.7269914839757485 
0.7052645708928988 1.1729009283126073 0.7335315639577149 
0.7589793066753724 0.9874216187306977 0.7003456968141678 
0.707487063536872 1.0367368053671382 0.7320272982849432 
0.7210111945677709 0.904813966958499 0.7299728760038838 
0.7074717881632689 1.1794654716534039 0.716555493902825 
0.7068144548893174 1.1636370925017485 0.7313851126341917 
0.7536952892474204 1.056067820607348 0.7012142987351994 
0.7513420012408767 1.025992690896944 0.7112501077934096 
0.761655068374987 0.9687319849121009 0.7127951680246005 
0.7060980133544118 1.026917725168822 0.7444186173211518 
0.7054401186029484 1.1707748682803123 0.735464322100624 
0.7281771796904091 1.084274944287859 0.7193068064756427 
0.7070192142309035 1.1924146620926892 0.71699060524419 
0.7060102858195254 1.322449074300551 0.7262832493775077 
0.7195535497810629 1.1277269338128557 0.7255383822176797 
0.7312581829010905 1.2436504510839568 0.7020803182410424 
0.7517959613279482 0.9541624687520643 0.7246504153726304 
0.7065359969110552 1.2919501248032332 0.7124264679536779 
0.706536681908936 1.0814922968781768 0.7440130175331156 
0.7189276347341268 0.9748193490471947 0.7346820179848517 
0.7064452681800037 1.267434976402206 0.7324854929738968 
0.701243694663847 1.1715378325041985 0.7429358095132494 
0.7044597785854105 1.3312916897126716 0.7060369507197394 
0.7031737313114399 1.3380313314651677 0.716707287040619 
0.7120482721132678 0.9883749582637469 0.7360213035679696 
0.752067148994603 0.974446051887546 0.7234969351042201 
0.7035977477300575 1.4901828167004063 0.7071280310835073 
0.7029537583564354 1.1202816775455664 0.7388280835015439 
0.7539046379216482 1.0188401375082419 0.7103208575979905 
0.7207428133566576 1.1266962761004526 0.7207392959580586 
0.7611433553015754 0.9182620752400065 0.7128031708956416 
0.7505611287656277 1.2216382141789457 0.7076350267173327 
0.7187824576638469 1.3018237822673293 0.7033864352131188 
0.733322103552822 1.0932935044356622 0.7131826943941802 
0.7256917235853928 1.2348290928020764 0.7147631152121725 
0.7096357340237999 1.0274944989675165 0.7293467621143632 
0.7020624849894533 1.4034553401232508 0.713096670474113 
0.7073080149133301 1.1115717768407396 0.7336899614227725 
0.7037835146239024 1.1912027235151696 0.7362147783028511 
0.7026912298695647 1.1225355536992334 0.7362835600960411 
0.7333221035528219 1.202080199562552 0.7137582352532026 
0.745412979173922 0.9937181520204014 0.7188211009473333 
0.7027892692285234 1.3860693783821174 0.7110988463488859 
0.7595643214338048 0.9844982581947246 0.7009732845500872 
0.7428379169531971 1.0762347918939124 0.7178190342990471 
0.7512396984023266 1.013539439299838 0.7106060783941324 
0.7595203341459926 0.9402200166176387 0.7041283925438327 
0.7043872955440349 1.1407826130280139 0.7329966414005457 
0.703729339032387 1.2683156465633896 0.716780447200088 
0.7015324644661814 1.2940138063484459 0.720745913312446 
0.7053881974495326 1.2912687221550805 0.713224344656999 
0.7082912326066637 1.0777419264049446 0.7245183914315476 
0.7171596196473302 1.028498604253785 0.7242627992115803 
0.7029982762416671 0.9956454104948895 0.7401569283328214 
0.7034368830360068 0.8850547908861457 0.7394907894537204 
0.7065220297730294 1.0453665414023012 0.7355937894165292 
0.7042923180557099 0.8406365859010339 0.7412896748452065 
0.7139892747027214 0.7317450732816251 0.7258456952497601 
0.7035392318267075 1.2525901488387086 0.7306739967024559 
0.7045188868463645 1.2404516506805516 0.7161840707110196 
0.7056118257184908 1.2339803469811248 0.7292239444559416 
0.7059810433078966 1.2174960516471864 0.7166037500032587 
0.7041533554510045 1.2624229776867821 0.7175465819999972 
0.7063868449169307 1.1995425524849348 0.7247662616654411 
0.7011048534080788 0.9254543363671632 0.741994158796671 
0.7012144830323105 0.8479435943197848 0.7412969174782011 
0.7020917275010821 1.3355328810812708 0.7157801139913195 
0.7074717881632689 0.9747989313782811 0.7307219590400919 
0.7111819627062648 0.755879487467053 0.7270460360468582 
0.7111819627062648 0.755879487467053 0.7270460360468582 
0.7034661255476355 1.363178464356215 0.7028148598406208 
0.7000739633186029 1.4066470775824054 0.7006592051502205 
0.7035538839626142 1.342354068431397 0.7062038409605518 
0.7011559671289607 1.1201274148758984 0.7370180705968716 
0.7520166426397521 0.9402554908091791 0.7081108932726772 
0.7539046379216482 1.000439511852437 0.7011249730656779 
0.7074717881632689 1.1066509442290633 0.7169506224646041 
0.7561360209114372 0.9170604769075923 0.7090544823101721 
0.744420016480027 1.144328445355525 0.702999333574944 
0.7483621234241613 1.046052215589628 0.7076003266981887 
0.7404913138432968 1.1735880032801587 0.7025145733642914 
0.7066828635869877 1.2816615054005498 0.7018751538298995 
0.7140206292358036 1.267935197919973 0.7011614440011731 
0.7074717881632689 1.2283728097818125 0.7100393674252222 
0.7095626277447279 1.1759495192760008 0.7145344768271108 
0.7132618363458629 1.2127627224387527 0.7072358341187803 
0.707597795994706 1.015890480700524 0.7264120722636702 
0.7084886813203427 0.9955436101322368 0.7249653976266281 
0.7078672161880462 0.8498322714320599 0.7255341918854725 
0.7056733428180056 1.0785384489042447 0.732045275090434 
0.7042557042417052 1.0640117376216414 0.7330373034272832 
0.7031444887998111 1.126073051838624 0.736108380357537 
0.7333221035528219 1.1830928320899576 0.7128624469829563 
0.7209657875078272 1.1223544499965528 0.7129005358226461 
0.7432399864160346 0.9764225120216263 0.7153261614384108 
0.7214506494279334 0.7791960946780034 0.717906101888709 
0.7027892692285234 1.3042039491263153 0.7087713683561182 
0.700702677318622 1.3819436216980212 0.709243046519038 
0.7016969535940933 1.3612715445194845 0.7107766717460572 
0.7391762772601838 1.045528719407805 0.7084015029839477 
0.7409040863992231 1.0234337902369488 0.707890379381958 
0.7246234928197499 0.7491010870912258 0.7176874904229883 
0.7404693201993908 0.9169664179349736 0.7165513566192727 
0.701287651071567 1.0074321299843345 0.7268135494826548 
53 
0.675962193078895 
