0.6987899999233262 0.6988853487830472 0.5099410943276933 
0.6614411460353194 0.6999871557063762 0.4670568255255071 
0.6986179883682062 0.6997738107566119 0.5099252995845948 
0.5148899729592742 0.6999835767222826 0.5026750534410928 
0.6998281399662407 0.6986739197320927 0.5305027614067543 
0.6929347815510984 0.6999502494181308 0.6159620465709272 
0.6946016047139398 0.6996898737817633 0.5960346261451054 
0.6989874177569129 0.6993134052972285 0.505322579843364 
0.6999871461232223 0.6951454850156934 0.5645594968918786 
0.6971310819698306 0.6958585682739893 0.6163752981473292 
0.6981998761633439 0.6999326397348696 0.585854002535911 
0.6994997871719477 0.5980551913092458 0.6587268433406458 
0.6992804374546394 0.697810815772682 0.6089878099257504 
0.6997921814081434 0.6946733428822441 0.5897066652845697 
0.6999871461232223 0.6857588404753805 0.5800650778935876 
0.6997921814081434 0.6984753961329526 0.5745775328494886 
0.6969702481558723 0.6989453212884306 0.6099375412227382 
0.6963123225243166 0.6698407953030765 0.6871180524061877 
0.6997921814081434 0.6973454374456496 0.5749906415212609 
0.6939729215940129 0.6967075880425874 0.6726771050155069 
0.6925399767640174 0.6997762420607382 0.6189457331978032 
0.697087279962572 0.6959441705356457 0.6358922491475322 
0.6956105022452255 0.6995219924532629 0.6018363710687744 
0.6995875147068341 0.696915443766697 0.603408753285634 
0.6994557947435358 0.6525906251864985 0.6779777009430182 
0.6963707766674819 0.6323816192980016 0.6787308010425819 
0.6999871461232223 0.6982679617641766 0.5294934189877688 
0.6998722591204689 0.6870036767194835 0.6073839548401929 
0.6998799089430299 0.686567125258118 0.6454548292958447 
0.6955227438302468 0.6732550637018215 0.6910954354378506 
0.6963707766674819 0.6283344962086966 0.6841189857557588 
0.6869838686744537 0.682909154970284 0.6777273671359016 
0.6954788800628036 0.6993465258080477 0.6081050325980781 
0.6999560759546168 0.6936300643528095 0.5769565213570218 
0.6999969407497295 0.6208212456454575 0.6189427301536731 
0.6985639650396417 0.6939083434627428 0.6381623963171356 
0.6999889737801992 0.5436526687468832 0.6197414741049451 
0.44288536517413957 0.6999854457748609 0.4789600719776397 
0.6987679985961256 0.6994224969363996 0.5776495577444332 
0.699207233394691 0.6919989668824149 0.6655423254657102 
0.687524916899771 0.6981641571416333 0.6650999396239253 
0.691721186438411 0.6997433433261507 0.6440647859004921 
0.6999560759546168 0.6714577334645344 0.6104934308620363 
0.6998799089430299 0.6836561539301632 0.6509454868953318 
0.6950256520126495 0.6992964171030848 0.6477243893061864 
0.6968598311204015 0.6987778699264996 0.6606009322743056 
0.6285790310911356 0.6999683194431953 0.5570621743235984 
0.6999889737801992 0.5833728538630734 0.6193597000904387 
0.6900105303882187 0.6999135898953952 0.6515393283515305 
0.6241391709236794 0.6867133910359827 0.674293124478785 
0.6974411530537561 0.6952989923508169 0.6661807362771008 
0.6869838686744537 0.6401124305330984 0.6920234876754466 
0.6991488461523099 0.6939540815309675 0.6279760522946859 
0.6999969407497295 0.6699513904014288 0.6131429001476734 
0.6997921814081434 0.6969101276490831 0.5847610930727943 
0.5531594565428938 0.6999404043193048 0.5528731828853858 
0.6050661584620709 0.6999529663135915 0.486985113263068 
0.6999889737801992 0.5335933831865787 0.6017757780213658 
0.2585539075767612 0.699945353778875 0.5471810670710396 
0.5100140572730382 0.680607610561908 0.6743650500643161 
0.6999889737801992 0.5945295482516457 0.5977443703849465 
0.6937681622524268 0.6090338681837304 0.6867483459145963 
0.6999889737801992 0.5051904182164648 0.6066125043263416 
0.6952010453222378 0.6441321984532644 0.6661378305167545 
0.6998722591204689 0.6437688601291391 0.6255003038352915 
0.6985639650396417 0.6319824227381414 0.6566058790430891 
0.6982716016835383 0.6442332138417988 0.6629075743552083 
0.6999560759546168 0.652803748287341 0.5914006017195983 
0.6998722591204689 0.6548556478344602 0.6064754440456177 
0.6952010453222378 0.6347457899787046 0.6814898118748366 
0.6963707766674819 0.6320184037296084 0.6773753424366374 
0.6999560759546168 0.6457429998438481 0.5937505598374788 
0.6997044538732571 0.6352778634876458 0.6339815603751771 
0.6995875147068341 0.6567431370261291 0.6472782008679605 
0.6863057165946196 0.69927070071088 0.5349886788777443 
0.6984094705574844 0.6992389838504987 0.5520995913234564 
0.6674611325246942 0.6952459306679555 0.6484390415499006 
0.6884532255233671 0.6997832323257699 0.533493659833623 
0.6088255600854222 0.6813230636161928 0.662844447678455 
0.6973650529429534 0.6847324389247034 0.6336982230544246 
0.6939729215940129 0.6866712159308227 0.662589513732952 
0.6834162822557406 0.6997773562779426 0.617007892675309 
0.6789860726240702 0.6998355636133435 0.6447799264025249 
0.6997921814081434 0.6929433348029412 0.5895681977010705 
0.6998939356174056 0.6969978074020383 0.5273868741423282 
0.6964000191791108 0.6968546966162106 0.6391406464148549 
0.6994997871719477 0.6852893212097121 0.6272884036659501 
0.6987461670359754 0.6992284841764038 0.5483956134363387 
0.6991488152722176 0.6920361489075558 0.6011872340195009 
0.688343676345285 0.6981819901778025 0.6452255219422942 
0.6935342530394887 0.6983201999122716 0.615878363617975 
0.6992804374546394 0.6851426761003082 0.6291775113773047 
0.6995875147068341 0.6802870189708256 0.6445729631643119 
0.6989441485709083 0.6985657482941261 0.5192612123014237 
0.6868376561163096 0.6905479946834047 0.6549422219980566 
0.6928470231361197 0.6991677243056876 0.6163141955050152 
0.6983885099698689 0.6888483198941885 0.6331955102021806 
0.6988777583383049 0.6968370254732413 0.5402783893567591 
0.6996599955243752 0.6963907237564335 0.5799314030910325 
0.6966632326638622 0.6849450352838221 0.6523277821907159 
0.6999871461232223 0.6837443837674665 0.5662817454406508 
0.6916627014151534 0.688353333540665 0.6567470569388866 
0.6994997871719477 0.6799276742784677 0.6479337932057723 
0.6920428540663278 0.665778160595845 0.6672072958189422 
0.6999871461232223 0.6841701925985708 0.5205105811033305 
