0.6446383616054712 0.6999848793093091 0.541200279644608 
0.6995482804987334 0.6979615217652848 0.508583223034978 
0.6970772573860078 0.6999167679017414 0.5019236676818798 
0.6999869181731654 0.6951603381086019 0.5738646154579514 
0.6994263622697441 0.6994942556477367 0.5694851526439056 
0.6982323057152531 0.6993439082853272 0.6308076890646493 
0.6635195336844053 0.6992485922392507 0.6421965853717438 
0.6052100623049727 0.6999291746249193 0.5552073371453108 
0.6351097255310141 0.6997279232127517 0.6103079189607808 
0.6999365484659978 0.6956963604089373 0.6448504757739385 
0.6999430235256299 0.6564423104217653 0.6126255502319089 
0.6930956864157041 0.6994867629623398 0.588700355566257 
0.5765508744683603 0.6998238992259873 0.6324529691767623 
0.6999575936550066 0.6854558900968794 0.5933994763412068 
0.5961362269092576 0.6999886263885281 0.5843256515596837 
0.698305411994325 0.6964644569339669 0.6133636391151497 
0.699991333992908 0.5306185238318364 0.5476017428145453 
0.6459856918203637 0.6996084741865063 0.6088846955696211 
0.6999869181731654 0.656296302443813 0.5875503410877071 
0.6981006835328312 0.6762065860887724 0.6578609828846923 
0.5887276870337739 0.6867372960427578 0.6705723905083336 
0.6998114013432081 0.6291013776556558 0.6805251980207463 
0.6998114013432081 0.6463622957929956 0.665800295844262 
0.666216242617633 0.6991814912294663 0.638937573937882 
0.6998114013432081 0.659831393035297 0.656654676706863 
0.6999869181731654 0.6731730316296052 0.5866724572868007 
0.5479939594693527 0.6998746002546522 0.6077124911877587 
0.6998114013432081 0.6857088036011814 0.6565177784054783 
0.6915583725155015 0.6998360581983182 0.5697153225780536 
0.6999869181731654 0.6930256428973788 0.5757520647045457 
0.6976766671142136 0.6893741796408402 0.65626459595736 
0.6971649231607098 0.6934053440447416 0.6664286860785782 
0.6983053811142328 0.6745963984348599 0.6735043986619859 
0.6999575830212598 0.5372967863024659 0.676325608676336 
0.6045378539579258 0.6751093111620132 0.6705905088595696 
0.6691987850442918 0.567736648725214 0.6948074287168035 
0.6999869181731654 0.6967147836043012 0.5523692290143628 
0.6996798100408785 0.697046080288976 0.6031214199861387 
0.6912924164083358 0.5532002950425915 0.6964002887448727 
0.6983053811142328 0.698797088423245 0.6382978064422673 
0.6999430235256299 0.6375731597348088 0.6181980732988401 
0.6948254913503138 0.6869749306706165 0.6683175579306417 
0.6954542053503329 0.6555798943228681 0.68265468283984 
0.6035289564266401 0.6962678055281897 0.6647927684783638 
0.6023417869821639 0.6991643615206572 0.6515450256292398 
0.6253553941048676 0.6712852393171949 0.6805664751358428 
0.6999430235256299 0.6158676599774334 0.6215739530061666 
0.6937726991714925 0.684183282466528 0.6700541724871741 
0.6999575830212598 0.5663229215601736 0.6343914479553919 
0.6999430235256299 0.6948863221211815 0.6041523811012213 
0.6978813955757075 0.6916441632919199 0.6560296300113267 
0.6990657172966738 0.6717469630152306 0.6661783500256532 
0.6693168829251191 0.6999046416765201 0.548766095223213 
0.6045378539579258 0.6931206753864598 0.6669718039605826 
0.6532839242835344 0.6998149983174308 0.6084567885072162 
0.6970890742592236 0.6990086873934198 0.6641583791143019 
0.6545997446665535 0.6995373539658835 0.6506353973324771 
0.6564370294565376 0.6992374510675713 0.643504996735662 
0.6972234699441519 0.542695188532153 0.6832202293553349 
0.5712553480957525 0.6076509808177144 0.686594875726951 
0.6932317435864521 0.6676605486337494 0.68613435283408 
0.5481029020487277 0.699582480560419 0.6205281764023366 
0.5905684173858545 0.6999555567162573 0.5191258546053652 
0.5752932631931029 0.6999611573862995 0.5331790993268228 
0.699182687343189 0.5281486991816938 0.6390245287244958 
0.6334259539780768 0.6999669947677991 0.4933457158622557 
0.5699245578520253 0.6996571486093166 0.5871095925323212 
0.6999869181731654 0.6178896663735267 0.5479326457628294 
0.5183353589858979 0.6999840215850589 0.5310223434639535 
0.32067903882648174 0.6998572514894154 0.5550898666289518 
0.6999575830212598 0.5644376374880685 0.6120803442271839 
0.569919541182887 0.6939675715281806 0.6639933977907554 
0.5702052185648192 0.6997049416435804 0.5859533246476385 
0.5885675299479143 0.6763385302770416 0.6640128592640505 
0.6015080710893647 0.6996496744957064 0.5946330393821759 
0.4930907663680356 0.6989074969291693 0.63451851866031 
0.6970625434899167 0.6028649743641227 0.6732049924585615 
0.6476012633160383 0.6998659614582041 0.5462094007473499 
0.6999869181731654 0.68773796243357 0.529818618005671 
0.6972818314470404 0.5972511133237335 0.6796808636175738 
0.699182687343189 0.5116036089576032 0.6557919663969527 
0.6878125266444168 0.5613258782306878 0.6814625279797185 
0.620460809061576 0.6997314986361914 0.5800228726973922 
0.5442822451282194 0.6993257460270423 0.6236824012052754 
0.6184992666903317 0.696413195523164 0.6620866100217836 
0.6718260676935487 0.699801991608176 0.5128026726336811 
0.631572472758422 0.699683419042515 0.5580530280682283 
0.6104886433142014 0.6541728366262094 0.678753570993509 
0.6999575830212598 0.5046114634516435 0.6543668673195715 
0.6045378539579258 0.6695862097534816 0.6712919629388368 
0.5466036617206369 0.6988027379363088 0.6404878132956495 
0.6691987850442918 0.5741302102567345 0.6812478995494253 
0.6972818623271326 0.5528930297176244 0.6671792496385639 
0.6981006835328312 0.6673113047955896 0.6297734379149367 
0.6912924164083358 0.5243221971952767 0.6815439486773642 
0.6593663358222318 0.6947803891156809 0.6615691853864568 
0.6045378539579258 0.6653109345649371 0.6712939553209888 
0.6420065355588795 0.6994658735079049 0.6219111319344857 
0.6999430235256299 0.6141113756004264 0.6191047159406646 
0.697471969532812 0.5223123895896337 0.6624608421106563 
0.6067729268869075 0.6645161917247265 0.6765695138662754 
0.6672979909083278 0.6941498561308769 0.6609529702489856 
0.6998991597581867 0.6687973416033001 0.6243315649968898 
0.6967847705095354 0.695912709501213 0.645103672207281 
0.6692290414396511 0.6676797636522734 0.6608468622370725 
054059514 

