0.5504008623604982 0.6999920332675277 0.4978626132866126 
0.6998977453318205 0.6999498358731934 0.5173261831040074 
0.6999489820565318 0.69953254560297 0.5107674128566815 
0.6996601499248365 0.6920580123037725 0.602833958499479 
0.6998465709364701 0.6989128856075874 0.5505634145221397 
0.6992802229219826 0.6985378918371465 0.5680600763833702 
0.6161974179903267 0.6999873729943582 0.5580929611218008 
0.6861203707396037 0.6877540339641903 0.6519573654072092 
0.6942263988392594 0.6999641477802775 0.4792555381590287 
0.6038211871595314 0.6999467165479832 0.61677562409224 
0.6948387375467329 0.699882337729739 0.61206862767488 
0.6945487729456705 0.6996445193645338 0.6304469342382121 
0.6924268556112683 0.6996978632401023 0.6207097346248378 
0.6903702797417617 0.6999589718794476 0.573107151245154 
0.4588518151851042 0.6999925975839136 0.5607589310015809 
0.6998867793899597 0.6980148676200882 0.5775073020983665 
0.6999971034494498 0.6871715272549823 0.5591582293785343 
0.6996601499248365 0.6967958469125438 0.5911329380998026 
0.6999715162517746 0.6915817540438881 0.6100840031885484 
0.6664400067737354 0.69420430259999 0.6688729893483447 
0.6978917091098815 0.6993268242321973 0.6201582574069607 
0.5130226022699382 0.6999546592278856 0.5843027808397496 
0.699292484020064 0.6965423191602524 0.618936638140307 
0.6983376574122208 0.6910467131663475 0.648223929091354 
0.6986519835321381 0.6995297509145938 0.5999721680620466 
0.6779131457779852 0.6898273561631206 0.6638119999458587 
0.6997113243201869 0.6934835625456045 0.5887417887140078 
0.6961371275320616 0.6571668498722497 0.6817224944372684 
0.6999715162517746 0.6403316032633352 0.6164437885922851 
0.6990540989471263 0.6973879434614357 0.6479165735162201 
0.6997632607342168 0.6797049590361867 0.628119640340641 
0.6997844305992589 0.6926030172037324 0.5988693017676564 
0.6997632607342169 0.6769548950878937 0.625537462294364 
0.6994476762945199 0.683483293021287 0.6563754757541203 
0.6999971034494498 0.6860159010365398 0.5835392652021698 
0.6814585767556129 0.6991595104105679 0.6579707111007838 
0.6987689535786533 0.6978600041486259 0.616410793205647 
0.6990540989471263 0.686368951599552 0.6504273625414664 
0.6999971034494498 0.698410513036592 0.5493464891329579 
0.670934736449086 0.6824120227293914 0.6670816736730392 
0.6928033838285812 0.6840843902998277 0.6528752583091181 
0.6999093759145634 0.6682597737657964 0.6163767662985342 
0.699383010705245 0.6970517196205087 0.6046695340798188 
0.6859093849434811 0.6992695178448222 0.6481209565602224 
0.6860958059551148 0.6988520668535109 0.64644223305719 
0.6781774557853371 0.6812194026731108 0.6666481584502192 
0.6872915590389496 0.688313066651838 0.648912831417242 
0.661001223094952 0.6720825859892661 0.6696964008548393 
0.6999971034494498 0.6834156182298008 0.6095186564039383 
0.6616197254456844 0.6999151682381757 0.6151174678510896 
0.5823423763780863 0.6999618054002357 0.5496946992280383 
0.5384368529770442 0.6999722523698118 0.4921680360410287 
0.5653601853500339 0.6999714890351751 0.4159462792022802 
0.5971480048955475 0.6999679465097952 0.5031158840549474 
0.6389365042068716 0.6999223495039482 0.5091522274383047 
0.652080795027159 0.6999408131164094 0.5044329097763719 
0.34772862506944735 0.6999799215685865 0.3727733419538751 
0.6996576276922375 0.6933857266704075 0.5648890978862375 
0.6950562285393522 0.6530006630128761 0.6566346499956331 
0.6825949817931738 0.6333354880998904 0.6578254497253673 
0.6814585767556129 0.6339374186640587 0.6795511920941993 
0.6697713553267239 0.6360225581217858 0.6766535976516022 
0.6973068279972134 0.687310065211569 0.630376926424745 
0.6919578299826923 0.6915557503159336 0.6349921270894241 
0.6896647630798318 0.6916908979566933 0.6468931932144901 
0.698067133299562 0.5793595901763722 0.6558787638005567 
0.699383010705245 0.6451073650650544 0.6222482100559398 
0.698067133299562 0.6180178082315051 0.6556752319083983 
0.6994451510424562 0.6664325206628118 0.6188064590889413 
0.6993888715792586 0.5837921324494133 0.6343378073003858 
0.6981292736367734 0.665466220963551 0.6534221890182618 
0.699383010705245 0.6106765780104491 0.6284671985538205 
0.6948247724449217 0.675096205910848 0.6506282810181322 
0.698067133299562 0.637388071274168 0.6551251233591324 
0.6981292736367734 0.674082629851449 0.653236489581055 
0.6990582505621801 0.6236414999440806 0.653919034450148 
0.6993267312420474 0.6820707202106471 0.6124030593330139 
0.4856805047797911 0.6959199772862988 0.6523131781493974 
0.6413776207795416 0.6954464374253323 0.6578350972671041 
0.6988384354238639 0.6520764611883992 0.6461659110433905 
0.6906430932820039 0.6833180946747431 0.6363998758662015 
0.699763260734217 0.6587829794352891 0.6122501705676707 
0.6990905855889571 0.689110455662701 0.5779216186907329 
0.699326398450568 0.6837738325877971 0.5961061827034417 
0.5322170028632807 0.6989314588859322 0.6475216654047542 
0.5757904660148061 0.6971851651565013 0.6433318154209721 
0.6376216652032447 0.6979799165170276 0.6410667420077165 
0.5957291343942264 0.6978134339734902 0.6414012906856922 
0.6693985133034568 0.6977203032196333 0.6203840508697128 
0.6690620690739122 0.676194100849902 0.6573147054142506 
0.658661436920291 0.671787896771779 0.667224359621383 
0.6999971034494498 0.6529060427129081 0.597924788281041 
0.6999971034494498 0.6576597127768407 0.5548679737939134 
0.6999715162517746 0.6522175103572111 0.6056960369579014 
0.6999927834946141 0.664108950404706 0.5796875712298577 
0.6999971034494498 0.6735247893133356 0.543892312567086 
0.6999715162517746 0.6817485199344447 0.601591118108142 
0.6371008773112588 0.699903969618083 0.6045243224100686 
0.6405569653784746 0.699893076678946 0.5767596447851722 
0.5880942093149156 0.6997611946389491 0.611273782950847 
0.6499931915871986 0.6997158048347122 0.5848617660043137 
0.6047066931129705 0.69800644787657 0.6073684455835996 
0.5510857875766056 0.6998314217651428 0.6034085834480646 
0.6997048383694738 0.6579076794182814 0.6097089815585425 
0.682307064754881 0.6644233427583468 0.6156708869198814 
5 0.5565492620548548 
31242826773 
