0.7837980738685144 0.7140909070390513 0.7049567992703061 
0.764011204802182 1.122037716826821 0.7262718895145028 
0.7493769305650306 1.0515422373080396 0.7390634612940473 
0.7765793755665189 1.1388817662327542 0.713461069362833 
0.7426510911302229 1.7530006876322721 0.7263962058605627 
0.7446540796564263 1.080301247541817 0.7426929113657608 
0.7103258413156861 1.7162535588238863 0.733290145148339 
0.7426510911302229 1.792225516234705 0.702998005858801 
0.7568923178138158 1.259478865388942 0.7237571816044062 
0.7502249634022657 1.0629627851230565 0.7388734745913543 
0.7468619510445851 1.3018475443986797 0.7403435133473651 
0.7410074933489224 1.5067393071143296 0.7528235198483609 
0.7256951979167402 1.5237151587898758 0.7526671128084145 
0.7597140040253487 1.2599906893934494 0.7128746162828669 
0.7433821539209428 1.6747100872633782 0.727111345686979 
0.7001482970373623 1.8645163501758055 0.7118770571137559 
0.7472129538244073 0.9986666204039936 0.7453323326520092 
0.7426510911302229 1.863583365045793 0.7024759318072241 
0.7176605034614216 1.8188729499025578 0.717565462553703 
0.7443179142930643 1.4902365965964504 0.7273293382177036 
0.7530615179103513 0.95435064153159 0.738829258136816 
0.7325256368934523 1.7956696752710195 0.7161596994343021 
0.7447125646796839 1.4421095495362872 0.7365877771429947 
0.7564300031135673 1.3013488468641272 0.7020480036802043 
0.7455753731731947 1.7417923536352706 0.716585854640867 
0.7559857999533232 1.2129752111747394 0.7359924131789216 
0.7302648557086457 2.0310680935255747 0.7091532768364252 
0.715573014475248 1.6235553109786158 0.7333223502627297 
0.743908519130261 0.9565462670938208 0.7586385343908199 
0.7697131479316378 0.9527211560663438 0.7281143527356563 
0.7431482447080047 1.5778557230270795 0.7323207746488298 
0.7628539007186903 1.14730359554232 0.7053274873290272 
0.7824602907216816 0.7937927297011477 0.7124734554262578 
0.7426803336418517 0.8861553328057744 0.7602239076154951 
0.7434113964325715 1.608329478152195 0.7268944111101476 
0.7538217923326076 1.5406208160331618 0.722035211263636 
0.7565469731600825 1.3177524552618027 0.7016660938790812 
0.7317294870472196 1.896337325710295 0.7114629883177895 
0.7442886717814354 1.1221010038694923 0.7426323012854688 
0.7494060804363826 1.125086098419676 0.7377268774484815 
0.7464526485220586 1.760979805814139 0.7009770630304566 
0.7508378149560183 1.7310137454316472 0.7268526432922607 
0.7463794496027099 1.87394443762411 0.7005570693343702 
0.742892261666322 1.610570343241428 0.75104585119432 
0.7557225864685717 1.5584438454654892 0.7067105802596663 
0.7419018568654503 1.8511899535255285 0.7043481171949425 
0.7711105717758473 0.9536632963799987 0.7268227397778582 
0.751861688496192 1.0506917352009741 0.7434197784617258 
0.7607551138666266 1.1675719400858926 0.7107185754043589 
0.7521842425614873 1.4811335152541263 0.7364411242515533 
0.7189665278451729 1.6243203448023105 0.730826260035146 
0.7483240766260248 1.151449407277108 0.7406380833187064 
0.755108493724367 1.2878247694090148 0.7287887464257609 
0.7429727896382319 1.7506958352532194 0.7297034484993501 
0.742768061176738 1.1295106812789788 0.757041670277258 
0.7387325636918718 0.9808507099550969 0.7590841472174751 
0.7492307180068866 1.0857630047686748 0.7401308165843432 
0.722842759008748 1.6240694646867797 0.7313029083869816 
0.7455010901908949 1.7274604527777835 0.7090537340183928 
0.7497857698861727 1.5420695528844266 0.7062984792703468 
0.7551962521393456 1.0792430629860257 0.7139011285649483 
0.7218983975385524 1.8063493164520654 0.7046386947732914 
0.7528129256814142 1.5146532435229219 0.7036516709327298 
0.7584843392242472 1.2351093389270802 0.7083707283963897 
0.7229496822785322 1.769959199395851 0.7132918783937888 
0.7224921595177841 1.8203433082215978 0.703306182493347 
0.7549330386545942 1.2377313394790763 0.7036335072087165 
0.7107143167721393 1.7426717643089575 0.7157884089050268 
0.7074735770804681 1.8779019597021844 0.7005787460781163 
0.7548188222457963 1.3726957135890019 0.7050771728272504 
0.7342391111249656 1.7759474335535648 0.7014102518791878 
0.7732168665807775 0.7894840437126586 0.7095278603848109 
0.7697435152372932 0.7962847958453284 0.7028976145753314 
0.7687058601905579 1.0787667387181918 0.7012893976048765 
0.751664749505224 1.2442219974408661 0.7125802608465888 
0.7570166109436767 1.1891382415467668 0.708803413829531 
0.7425477941419589 1.7390039865928157 0.705029899781298 
0.7455754040532869 1.868784723697207 0.7001665958465577 
0.7645130291499591 1.1034434992015123 0.7012389527360572 
0.7515847093129124 1.4938099637959894 0.7064951726854956 
0.7712942023212764 0.7532546293203561 0.710727077778391 
0.7606963352813039 1.105345537864277 0.705386162683438 
0.7678608123905435 0.9270299254663441 0.7160071880862748 
0.7639422849521925 0.9096933556881301 0.7170901478109518 
0.7498242958855581 1.4985648893747288 0.7129949744051781 
0.7559280411395353 1.189805696120366 0.7084615137622644 
0.7665161103164394 1.0573876331826657 0.7091029174006558 
0.7545365383941751 1.1857467592795743 0.7175960050275367 
0.7611349729557357 1.0430930181939182 0.7177699212714103 
0.7522573179604671 1.309066084765412 0.7091281856091289 
0.7499909615490508 1.4089723911255974 0.7161259422296381 
0.736656314486135 0.9970880660896436 0.7533193724770705 
0.7529367740345447 1.2525285791745138 0.7076300867876253 
0.7455753731731947 1.7032235807894127 0.7144611411249105 
0.7494938697314535 1.5341485471531071 0.7143302702387359 
0.7390261847999824 1.7325311343415746 0.7165944344014462 
0.7515116030338405 1.3387530526836953 0.7139393997450997 
0.717173525393159 1.5524289295026341 0.7390818895213312 
0.7489697024849906 1.6936954502166555 0.7148055976356243 
0.7281139322132263 1.725044635617491 0.7191741924704222 
0.7197236534903906 1.5781678292279064 0.7345488718062289 
0.7405285429922676 1.6420814325832456 0.7174409643157039 
0.740311690199919 1.6428576611050243 0.7197455961879073 
0.7480025016383849 1.0905945662340153 0.7403219875254089 
0.7396683549440856 1.2237997760809007 0.7461972114994233 
76 0.6725901960042135 
 
