0.6981122056590752 0.699831697966946 0.5552244218330182 
0.6993559428735838 0.6996379555691095 0.4644803827730681 
0.6999726621853298 0.6934273469769147 0.5123885106453515 
0.6996366611681581 0.6994852996272397 0.6662536618833661 
0.6998706321412809 0.6796115995136882 0.6930960143316978 
0.6996366611681581 0.6991840473375036 0.6785887404317077 
0.6927938825669275 0.6480671708292651 0.6998358809837135 
0.6878226247099399 0.6947781691066054 0.693187629145201 
0.5983390174229517 0.699972175753664 0.6282707671361093 
0.6900450247136363 0.6999441995830432 0.6350120538771621 
0.6968001066600726 0.6999170240087809 0.6856187930520763 
0.6999291171645385 0.6131469417717088 0.6826508020894151 
0.6336994012522054 0.699958073537084 0.6481336333553893 
0.6884074749425158 0.6935144040067356 0.6985821602843229 
0.687413260427229 0.5747970075992334 0.6999655599000256 
0.5341044430635871 0.6999327702198743 0.6714914726403561 
0.6999813473942247 0.6862627442792913 0.6400228849093347 
0.6998706012611886 0.6928463110751922 0.6558691942979904 
0.696186013915868 0.6980811007279716 0.6874846529396398 
0.6990225684239535 0.697233842445905 0.6918651849598019 
0.6997536312146735 0.6951918009178207 0.6735443741185623 
0.6197992466015451 0.6833772090609317 0.6993750791065768 
0.6975604119624215 0.6999951880585671 0.6262513282418392 
0.6968001066600726 0.6523132678708595 0.6997567327524914 
0.6996658419196025 0.6923659166487476 0.6991790348711909 
0.6897233879658117 0.6695308092675153 0.6994065328027967 
0.6199666347950973 0.6997582104503187 0.6891609927201687 
0.6999742113483227 0.6915812085250772 0.5775506815371789 
0.6996366611681583 0.696023252818805 0.6102835160066458 
0.6851322827599984 0.6992658728511537 0.6926178662522298 
0.6903043357681331 0.6985490572291835 0.6879176286494997 
0.6999291171645385 0.6926374140247973 0.6802229727143763 
0.697326471869391 0.5582242742881766 0.6993338943389499 
0.6869284696279526 0.697908932727582 0.6948952597074471 
0.6991688118621897 0.6991735881342749 0.6867630937668091 
0.6998706012611886 0.617377418043631 0.6877934506764716 
0.6998706012611886 0.6395140387390332 0.6804285282019626 
0.6893432353146374 0.6997633467969302 0.6810221651891527 
0.6958351037763224 0.6994132570939264 0.684061055200713 
0.6998998746529097 0.6102046771683568 0.6803208247655346 
0.5850171822497136 0.6998918128942534 0.647492064109953 
0.3810366697352783 0.6997961066287431 0.6595838837495989 
0.43199435642662254 0.6998922982351107 0.6592988039944908 
0.6999742113483227 0.5781637335251272 0.619285527954403 
0.6999742113483227 0.5881359623045427 0.6187533618699501 
0.6999742113483227 0.568535993426382 0.6197153105502518 
0.6999742113483227 0.6536420755174471 0.5942820912542371 
0.6999742113483227 0.6783986890937443 0.5776531099500065 
0.6971217742879894 0.6941653305339583 0.6869141236590667 
0.6920335463844866 0.6949660920913123 0.6891130270406813 
0.6996366611681581 0.6949323377268388 0.6442677349911747 
0.6996366611681581 0.6939981424826703 0.6649610167889541 
0.6333636291222547 0.6999937281974786 0.5448506633833479 
0.4370999074470998 0.6999937893720551 0.5390182230285208 
0.6318310851445146 0.6999717873545459 0.5556253096106456 
0.5115474127531682 0.6999806021841929 0.6125086823679277 
0.6050235397474307 0.6998846496837936 0.5984959809433161 
0.5283033719164686 0.6999040022129654 0.6247276807006005 
0.5889899530396261 0.6998917022934925 0.598388982197227 
0.322481880558084 0.6999835877880848 0.5642495480674917 
0.691156301915715 0.5670018018188012 0.6993548627142994 
0.6546214698295796 0.5989097458910323 0.6994203288129477 
0.6964491965205271 0.6226089521324938 0.6971955753048489 
0.6996366611681581 0.6438332314534967 0.6955725584691543 
0.6994612369784777 0.6456694740226758 0.6949860034309574 
0.6926476391286913 0.6886890509204974 0.6972359668057121 
0.6994027210751278 0.684113088426636 0.6971345658408203 
0.6939386131938879 0.6757711275298083 0.6977419147408328 
0.6914779077834472 0.6863807842100647 0.6986508528753147 
0.6996366611681581 0.6722444852012154 0.6920300966907635 
0.6948701317726644 0.6808358835812933 0.6976142495418343 
0.6964491965205271 0.6919064971673201 0.6937779041470062 
0.6972095018228759 0.6869825795728723 0.6914906873553038 
0.6557838287867321 0.6905396938268711 0.6950778951305482 
0.6996366611681581 0.6795675475868552 0.6873883653735852 
0.6959813472145586 0.6300723528520115 0.6979271516417644 
0.6546214698295796 0.6093445665128545 0.699255710863064 
0.6893432353146374 0.6446219153466287 0.6992401809586595 
0.6893432353146374 0.6512969433517599 0.6988157317975613 
0.643285420581681 0.6664428368593425 0.6993510490423538 
0.66970051044196 0.6633487160709275 0.6992465388004807 
0.6999615384230373 0.6869622447056185 0.530945063476313 
0.6996366611681583 0.6955490145709851 0.6087233222788063 
0.6745154406451437 0.6988407468959386 0.6882389484634114 
0.6389940876360058 0.698265191845285 0.6925881287108152 
0.6697323295924656 0.699061580684955 0.6920350345114756 
0.6998706012611886 0.6904885222818254 0.667915139687552 
0.6998998746529097 0.6925076828691733 0.6317797256634017 
0.6999291171645385 0.6570773580960644 0.6765611274004556 
0.6996366611681581 0.6844367618338641 0.6694016100978369 
0.6996366611681581 0.683810140395001 0.6765860612478415 
0.6999291171645385 0.6858450586834934 0.6247933186834227 
0.6997536312146735 0.683105422096157 0.6740292877341034 
0.6927646091752064 0.5563780353728057 0.6992058963065657 
0.533519592831011 0.696287343933868 0.6926686395131658 
0.6687529285706914 0.6921387455295039 0.6930250972939452 
0.6969463192182166 0.6986340152165644 0.6628644672963536 
0.6950455250822527 0.6964464206781207 0.6863832541068304 
0.698943176471218 0.6939109850139191 0.6808379699981522 
0.6991688118621897 0.6903450589520705 0.6690279789170418 
0.6991688118621897 0.6990628078911107 0.6350150355601248 
0.6972679559660412 0.6949768992621991 0.6830384784974258 
0.6465212323482185 0.58598869047586 0.6991667547332365 
0.6983073881854813 0.6753761770797181 0.6075201703112298 
0.6974434419159062 0.6612082432520732 0.6621679470460177 

34885 
