0.13194226932768227 0.6999918344554351 0.09673984839059874 
0.04376605659121313 0.6999984510755263 0.06721805540379266 
0.02735619788918353 0.6999967900184805 0.09524647741888304 
0.5679613606495441 0.446476506045194 0.1843810005022068 
0.5375098213583059 0.5839484731714947 0.1816615437596275 
0.5060321358803823 0.696042414729035 0.14230898788987065 
0.5251884997642124 0.6743111706144551 0.1490005918730275 
0.5232206443890057 0.6743407007038836 0.1412423521009129 
0.5299828103537776 0.6316230104604095 0.18225733577991646 
0.5000145707511015 0.67647716835302 0.17520673836157896 
0.4032067550595704 0.6999897550392407 0.15356943168149964 
0.48182216878328255 0.6998816738549701 0.1600920917996987 
0.3187819298796869 0.6999477610955263 0.15799817668153812 
0.5792685533585907 0.4875826052731089 0.17932727340919516 
0.4633522795296855 0.6999560243580532 0.1544855669839826 
0.532790911099304 0.6624227168870026 0.14328452786228754 
0.5571621005276299 0.6123913237014843 0.17358905405976371 
0.5610847158299342 0.5031520301184882 0.18373504868562554 
0.49977338611923516 0.6775799410689602 0.16899875261754133 
0.520398940554684 0.6807553572470496 0.16389175522957425 
0.31051732741077787 0.6999751426091438 0.15771294145495285 
0.3697405051882394 0.6884370330307181 0.19400574680447266 
0.5098112827721748 0.6630483033880017 0.18473120051185477 
0.4995653469186462 0.6994426442785525 0.17956181736662086 
0.5218296616187965 0.6699267217804556 0.1831983296287321 
0.5272102492739741 0.6087266596816123 0.18791472487376507 
0.5753576408358905 0.5979556431641828 0.16887493316729252 
0.5233610302563638 0.6603066994600699 0.18098161484026068 
0.4998387321335781 0.6986189487529094 0.1613541592793715 
0.5221462311949578 0.651378414203809 0.1889703002978617 
0.5295790282129276 0.6349389904250786 0.183619735218837 
0.5596767769882279 0.5217923305038475 0.18396916530283688 
0.5402756975538798 0.5223245523553588 0.18129220829664458 
0.5621575512116139 0.6508675078651783 0.16205079028854516 
0.377784682685688 0.6925111781328026 0.18218205424640696 
0.5743287151455592 0.5753706125052369 0.16934458789823784 
0.5121402003895735 0.6951948343723643 0.16048413492580574 
0.5401068927013267 0.6253149919092263 0.17114115647383749 
0.47827268446822835 0.654501130190452 0.18690268546718283 
0.5251501497953841 0.6356785277414218 0.17023935721699543 
0.4056296732837352 0.6996407801231316 0.17787028935034457 
0.5342916631121649 0.6528067764641454 0.1545926599386985 
0.5544492330304265 0.6167922654896153 0.17126215222229343 
0.545092665064497 0.5942263799026024 0.17952916532284038 
0.3756523673301786 0.6969312221080786 0.18807966997564654 
0.32213415943803014 0.6999266056960832 0.16273590240224398 
0.527566796095545 0.48649683636376434 0.1869926937923298 
0.6016077385748906 0.5120088779069029 0.17667705689727425 
0.5254390803776596 0.6672664089952454 0.14712183933959497 
0.44205767072088265 0.6591002888604076 0.1865414602141564 
0.47770048156108935 0.6973071437645316 0.18188053816167007 
0.4142115382431617 0.6880538999540216 0.1940883427076881 
0.466660647974653 0.682964224467347 0.18324606815418845 
0.5458062918547946 0.482596718485284 0.18686501351443474 
0.5834094944105701 0.5295079178350439 0.17884961134390892 
0.5531556875393651 0.6365258981360825 0.16608361121799364 
0.5899663402194217 0.5602818661083325 0.17811854463507784 
0.19695537662492735 0.6997569917083676 0.15536942185487632 
0.587357859826112 0.47509218497503797 0.1758700911974527 
0.5735298424567995 0.45880506387892916 0.17730440710589013 
0.09460204977831421 0.6999774214485543 0.15304789751960454 
0.5463772896494556 0.4683240440136595 0.18226890180270472 
0.5275157158201824 0.4520429694535497 0.18356897562785107 
0.529122150511582 0.5590169516186068 0.1681383448494482 
0.5844986764160003 0.5133412906050572 0.17239104166149974 
0.5923810824886491 0.49484521051996316 0.17504549276382556 
0.5740791480213642 0.5140914885399064 0.17661812520415776 
0.5275649041781645 0.5734754903114605 0.17432052829608452 
0.5669923485027507 0.5401836043209407 0.1748534114147199 
0.4437333680996296 0.47930775458951796 0.18823259393809305 
0.5786334708414851 0.5322099886689784 0.16460134953815675 
0.5572828391065194 0.5073043961467987 0.180678677519539 
0.5252928426018322 0.5180277528029416 0.18163102931017358 
0.5899579147995199 0.49350533017034365 0.17556210215878018 
0.5259018196458732 0.510188730270012 0.181340285262544 
0.32736825217871746 0.6999261953777977 0.12475740684492351 
0.5555522836463349 0.587531746466811 0.16272243060658276 
0.5396232513575195 0.5366174736478636 0.177937737389216 
0.5429444577156519 0.5089216160078404 0.18055360055704775 
0.5775831234662339 0.5485705418562272 0.17259998424631312 
0.37314124848203134 0.6986308390133165 0.14014976019578243 
0.5692196560644724 0.5168950006115661 0.17539702486605946 
0.538348551162962 0.6211716858837855 0.1566129416607196 
0.524075585291054 0.5057944403187459 0.18484312744926382 
0.532292433587793 0.5367039627697748 0.1796849979490947 
0.36499211909851903 0.6992122010808934 0.16743424745038474 
0.5229205140499416 0.6029787308357704 0.1867026012675467 
0.357695588610898 0.6920535884230933 0.1817530022892567 
0.5389233321911637 0.5899296974241864 0.16786260899633065 
0.5784072385625726 0.5239729743158178 0.17382426037901785 
0.5968073595739309 0.5111416165536087 0.1747666078973353 
0.2819558255984862 0.6999801680765512 0.13343042374523936 
0.550753797867529 0.6201341245321281 0.1642778182943037 
0.4835164293911348 0.5119931457432106 0.18809604308348518 
0.37527972235547935 0.6871643582815311 0.17987044096385965 
0.3721321914159321 0.6993091270528049 0.14802000630097006 
0.36624799919920314 0.6995115479953357 0.14386074854585587 
0.2675925112737181 0.6993978339272513 0.16167505350713016 
0.4348919275885451 0.6971058850157594 0.17896484850296562 
0.4755271630535266 0.6794033000369922 0.1793313736254234 
0.2948109801001021 0.6975719460547523 0.17473254921744935 
0.36552865459400263 0.6994800474387443 0.1582462548346132 
0.4675330346844141 0.6952118257245086 0.175693074937165 
0.4857071133674653 0.6879615821383813 0.17093296033575406 
0.5014718127075057 0.6294251475257007 0.16714132375011065 
778416 
17531393261880732 
