0.5566754666720773 0.5409620179010801 0.1678247727048162 
0.14307987417000567 0.6999443136331038 0.16369895216722288 
0.459463759754671 0.6996431223429035 0.14990823817187618 
0.6124025331664835 0.44611242774474824 0.18618214251654686 
0.5898165375688352 0.4869261873426805 0.1534731517449179 
0.45582199870847895 0.6969757846316332 0.15003548694508445 
0.17437271240601948 0.6976560894236544 0.18022192408848778 
0.5201641516642861 0.5521316533150787 0.1825959468537969 
0.1659713332855085 0.6999967828297554 0.15378640591665899 
0.6187834620585098 0.42364118215225 0.18260816947507166 
0.26392689849761597 0.6988250481191698 0.16860726133648374 
0.3039769098700824 0.699994677199437 0.14176234933876639 
0.5209461454700285 0.46010845787061305 0.19658767435502714 
0.27232178910713456 0.6983316922625493 0.17124031483053223 
0.542342604771278 0.5583903021388071 0.15762048669776849 
0.40806413417704324 0.6987921645890418 0.16089356187247345 
0.5709331224682175 0.48887273464952435 0.168964821001191 
0.19381285378692104 0.6994987214618255 0.16385111538185843 
0.5148237921863397 0.4702424514594082 0.1919973756637246 
0.2707083676749328 0.699040588849462 0.16739843042093147 
0.4285284608661163 0.6967238165990374 0.15324825139301948 
0.2510303268745445 0.6994841727246732 0.1801067920362691 
0.38678187603866654 0.6999385671444567 0.15616345621298258 
0.2433540054430806 0.6898482265362118 0.18205838976345134 
0.5520990373857065 0.5294897277889964 0.17132764122761585 
0.5340972959615963 0.5311746172932584 0.18021262456361017 
0.5967766448353373 0.4759116798150597 0.1738841844845063 
0.46788842284200316 0.6861660601917274 0.16284960454138053 
0.3872262480721763 0.6990534261303504 0.15135679031160756 
0.5687583937386318 0.513690897409997 0.1916804509900683 
0.5896182181266992 0.4839598140874325 0.17714744726434364 
0.5817726388365374 0.4863798740267034 0.1674204833963867 
0.561263503652107 0.5711428021672367 0.1489693196504005 
0.4371277493028489 0.694210845709015 0.15654740591513355 
0.22016923013717937 0.6971442755258382 0.1888905094697818 
0.35975820316853746 0.5070417975284345 0.19769689804430357 
0.2904437590791258 0.6989439991750848 0.16692162611693875 
0.6123087680924961 0.3862657590690946 0.20367310348856005 
0.544775585719408 0.5412875521004502 0.16976077227169556 
0.5101862090804608 0.6559305755732219 0.19624198468421644 
0.5648570815955379 0.3859801332787935 0.20566457301872124 
0.5079763511236043 0.46709292381931594 0.19847181359133362 
0.5167817874519999 0.528450523688826 0.1892881928126333 
0.4540707998808734 0.6903151849183778 0.17208900941643046 
0.354803172590772 0.6955542628219495 0.18161689698574732 
0.5654574115020551 0.4201639464619127 0.20066347150425376 
0.6068769268599488 0.4510350274911337 0.18974402596476703 
0.45077231132487394 0.6906331571601796 0.15858431234180786 
0.527625954521977 0.5231108676127125 0.18390150922343693 
0.5401373417283611 0.6819088266964799 0.17976758325413073 
0.42543660161344543 0.6965898279176552 0.16478978399576796 
0.5035623442739268 0.49015464620640475 0.19755787539850192 
0.5600630945317522 0.5576001060443864 0.15850085247104406 
0.5618689166264501 0.44011856123428394 0.20036788600009925 
0.6092514773711735 0.43368266038869513 0.19123576555136718 
0.6273540180154122 0.3742131271735186 0.1757810099923573 
0.4477268180883426 0.6617351139814235 0.1968634582224565 
0.5519710992356577 0.4069945399667263 0.20134493105188128 
0.5308076552034702 0.45615846460492576 0.19674943655647723 
0.4229662532616957 0.6889394625277379 0.18198244861234686 
0.5752785522635027 0.4530873234711333 0.19246144882347307 
0.40333020099113104 0.6640817856839859 0.19370379105005117 
0.5929784048639004 0.4282470597736121 0.19934995103774306 
0.47842005502493146 0.6883403442308913 0.15379958213412162 
0.33461425735472494 0.6796736401867516 0.18968580360795254 
0.47911182408388064 0.4913804031220212 0.19762684418429044 
0.542959951228873 0.4494098145208384 0.19330273623691716 
0.625745913580835 0.4049348640619524 0.19931331405218766 
0.46415827997859305 0.6854329443479795 0.16602318869497193 
0.5533782221805479 0.519768289665251 0.17523238784277426 
0.5868778344230203 0.5483896176736826 0.16631916983342065 
0.5996105449811213 0.4011952725900204 0.19980584398077333 
0.3528422243279805 0.6888896665133356 0.18666261943229256 
0.43866447127512853 0.6926832680116836 0.17000433078501248 
0.5801225117979005 0.4752415186567454 0.18462047893586786 
0.495744331978732 0.6703074340990567 0.18778529581026185 
0.42438459500874937 0.6981114808993772 0.17450636525558802 
0.5032549293187009 0.487455421484859 0.20475074505659552 
0.6261502278795812 0.35337111810500244 0.1749670594077544 
0.49114893011406024 0.5965182234821386 0.1839523724495965 
0.6232067953965525 0.380421992326165 0.18173768419913347 
0.5139689236237239 0.578658857735266 0.139799391047713 
0.6176397576174307 0.30678939916197867 0.1856001340127945 
0.5192150513146208 0.5715938674150373 0.16577806614363536 
0.6198473295367035 0.3996322212537564 0.17940656849235284 
0.11378984207154907 0.6997291969692826 0.13901645758627204 
0.5893192848791711 0.4232003062259247 0.17940294801177323 
0.6127263340562332 0.3300145840057887 0.19305029872237742 
0.23724082427107307 0.6842721265780414 0.18571202045113194 
0.5218113213517859 0.5780269223729536 0.16440493489208632 
0.44217506088782954 0.47431722875861854 0.1994789214294649 
0.2173696028102846 0.699878073499289 0.10133411559804545 
0.45038970124615463 0.5426446055022877 0.1845143123962028 
0.5037533882246601 0.41492162075281025 0.1996266669075741 
0.49304841426596613 0.44017481892520866 0.1943007705275652 
0.49708832979515205 0.5638847157465285 0.18026998759000015 
0.4575699549596195 0.4893251916254293 0.193723553647203 
0.3231498928907812 0.6855633034859122 0.1849199836416142 
0.5600319404800587 0.4425908713385411 0.18265580548969648 
0.5284103038656609 0.49151962599671617 0.18430996436828223 
0.4905380981092158 0.610724767204385 0.15539376760120427 
0.47478026323574074 0.6668600815102218 0.1811462720015656 
0.29672788570198627 0.6961867272746773 0.1656537460770475 
0.47070742609050875 0.6696748287434479 0.18350113251572667 
0.3985684674274167 0.5543139909781006 0.186992225716538 
7577664865 
