0.28241438665281404 0.699940785096045 0.11778688111954143 
0.17943416177745986 0.6999920326379445 0.13592545968777683 
0.21264275981065084 0.6998825895227222 0.13643302515103556 
0.4710146878378384 0.48111919964620364 0.16440712442092567 
0.10578806159682419 0.6999964125013903 0.14410641032762242 
0.2654356668120845 0.6993027950127833 0.16059648303879723 
0.379077654137269 0.6975019625068101 0.1584044398358727 
0.5123489440867678 0.3612114249570599 0.17285648636948633 
0.544180451055633 0.34501017380017773 0.156446030023296 
0.4606394838443184 0.4887631541546914 0.1813944865616338 
0.2790529048744701 0.6965633760433825 0.17032905049729788 
0.23779222680940548 0.6920582177323233 0.1745167235808173 
0.11068193961177919 0.6999200729784035 0.1465662613988714 
0.2215763976652304 0.6947222780727315 0.17077292940332583 
0.5023790011189326 0.48623139402600585 0.16440454942533358 
0.29423455406762833 0.6999228442725266 0.12482362829012955 
0.45626189189393396 0.5048273199830936 0.19074389194812139 
0.4051185163202504 0.6972257911140829 0.1489521570540362 
0.26446321694307373 0.6845313300272466 0.1726551606923291 
0.4058679383765128 0.5727306426606842 0.18689560742987799 
0.2809767419024122 0.6836293962131897 0.170811563207845 
0.4695964281796833 0.5864015759682484 0.1556186532316471 
0.37709515514778014 0.6595514815472139 0.19108893298380208 
0.27354806574874724 0.6806819640065742 0.18631726091488238 
0.5438606636518022 0.43366299450919743 0.17083895121902962 
-0.048702561718003023 0.6999978471467606 0.09527971145814686 
0.4580463051746628 0.6972122556665399 0.16434663344424463 
0.2123433271326579 0.6987928715566283 0.18014851900640702 
0.25221919280763827 0.6836301953168998 0.1773340172653158 
0.22868391299005297 0.6859690162431588 0.17509784773697826 
0.2258521052185707 0.6999551090019039 0.11213354623257388 
0.3770600598542957 0.699825041833182 0.15733372086830286 
0.5076251184811882 0.4580347755060447 0.16498033965730732 
0.33174972503382194 0.6690916711364397 0.1681873819583483 
0.23646006182491675 0.6835081919192633 0.1831158679494412 
0.38337753406908703 0.6977001295720426 0.15558280808783997 
0.4185880564389929 0.638327908754596 0.16684300805094396 
0.3892344093345079 0.6996252085009858 0.1410279953024619 
0.49879374280349154 0.47283774252671035 0.17591741355581966 
0.4998975607585727 0.4656571147241181 0.16744176978435124 
0.4697268509089708 0.5225223409995655 0.15843013405164805 
0.2549719753575289 0.6825491889504373 0.17311073678633812 
0.1903558460714334 0.6995223388012393 0.15944476946515593 
0.4788474873973161 0.47571000993808094 0.17690764308573614 
0.407204149786067 0.5245050011782376 0.18842431765851242 
0.4183991787448095 0.6651849490651358 0.1655003017232023 
0.2997390145356519 0.6913456768915255 0.1694550830969509 
0.5184830599358408 0.4607369273367258 0.16336761196372 
0.4954974909661888 0.4582269498047016 0.1805465058264032 
0.41902002023491824 0.5981385485292006 0.18081637565581374 
0.2573555998838555 0.6438652547170834 0.19277012197543783 
0.39041026095209896 0.6802560672776755 0.16677030011675645 
0.3214919038728272 0.6623536221624163 0.17346611816069898 
0.5116693956153777 0.45683141144417666 0.17201120038078607 
0.4709096140842578 0.4881510150987578 0.16893619174292585 
0.33976011477619383 0.6991784771915619 0.16599656941050023 
0.46360880768322954 0.5241592587529635 0.17193068117720745 
0.4598862842822484 0.4942367847651394 0.17536563841803773 
0.46849614897553316 0.6828085196487128 0.16106093447673323 
0.4052646056500978 0.6339951893305444 0.17414733908009544 
0.4537539533842928 0.5794807756790646 0.18652226195693022 
0.42882570529230846 0.5868329912091899 0.173898849161102 
0.5219836888887712 0.2605886791825077 0.1632685051557946 
0.4742559805369001 0.3152907793570914 0.17374207301443328 
0.5103099824078905 0.3657132437365841 0.1716300230740702 
0.5264575374135128 0.362341284232002 0.16077045839891493 
0.53959631187864 0.353632034984829 0.15361566260605425 
0.5315784504274612 0.2575894096357013 0.16670035228663724 
0.5435444873629443 0.37229875878583973 0.14959774442136112 
0.4769642438199523 0.4488071425347998 0.16840241274127926 
0.5192365586122483 0.4060319638241665 0.15251373545170505 
0.49597949278469977 0.4392343517947184 0.1672486606190977 
0.5034448299386547 0.4350867089884181 0.15845047075523996 
0.5129309387424874 0.42419900090689694 0.15992011227762967 
0.5111026960405389 0.4327260868226531 0.16035018200196618 
0.5026071555918287 0.4248426875611769 0.16220231173145097 
0.4720096074298321 0.4602957749178267 0.1766603423575275 
0.5133839837561058 0.40790060061846334 0.1493885828750098 
0.5332792802004213 0.3940821933187739 0.1539329437850746 
0.23305216030420128 0.6942681108663097 0.14313035763068657 
0.3480119991468308 0.6966330900283331 0.13895526012971185 
0.4180334372278143 0.576135018366948 0.17731965508422717 
0.43912104873263325 0.5420571937156218 0.17100682545885235 
0.41138590946448816 0.6939066327877034 0.1559134505074423 
0.39521067158876044 0.606707763489923 0.17049819574715844 
0.11862254187231136 0.6922444098108272 0.17233602755334657 
0.4281081672753597 0.6439965655683674 0.15397019235613393 
0.4876178225930271 0.47604786974124214 0.15792995050775285 
0.3652212148100378 0.5919405962747769 0.17646904644139327 
0.39121133116471307 0.615910162601616 0.16981178024287133 
0.3756133562100268 0.6423907274237638 0.1636616452359472 
0.4580148457854444 0.6330604301559783 0.16386560235143197 
0.33417711095116276 0.6642431910182901 0.16584343811402869 
0.377191007822844 0.6084643327639787 0.173588174580374 
0.15629376792350047 0.6871586919121506 0.17689675195769297 
0.0731084177218232 0.6473605400613884 0.17770236530059677 
0.2899994933048924 0.6915656530233948 0.1569242182432733 
0.32553566847158644 0.6499567929416257 0.1703728761898486 
0.2905096971754657 0.698637205076172 0.1408135318507387 
0.2309562763230978 0.6983842596790039 0.1615708254132616 
0.2835124106117668 0.6996315421958686 0.14278186501811913 
0.3180574305379533 0.6992728520975057 0.1340214913027429 
0.4471004151057052 0.5335546217071179 0.18384057069693016 
0.45956384514574866 0.6526400422715327 0.14629094920977767 
0.3771796551521066 0.6200057870202202 0.173186725311912 
