0.49103840595718207 0.6998872924416893 0.1497019686029071 
0.22065415620825268 0.6999937951454623 0.12463229373440733 
0.4057207045586363 0.6996899545064882 0.1667418178940964 
0.38483066139192845 0.6999641967290904 0.15296008835223115 
0.41945980046727216 0.6998609837802616 0.16181548013823718 
0.3582744337658943 0.6996563622647294 0.18640495084522518 
0.45941910682722087 0.6979883835446539 0.19122670080359158 
0.5854898314295913 0.5621819095119797 0.16526606804560515 
0.4318633095271621 0.6997623171502821 0.1601703275796769 
0.36491546252015483 0.6999695338080797 0.14397381564573639 
0.38735125907564527 0.699470226121403 0.1886570541473899 
0.582604605400521 0.654879787197642 0.1638757811559746 
0.45461054186458305 0.6996802008284009 0.1700770031553623 
0.39797460145589336 0.6999667832082117 0.11086150908094063 
0.43418061610593595 0.698974770316686 0.1917140352405629 
0.3904247604681348 0.6999388981532474 0.149692520320387 
0.48679835216540024 0.6992879123068555 0.16077168603774197 
0.46763137271358135 0.6996038913497055 0.16787804494582867 
0.49760183473936104 0.6997225923873672 0.15614615359734 
0.46470439526132445 0.6985049707158311 0.18575198437174542 
0.5187090702149958 0.654986001828466 0.2200336526384427 
0.5535033100178355 0.6900246321811264 0.1752506782905641 
0.45487931447259156 0.6993260266309861 0.1844396705255899 
0.47827049030870805 0.6996025253826296 0.17717767991587544 
0.3847792498018442 0.6999343737090579 0.1791678430163327 
0.3565734751542421 0.6995581149140985 0.20090502618182265 
0.561012456535162 0.6356821930136378 0.22084355721384774 
0.49921613221275785 0.6939887280659922 0.20639644723710318 
0.5781512880890255 0.606884056610054 0.19530271950024625 
0.5563166871431052 0.6826386031914694 0.1637607121052917 
0.48372665159522055 0.6976361491386067 0.18592687814522438 
0.5684367945255109 0.6240938614272346 0.21319773618593577 
0.46782094532884466 0.678338782195283 0.21888018208838816 
0.4079381162046163 0.6994434334709436 0.18812261483933318 
0.43807106691968645 0.6978645984910364 0.19291646223346526 
0.5037079908914965 0.6941756279011062 0.2050574774176785 
0.39838819132155 0.6998155277910254 0.1627733411217787 
0.5392524584697992 0.6975467210823768 0.19560998357788442 
0.5555780823100734 0.6829818521535641 0.18261590686644472 
0.3785121645316023 0.695824359064648 0.2014065363073555 
0.47691136811339163 0.6785460928784693 0.21236041391614452 
0.48499717086264016 0.6981052043251658 0.1774414492582193 
0.5445547538650333 0.6966859993752681 0.20132785179703536 
0.5126409595953761 0.6730351363956689 0.213978229333013 
0.548419369455573 0.6969458356572641 0.16312552281098894 
0.5478587346289929 0.641052845323341 0.2130541592655453 
0.4323747287989521 0.6950415384847546 0.21549746900207484 
0.30658164040328106 0.6998217189520105 0.18117236088774294 
0.5524819676463385 0.6982373791865908 0.15723624409935516 
0.5343309946470061 0.6371585519104407 0.21437144216277937 
0.5294538224320575 0.6698765543871084 0.20172095034704923 
0.4641993224290568 0.6890099963643647 0.21299325668907057 
0.5185373873092065 0.6562630667736169 0.2142146200593059 
0.43791803429674225 0.6996770072230633 0.17762383664310089 
0.5460729017054741 0.6967811410021192 0.18760399620218873 
0.5565609313438711 0.6498791530741562 0.19869142258286354 
0.5777486366462767 0.6784222117137343 0.19077200611062575 
0.5412574343322204 0.6686349418862805 0.21141360857766392 
0.37339036158802097 0.6999556302352351 0.16122943166261963 
0.4799847550819859 0.6990864620147039 0.1820080200850109 
0.524119129576138 0.698334638347644 0.16475988038893963 
0.5714348027260203 0.6693906046375665 0.15227933100124022 
0.5698541211622018 0.5659645149233223 0.1850808709013835 
0.2777367240899439 0.699919749151128 0.15536310689807703 
0.17514833325870094 0.6996785897406934 0.17841157441721978 
0.5816296562286917 0.5751423887231774 0.1625795114198143 
0.28374533161629 0.6998019356834784 0.17062665194355797 
0.38387349346344113 0.6694859794601484 0.2090088732759403 
0.39369854318692565 0.699728545853611 0.13744458943681861 
0.49537367797579746 0.6985617249894616 0.14304339679658612 
0.5436735264400411 0.615394939033374 0.21102698606792653 
0.29281434742583 0.6987252673114147 0.18228726137781873 
0.5604125705887827 0.6498539641393084 0.16979532610879405 
0.5509752276865747 0.6754992012991795 0.1808929229273426 
0.3825344186700437 0.6796929194868809 0.21148581014049778 
0.32911183733215676 0.6999061835547377 0.15438094963290672 
0.5719688538483725 0.5901388445127879 0.15710815997606292 
0.5743242176130632 0.6656224603666009 0.1565246232441994 
0.5705645816552429 0.550795283908019 0.17004523758903625 
0.5706592647951831 0.5664397136156291 0.16951027993240814 
0.5547572668151559 0.6786181033712747 0.15497373047286606 
0.5413791696366116 0.6638743513493353 0.18359919025643562 
0.514741303650214 0.6408151654242367 0.2089359209755153 
0.34294870486191675 0.6998272277677404 0.16184251944133257 
0.5648965193903879 0.6381475757395688 0.1716168700253817 
0.38638909194153637 0.686097561582403 0.20229501147338214 
0.4473734949050926 0.6985942492679856 0.150627900684178 
0.4924122890118934 0.6340402643873376 0.21130696710271607 
0.5389082975070092 0.6279809544341651 0.21711197471884663 
0.5537381799832855 0.6490575954515243 0.1981587365293322 
0.535379356093399 0.6970193084994574 0.16454497612822483 
0.34119844034017355 0.6990393725479386 0.17785860505713594 
0.40283978327389414 0.6996788304976987 0.14529398494278709 
0.3320377396746763 0.6951511997393679 0.19863958006955143 
0.44575025940539537 0.6996221581703462 0.15405883008276472 
0.5484551291980269 0.6228047125947106 0.20430938261695733 
0.5100052188748093 0.6981590409711385 0.15940833214079436 
0.5672575466347431 0.6752600850944062 0.16624862899936652 
0.5395985537189035 0.6875082992822379 0.16505148819549884 
0.4251978690196694 0.6996120621936012 0.17169371474974288 
0.4782604288488581 0.6726960943988608 0.19975492549099055 
0.45750843230660165 0.6665976209362497 0.20592099079055712 
0.48409245054283867 0.646225923414471 0.2086249691309194 
0.535596010415738 0.6647062834355187 0.20836422578274147 
0.4811071752143177 0.6953417992962639 0.18969270896709542 
