0.7231327918486699 4.122580590661591 0.8570090122416373 
0.7303381596500096 3.6581122070894168 0.8569386824563645 
0.7391266793615925 3.6242333691243864 0.8633667749672276 
0.8473856517549386 1.8748698196138258 0.9296511075543468 
0.7220599835831418 3.5123479792344847 0.8701683877697307 
0.8927668515855451 1.3419719347715369 0.9474000524042367 
0.8534212571596145 2.3869951614910208 0.9248062315044314 
0.8189508907088112 2.9498987744293377 0.9098545207304679 
0.8201521986635534 2.7153654563536516 0.9101811123527302 
0.7540477586089872 3.307873537085848 0.8834579030282801 
0.8618276107197202 2.023353888053181 0.925014042088953 
0.7447241089976049 3.333148489460283 0.8623830120048113 
0.786963115682966 3.1211270455602644 0.8967654876438786 
0.8755719211842121 1.5646434736915147 0.9405123988176963 
0.8625898985007117 2.0682014685348236 0.9249178760573707 
0.8237483714297744 2.815087259198218 0.9088632648677092 
0.857668868767555 1.887928021084099 0.9261106244318855 
0.8261562585101511 2.6678917734832064 0.9098400161091104 
0.7303381596500096 3.6581122070894168 0.8569386824563645 
0.8927668515855451 1.3419719347715369 0.9474000524042367 
0.7231327918486699 3.4097341790246958 0.8672151201665784 
0.7391266793615925 3.6242333691243864 0.8633667749672276 
0.786963115682966 3.1211270455602644 0.8967654876438786 
0.7279302725696329 3.898112751340173 0.8559805640813976 
0.8763717329324889 1.5282772405721576 0.9405649988640152 
0.7555349185615731 3.2087793438928798 0.8838258742062167 
0.8610220469119434 2.177507444270503 0.9248758987940932 
0.7447241089976049 3.333148489460283 0.8623830120048113 
0.7391266793615925 3.6242333691243864 0.8633667749672276 
0.8261562585101511 2.6678917734832064 0.9098400161091104 
0.8625898985007117 2.0682014685348236 0.9249178760573707 
0.7447241089976049 3.333148489460283 0.8623830120048113 
0.786963115682966 3.1211270455602644 0.8967654876438786 
0.8923656204454116 1.40059036722552 0.947161370534878 
0.8534212571596145 2.3869951614910208 0.9248062315044314 
0.7231327918486699 3.4097341790246958 0.8672151201665784 
0.7279302725696329 3.898112751340173 0.8559805640813976 
0.7303381596500096 3.6581122070894168 0.8569386824563645 
0.7540477586089872 3.307873537085848 0.8834579030282801 
0.8803694019051753 1.507120833137795 0.9395556092894254 
0.8189508907088112 2.9498987744293377 0.9098545207304679 
0.8481854635032154 1.8292518020334874 0.9297072426908419 
0.857668868767555 2.2873854341729705 0.9236095600953517 
0.7399266282766417 3.507897260323156 0.86342713131635 
0.8261562585101511 2.6678917734832064 0.9098400161091104 
0.7279302725696329 3.898112751340173 0.8559805640813976 
0.7555349185615731 3.2087793438928798 0.8838258742062167 
0.8614267017755629 2.1223931214988947 0.9248321832010794 
0.7447241089976049 3.333148489460283 0.8623830120048113 
0.8999722193868849 1.2398637177718395 0.9474129822680903 
0.7231327918486699 3.4097341790246958 0.8672151201665784 
0.786963115682966 3.1211270455602644 0.8967654876438786 
0.8538166791106037 1.9645189150804176 0.9277163911825183 
0.8767729640726224 1.463341503511998 0.9408048542192559 
0.7303381596500096 3.6581122070894168 0.8569386824563645 
0.8189508907088112 2.9498987744293377 0.9098545207304679 
0.8767729640726224 1.463341503511998 0.9408048542192559 
0.7447241089976049 3.333148489460283 0.8623830120048113 
0.8201521986635534 2.7153654563536516 0.9101811123527302 
0.7303381596500096 3.6581122070894168 0.8569386824563645 
0.8446327374480316 2.4051347611091956 0.9183284389883108 
0.7231327918486699 4.122580590661591 0.8570090122416373 
0.7231327918486699 3.4097341790246958 0.8672151201665784 
0.8927668515855451 1.3419719347715369 0.9474000524042367 
0.8614267017755629 2.1223931214988947 0.9248321832010794 
0.7540477586089872 3.307873537085848 0.8834579030282801 
0.8521626635749094 1.8027848866181277 0.9287089951298518 
0.7391266793615925 3.6242333691243864 0.8633667749672276 
0.786963115682966 3.1211270455602644 0.8967654876438786 
0.8189508907088112 2.9498987744293377 0.9098545207304679 
0.7447241089976049 3.333148489460283 0.8623830120048113 
0.7303381596500096 3.6581122070894168 0.8569386824563645 
0.7231327918486699 4.122580590661591 0.8570090122416373 
0.8521626635749094 1.8027848866181277 0.9287089951298518 
0.8927668515855451 1.3419719347715369 0.9474000524042367 
0.8189508907088112 2.9498987744293377 0.9098545207304679 
0.7391266793615925 3.6242333691243864 0.8633667749672276 
0.8534212571596145 2.3869951614910208 0.9248062315044314 
0.7231327918486699 3.4097341790246958 0.8672151201665784 
0.8374273696466918 2.6468533290016203 0.9183545387922563 
0.7540477586089872 3.307873537085848 0.8834579030282801 
0.8618276107197202 2.023353888053181 0.925014042088953 
0.8915658086971349 1.433352312093166 0.9471110657089709 
0.786963115682966 3.1211270455602644 0.8967654876438786 
0.7447241089976049 3.333148489460283 0.8623830120048113 
0.8426202723186442 2.5316326658157697 0.9174864318552615 
0.7391266793615925 3.6242333691243864 0.8633667749672276 
0.8534212571596145 1.7904836699250848 0.9298200135875146 
0.8614267017755629 2.1223931214988947 0.9248321832010794 
0.8971631011663748 1.3501190692153213 0.9461891833214072 
0.7540477586089872 3.307873537085848 0.8834579030282801 
0.8189508907088112 2.9498987744293377 0.9098545207304679 
0.8261562585101511 2.6678917734832064 0.9098400161091104 
0.7220599835831418 3.5123479792344847 0.8701683877697307 
0.863359070366869 1.7109102314942812 0.9363254394413231 
0.786963115682966 3.1211270455602644 0.8967654876438786 
0.7303381596500096 3.6581122070894168 0.8569386824563645 
0.7231327918486699 4.122580590661591 0.8570090122416373 
0.8426202723186442 2.5316326658157697 0.9174864318552615 
0.7303381596500096 3.6581122070894168 0.8569386824563645 
0.7279302725696329 3.898112751340173 0.8559805640813976 
0.8763717329324889 1.5282772405721576 0.9405649988640152 
0.786963115682966 3.1211270455602644 0.8967654876438786 
0.7399266282766417 3.507897260323156 0.86342713131635 
0.8927668515855451 1.3419719347715369 0.9474000524042367 
