0.7450320704581708 3.3454964034002237 0.8629832201492472 
0.8915658086971349 1.433352312093166 0.9480077893245561 
0.7303381596500096 3.6581122070894168 0.8569386824563645 
0.8625796034959976 2.0685764712411494 0.924959655615957 
0.8248562818053895 2.7447252337693477 0.9095393587414538 
0.7220395146821494 3.5123479792344847 0.8701611406340704 
0.7231327918486699 4.122580590661591 0.8570090122416373 
0.8803694019051753 1.507120833137795 0.9404256053105444 
0.8415886453640813 2.1064233633295264 0.9253904638525646 
0.786963115682966 3.1211270455602644 0.8967654876438786 
0.8283115926264564 2.4051347611091956 0.9173134131627277 
0.7022543310671656 3.7727612498079743 0.8571930240969405 
0.8542663253190428 1.7478876738461349 0.9299306444596303 
0.7588247704289579 3.1480135901011517 0.8824977021144019 
0.7917605964039292 2.974590827885427 0.895796450179262 
0.7391266793615925 3.6242333691243864 0.8633667749672276 
0.8415886453640813 2.1064233633295264 0.9253904638525646 
0.7231327918486699 4.122580590661591 0.8570090122416373 
0.8803694019051753 1.507120833137795 0.9404256053105444 
0.8583376281764244 2.2350085144280336 0.924134998195578 
0.8535367149366188 1.9100944753849889 0.92543372940475 
0.7022543310671656 3.7727612498079743 0.8571930240969405 
0.8248562818053895 2.7447252337693477 0.9095393587414538 
0.7279302725696329 3.898112751340173 0.8559805640813976 
0.7231327918486699 3.4097341790246958 0.8672151201665784 
0.8189508907088112 2.9498987744293377 0.9098545207304679 
0.786963115682966 3.1211270455602644 0.8967654876438786 
0.7439241600825557 3.440532445692977 0.8623234711679224 
0.7540272897079948 3.307873537085848 0.8834507378560542 
0.8915658086971349 1.433352312093166 0.9480077893245561 
0.7391266793615925 3.6242333691243864 0.8633667749672276 
0.8397422589426972 2.5316326658157697 0.9153277570966002 
0.8803694019051753 1.507120833137795 0.9404256053105444 
0.8237483714297744 2.815087259198218 0.9088632648677092 
0.8599883631366935 1.608007721974088 0.9327645602901903 
0.786963115682966 3.1211270455602644 0.8967654876438786 
0.7242372697054424 3.9622200644966425 0.8565695828733267 
0.7391266793615925 3.6242333691243864 0.8633667749672276 
0.8189508907088112 2.9498987744293377 0.9098545207304679 
0.8915658086971349 1.433352312093166 0.9480077893245561 
0.7022543310671656 3.7727612498079743 0.8571930240969405 
0.7279302725696329 3.898112751340173 0.8559805640813976 
0.8415886453640813 2.1064233633295264 0.9253904638525646 
0.825457290572903 2.444039783607016 0.9186668020676299 
0.7588247704289579 3.1480135901011517 0.8824977021144019 
0.8471087891707448 2.0747370413625834 0.925120504114229 
0.7220395146821494 3.5123479792344847 0.8701611406340704 
0.8471087891707448 2.0747370413625834 0.925120504114229 
0.786963115682966 3.1211270455602644 0.8967654876438786 
0.8248562818053895 2.7447252337693477 0.9095393587414538 
0.7540272897079948 3.307873537085848 0.8834507378560542 
0.8189508907088112 2.9498987744293377 0.9098545207304679 
0.8803694019051753 1.507120833137795 0.9404256053105444 
0.7279302725696329 3.898112751340173 0.8559805640813976 
0.7231327918486699 4.122580590661591 0.8570090122416373 
0.8543910706674536 1.7109102314942812 0.9336365675383149 
0.8915658086971349 1.433352312093166 0.9480077893245561 
0.8415886453640813 2.1064233633295264 0.9253904638525646 
0.7220395146821494 3.5123479792344847 0.8701611406340704 
0.7391266793615925 3.6242333691243864 0.8633667749672276 
0.7022543310671656 3.7727612498079743 0.8571930240969405 
0.8235141119054932 2.512124151292546 0.9182513616240242 
0.8230340231367628 2.6468533290016203 0.9144810253280325 
0.8189508907088112 2.9498987744293377 0.9098545207304679 
0.7540272897079948 3.307873537085848 0.8834507378560542 
0.786963115682966 3.1211270455602644 0.8967654876438786 
0.8415886453640813 2.1064233633295264 0.9253904638525646 
0.8237483714297744 2.815087259198218 0.9088632648677092 
0.8926702865539075 1.3965625972017353 0.947591242562041 
0.7022543310671656 3.7727612498079743 0.8571930240969405 
0.8591885513884168 1.6467213358986201 0.9327076537057797 
0.7279302725696329 3.898112751340173 0.8559805640813976 
0.7391266793615925 3.6242333691243864 0.8633667749672276 
0.7231327918486699 3.4097341790246958 0.8672151201665784 
0.8803694019051753 1.507120833137795 0.9404256053105444 
0.8471087891707448 2.0747370413625834 0.925120504114229 
0.7231327918486699 4.122580590661591 0.8570090122416373 
0.7588247704289579 3.1480135901011517 0.8824977021144019 
0.7917605964039292 2.974590827885427 0.895796450179262 
0.8915658086971349 1.433352312093166 0.9480077893245561 
0.7220395146821494 3.5123479792344847 0.8701611406340704 
0.8803694019051753 1.507120833137795 0.9404256053105444 
0.8543910706674536 1.7109102314942812 0.9336365675383149 
0.7303381596500096 3.6581122070894168 0.8569386824563645 
0.786963115682966 3.1211270455602644 0.8967654876438786 
0.7022543310671656 3.7727612498079743 0.8571930240969405 
0.8415886453640813 2.1064233633295264 0.9253904638525646 
0.8235141119054932 2.512124151292546 0.9182513616240242 
0.8248562818053895 2.7447252337693477 0.9095393587414538 
0.7391266793615925 3.6242333691243864 0.8633667749672276 
0.8415886453640813 2.1064233633295264 0.9253904638525646 
0.8399034213694051 2.270475560962875 0.9250627236237534 
0.8803694019051753 1.507120833137795 0.9404256053105444 
0.7391266793615925 3.6242333691243864 0.8633667749672276 
0.786963115682966 3.1211270455602644 0.8967654876438786 
0.8189508907088112 2.9498987744293377 0.9098545207304679 
0.7540272897079948 3.307873537085848 0.8834507378560542 
0.8534212571596145 1.9645189150804176 0.9272820281615607 
0.7279302725696329 3.898112751340173 0.8559805640813976 
0.8926702865539075 1.3965625972017353 0.947591242562041 
0.8248562818053895 2.7447252337693477 0.9095393587414538 
0.8237483714297744 2.815087259198218 0.9088632648677092 
0.8415886453640813 2.1064233633295264 0.9253904638525646 
0.8189508907088112 2.9498987744293377 0.9098545207304679 
0.786963115682966 3.1211270455602644 0.8967654876438786 
