0.8729907161007795 5.214164086821939 0.9708208621430109 
0.8902346968244196 3.3440560789704383 0.968576180135178 
0.7333190616698433 9.703647641680266 0.9372849808940189 
0.8700616820012916 6.7582569845315374 0.9273179421786812 
0.8091195706334273 7.927250729465579 0.9572587183502466 
0.7795384548541027 9.97072579313675 0.8998277275043356 
0.7005963163924261 10.248053779218004 0.9149591448730909 
0.7505751032231067 10.264984214045693 0.8944758422032911 
0.9227738873466085 3.175968634422001 0.95880973299959 
0.8908546887509912 4.246442915397823 0.9685300304904159 
0.8154369715008774 8.511503120587957 0.915358242665052 
0.7454861881873085 8.962912571292275 0.9452457534612967 
0.7659941117320184 10.413239279185557 0.8805033384988573 
0.8780490033100707 4.630658006427008 0.9713595139918074 
0.8025283551567592 9.541372628772978 0.9035294188136639 
0.7132013504086299 11.198012038446626 0.8465131688894699 
0.7058111602084152 11.060666883784153 0.8568837049698085 
0.7219805162311299 10.123378545566108 0.9187817539165171 
0.791494861349847 9.444329718102992 0.9119203597371434 
0.7063218485503068 9.847876271637253 0.9341796713389026 
0.7963936810299257 8.845805931261703 0.9296984829889312 
0.8505057877917749 7.709471664914476 0.920939412368077 
0.7328640096956542 10.728107462850044 0.8578515068154321 
0.8394551509430903 5.749153589655588 0.9656473357590486 
0.8230129610793534 7.389236485978352 0.93185856037604 
0.7279434650430301 11.054028272018561 0.8588205218119518 
0.7228270005579185 10.888779024397593 0.8894662511712419 
0.722340000026956 10.400297951444394 0.9001879323434553 
0.7071303646026712 10.89686547782988 0.8903548952469573 
0.757623330919242 9.319026843446014 0.9261208421652539 
0.8264212514743466 6.862281728870121 0.9606630011410948 
0.8906969928910168 5.333610870173749 0.9439315640677681 
0.8500007337201815 6.8425652345704515 0.9372003200711233 
0.7004118226779016 10.710145198252508 0.8964260716430758 
0.7565505677588228 9.709939884285955 0.9070879571447225 
0.7495652484061817 10.71861099388296 0.8757125747953372 
0.8777400540983191 5.9630104343126344 0.9329086081741833 
0.870040629689902 6.985555683520893 0.9274671188538219 
0.7659941117320184 10.12337854556611 0.8820130962518511 
0.7435731599274789 9.081810644211515 0.9425609439004454 
0.7125074998282643 11.407440416740295 0.8465933163989305 
0.8078202174965423 8.724991162241388 0.9312699282292782 
0.8423883130440484 6.08314929390368 0.9637829141628357 
0.7095134358379807 10.417690154448351 0.9122020941928775 
0.7740976313076345 8.850234583594528 0.9471376232427987 
0.8423970315635672 6.992312821667753 0.942379270874058 
0.7071303646026712 10.129031400338127 0.933881095140668 
0.7328640096956542 10.728107462850044 0.8578515068154321 
0.7338558972613383 9.824546132489752 0.9021172966983887 
0.8064412773002735 8.215994133104203 0.9532579544449395 
0.7503856464466954 10.54901622132553 0.8758414469392666 
0.7335578602760198 10.390738640223589 0.8929587850830087 
0.7281072099307062 10.731166119472366 0.8607354332007742 
0.8415746491412701 7.915190184260711 0.9175061885969278 
0.8876398907201797 4.350037203625662 0.9730760535888502 
0.8801396658904636 5.0259264149332195 0.9613394742255974 
0.7084342464596813 10.890405917258706 0.8960289182966461 
0.7050943135873791 11.402184619072361 0.8548693026592893 
0.7668902109853695 9.709939884285955 0.9013044424278951 
0.7321113219698884 10.121954765660728 0.9160062507553053 
0.7656464267538524 9.078999713815756 0.92352494340856 
0.8912379382682105 3.451442703509472 0.968344951991849 
0.7099539095858298 10.895236816963894 0.8900037754090703 
0.8004448957409517 8.837596406512404 0.914462271313566 
0.8278686410503197 7.228473657219933 0.9335573262557754 
0.7874725286485127 10.117731430474956 0.8841416613676029 
0.8011048854734995 9.19157517374405 0.9104939792111506 
0.9052401441508823 3.2520868594846886 0.947402522625306 
0.8018345045763938 9.697414176869938 0.9036118078792205 
0.7855779953451496 8.41813352373421 0.9497733907652081 
0.8186494394988375 8.615588487753312 0.9078416927674389 
0.7281072099307062 10.731166119472366 0.8607354332007742 
0.7222718339422209 10.415286397731695 0.9002851592409867 
0.737310686174359 9.575467318418992 0.9190521916465164 
0.8729907161007795 5.214164086821939 0.9708208621430109 
0.7116374293688319 11.405974668246076 0.847713652148397 
0.7331561873554546 10.410803922535074 0.8931390554497033 
0.7328640096956542 10.728107462850044 0.8578515068154321 
0.750837640859681 9.324906564943769 0.9407079795502655 
0.8912334852578156 4.627792809907142 0.9518627632512981 
0.757623330919242 9.707528105138463 0.9076204413466726 
0.7058111602084152 10.41919066341559 0.9133937766772622 
0.7328640096956542 10.573156769244909 0.8930426563743553 
0.823342823981821 7.301338458426239 0.938868743196651 
0.7795384548541027 9.97072579313675 0.8998277275043356 
0.8692695539990769 7.149830382181526 0.9275230689398279 
0.8391381862578289 6.646168108362734 0.9437031780148781 
0.7454861881873085 8.962912571292275 0.9452457534612967 
0.8700616820012916 6.7582569845315374 0.9273179421786812 
0.8203561530214376 7.57086815418554 0.9591781701560216 
0.7004025516086759 10.711227898984486 0.8964319725429585 
0.7695156963693472 9.55332816752437 0.9080578828060542 
0.9105811804502414 3.1093131330221397 0.971600375901984 
0.7000957114389571 10.422247075377818 0.9301495358710052 
0.7660874463179939 10.251289345249404 0.8804296369754799 
0.7058111602084152 11.060666883784153 0.8568837049698085 
0.8047312667970573 9.442366432297318 0.9060792519606653 
0.8912334852578156 5.19478697900227 0.9439808960835641 
0.7502181393679725 10.264984214045693 0.8949668961616053 
0.8505865686030285 8.277705175744979 0.9142445092432295 
0.8843378467398125 4.516027650341064 0.9674719760958165 
0.812079506745429 8.111756938143033 0.9342105232371516 
0.7056430749162056 9.447734625144992 0.9379018530803729 
0.8015440889554926 8.934074369084247 0.9098091212807792 
0.9110929216083674 2.9733589854647957 0.9712427594214809 
