0.7018085028951002 10.888779024397593 0.9014656801022719 
0.8980612493441505 5.744281298555888 0.9438621760168149 
0.7070499759316591 11.402184619072361 0.8544093632495275 
0.8511603574787603 7.732680598203249 0.9205011239275762 
0.7069681181655809 11.227320970894091 0.8893086691989663 
0.8309481463425804 7.012239259404946 0.9593090690731308 
0.7623781680337743 9.954259162377479 0.8770597285664881 
0.707017065063861 10.254038229790858 0.913474323968068 
0.8893079904660075 3.5414413060955754 0.9662440636498435 
0.7292139527889845 10.888779024397593 0.8929532689595997 
0.7015432361770648 11.407440416740295 0.866351526846652 
0.7225345197677678 10.416896000019321 0.8998790217753767 
0.8034600413262564 8.847845102795711 0.9311325818702759 
0.770155023927064 8.73585762289084 0.9461724801726371 
0.7487815185310338 11.052356299305343 0.8602983128932218 
0.7070628585741612 9.965469830524384 0.9337226643750745 
0.7264854688087428 11.058993069053757 0.858590781612762 
0.9025927691600921 4.125718751636321 0.9637716340421466 
0.7093579635203393 11.407440416740295 0.8482280970643042 
0.8504024062157258 6.641431073800848 0.9349907222382958 
0.7281244526386297 10.890405917258706 0.877731403340671 
0.7585451174466489 10.71861099388296 0.8766102387948611 
0.750708828214709 9.574180339900444 0.9223209970818956 
0.7292137762209618 10.123378545566108 0.9173629983317942 
0.7599295433921794 10.411740333760342 0.8621917805497085 
0.7289339343532983 9.326133577159721 0.9386516924575917 
0.8233888386754101 7.741939132973111 0.9378074534360854 
0.7501209708066676 10.562370696473238 0.8897772933753577 
0.7503911631326171 9.982511817732487 0.9039715246261453 
0.8349160694986806 5.2542408804001886 0.9597073034376705 
0.9224225873349877 3.2706338601424054 0.9619729328451134 
0.7718672160517431 9.563549515910424 0.8865710761235818 
0.8184802364482388 8.958030919062985 0.9153461129942844 
0.7807958644166829 9.444329718102992 0.9098425092840864 
0.869772575921069 5.5920201132182825 0.9592825847044381 
0.8659652193786996 4.866256590830361 0.9697116822795496 
0.8097604564396643 8.022349373262326 0.9542494880697157 
0.8142164050758083 9.067598495286736 0.8977495747277188 
0.9084763617058577 3.4082069983916643 0.97196591793304 
0.8821980018090361 4.744609409119099 0.9519541031046891 
0.8205085244151227 8.208800918494354 0.9204004573590115 
0.7599295433921794 10.411740333760342 0.8621917805497085 
0.8698291926264907 5.854783472936129 0.947946816382829 
0.7281244526386297 10.890405917258706 0.877731403340671 
0.750837640859681 10.562370696473238 0.8880035493632432 
0.7287444999466305 10.715839211545546 0.8937090118206621 
0.7282630899768623 10.266444851726899 0.8993365871945876 
0.7487815185310338 10.729582507571687 0.8623592576453523 
0.8075417058910712 7.658488273087973 0.9547095829297132 
0.7292137762209618 10.123378545566108 0.9173629983317942 
0.8392447592833461 7.314564129242289 0.9333493446725681 
0.8568861261690939 6.580003310610579 0.9260913469908119 
0.7585451174466489 10.71861099388296 0.8766102387948611 
0.7059670402545711 11.229041843658903 0.8898761580432232 
0.8764248879784613 4.7493160169891375 0.9720453891782055 
0.7803524067948364 9.078999713815756 0.9268528472974796 
0.918088027842684 3.615994857551393 0.9593804678662587 
0.7498033057245757 10.264984214045693 0.9015263470567543 
0.7787370121010959 9.447348145704447 0.9055758791808023 
0.8391519161369745 7.012239259404946 0.9592958763476941 
0.7264854688087428 11.058993069053757 0.858590781612762 
0.7445941612630784 9.575467318418992 0.9206911238135252 
0.729072571691531 9.847876271637253 0.9375453464849716 
0.8510160936138913 7.0024431806192355 0.9207746634454994 
0.8308777360408797 5.965028277812601 0.9615217136297552 
0.7806706092457354 9.701273114309412 0.8841671111198062 
0.7070172416318836 10.252580807042117 0.9127383164679268 
0.8984604308830947 5.254987635256437 0.9461339893491479 
0.762279760561646 10.405796710810757 0.877153163851842 
0.7593726142913955 9.083640681429166 0.9439976644652867 
0.7001049216218972 11.227320970894091 0.8929187810600011 
0.8142164050758083 9.067598495286736 0.8977495747277188 
0.7063147252327371 10.129031400338127 0.9337208834871318 
0.8394085041710223 6.4456089553234435 0.939245068772243 
0.7443066697531112 9.201139216026498 0.9407778056538657 
0.7667364444670046 9.321266766115164 0.9244112952204196 
0.7599295433921794 10.411740333760342 0.8621917805497085 
0.7070172416318836 10.252580807042117 0.9127383164679268 
0.7067832115551895 11.04848692706625 0.8899488528950874 
0.8423883130440484 7.9139658444633785 0.9228386358514339 
0.8926014513774981 4.6410998892540025 0.955461913286464 
0.7264854688087428 11.400414675511565 0.8564790473562769 
0.7659011557105493 9.709939884285955 0.9031295662565924 
0.7292137762209618 10.123378545566108 0.9173629983317942 
0.8303040831177205 5.969690897921679 0.9636031947571118 
0.8391519161369745 7.161542734450287 0.9387311266483876 
0.7075923218517746 9.980852392200475 0.9329840280561986 
0.8238298582395515 6.322447688007604 0.9609080199046941 
0.7623781680337743 10.24102868056474 0.877058921930441 
0.7585451174466489 10.71861099388296 0.8766102387948611 
0.9222856180177019 3.106453016390352 0.971285983963211 
0.7866784180575954 9.56104642689056 0.8852570069705828 
0.767957964608948 9.704704657907577 0.9170732251656118 
0.7041626051765011 10.89686547782988 0.8919936235725615 
0.7487815185310338 11.052356299305343 0.8602983128932218 
0.8051029482144578 8.415949060667698 0.9323075419497286 
0.7208464865438484 10.574593092741093 0.8989333519293398 
0.8184802364482388 8.958030919062985 0.9153461129942844 
0.7659011557105493 8.964414087625032 0.9443861254258514 
0.8986241757707709 5.345611733593829 0.9441056529149898 
0.7292641324690493 10.711818911836469 0.892770542794112 
0.8502999409981201 5.643729263454448 0.9544803520605973 
0.7919646404707097 8.313517944628348 0.9499118492698173 
0.8142164050758083 9.067598495286736 0.8977495747277188 
0.7511435526921403 10.405886665360912 0.8882422279133759 
