0.8978933942356858 5.433447247565004 0.9446731561384359 
0.762279760561646 10.116309095758908 0.8906785413679995 
0.7192926308253031 11.406619842938778 0.8498399224949581 
0.8394773745495788 6.85703013588159 0.9592161255301099 
0.7069630292509279 10.41919066341559 0.91357487358878 
0.8051029482144578 8.024061685558692 0.952422462906308 
0.7850539790763797 9.555449694844524 0.8834359465638527 
0.78084116716894 10.115132515310773 0.8814718746671284 
0.762279760561646 9.320040910164497 0.9229506481428627 
0.8432157188335203 5.255824173338203 0.965909580567452 
0.8666270041889351 6.71893583045043 0.9386242616426832 
0.7299302704408679 9.81055544775988 0.917223893540506 
0.7085122121621759 10.88897740408212 0.9011119986610391 
0.7469392475939914 10.41769015444835 0.8751616355689897 
0.8811723867385658 5.345322182199125 0.9622697414761815 
0.7072339160221487 10.129031400338127 0.9338621972090086 
0.8186019674147673 8.618385185576797 0.9127319142253032 
0.8047263544504271 8.847845102795711 0.9313076046244352 
0.7261628913800205 11.058993069053757 0.8585469429087831 
0.708854337744544 11.409212366617325 0.849529279071774 
0.7940775726161503 9.444329718102992 0.9118298111530383 
0.9155250755145893 4.362862940852154 0.9528113123337978 
0.7596820956299518 9.976224519211955 0.9052762790467842 
0.7085023198201623 10.890405917258706 0.8893157823001098 
0.7067445828737945 11.406619842938778 0.8623247992709582 
0.9195529384764822 3.060660982042063 0.965600643114134 
0.7246431978717003 10.729582507571687 0.8713897420224641 
0.8392172060082599 7.914956030597323 0.9374435427974738 
0.7484589411023117 10.729582507571687 0.8623165327765375 
0.8870385806003768 4.752938317175619 0.9734060098449301 
0.8144922232899594 6.720790403897452 0.9604247228021411 
0.7399837108393549 10.411740333760342 0.8869036626586488 
0.7705522855021034 8.825714013651805 0.9449747951881462 
0.7368822539690618 9.326133577159721 0.9402266731341379 
0.7295299657444398 10.266444851726899 0.9002536392982574 
0.8502999409981201 7.9230897982953845 0.9313140097133245 
0.78084116716894 10.115132515310773 0.8814718746671284 
0.7169862967927589 11.052560175589372 0.8671888500641349 
0.729351104978098 9.959981871964258 0.9172322792049405 
0.8378485825642261 6.265643348922713 0.9640345475857277 
0.7192926308253031 11.406619842938778 0.8498399224949581 
0.8887141298920678 5.494275467367284 0.9528184115607436 
0.8983001071941333 4.319713434623857 0.9740339958948977 
0.7048317104006632 10.568478666288796 0.9028053133869666 
0.7469392475939914 10.41769015444835 0.8751616355689897 
0.8975773666024707 5.48590664577058 0.9448243934922217 
0.853047620958551 7.15590087916969 0.9313050042483623 
0.8043786694722612 8.210027364097469 0.9418512855412383 
0.9315600991928187 2.9399889458222113 0.9674432182292318 
0.7198441771138111 10.265162322067514 0.9033398860656592 
0.7093707476057693 11.407656483220983 0.861944403436378 
0.9187906986766096 3.9317055857221814 0.9551988993201481 
0.7261628913800205 11.058993069053757 0.8585469429087831 
0.8047263544504271 8.847845102795711 0.9313076046244352 
0.7072339160221487 10.129031400338127 0.9338621972090086 
0.8279699544550032 8.520495377329818 0.9162427675496025 
0.7069630292509279 10.41919066341559 0.91357487358878 
0.7573195038726738 9.31934946931498 0.9235214538612695 
0.7841582945407906 9.840033511912667 0.8834486331258017 
0.8047263544504271 9.201070082207792 0.9101346917202393 
0.7368822539690618 9.326133577159721 0.9402266731341379 
0.762279760561646 9.708619970523342 0.9059708449195951 
0.7085023198201623 10.890405917258706 0.8893157823001098 
0.7484587645342888 10.41684381300571 0.8639860758699954 
0.7295299657444398 10.563909476674876 0.8927030483157723 
0.8368743004825524 5.8050582996997555 0.9645633344780482 
0.767460762012967 9.08150270008021 0.9453986746008336 
0.8149127292481831 6.711565972717551 0.9603513234660661 
0.7168880498601532 10.122128379550256 0.91339654705579 
0.8141445383117936 8.022349373262326 0.9546791648159891 
0.70850246627321 10.888157483008536 0.9016308792666525 
0.7211159031337371 10.113591347626672 0.9044577873128303 
0.7918052519395959 9.568013368278141 0.8833363123570467 
0.8962635886719018 5.249632432373862 0.949216713403373 
0.8555521055436837 6.305197489444324 0.9405668631137404 
0.8394773745495788 5.8537532839250055 0.9602652757436808 
0.7070952786839162 9.580576868466132 0.9348825122782146 
0.7399837108393549 10.411740333760342 0.8869036626586488 
0.7368822539690618 9.326133577159721 0.9402266731341379 
0.7484587645342888 10.41684381300571 0.8639860758699954 
0.7585451174466489 10.41050038728208 0.8776559093334271 
0.8051029482144578 8.73836355104808 0.9109160810056549 
0.9158187680642265 3.996195473910786 0.9511484556141402 
0.7700168333259152 8.94742786031864 0.9449805261179455 
0.8048180515875257 8.724356332552269 0.9312070109579864 
0.7052891044535722 11.058993069053757 0.8631881597599164 
0.8394773745495788 6.85703013588159 0.9592161255301099 
0.8144922232899594 6.862157196614908 0.9592608561135049 
0.729351104978098 9.959981871964258 0.9172322792049405 
0.7261628913800205 11.058993069053757 0.8585469429087831 
0.762279760561646 9.320040910164497 0.9229506481428627 
0.8029375414585183 9.198882020434004 0.9105247591089193 
0.9307009633376278 2.9852855027436798 0.967559856482889 
0.8391519161369745 8.310026658299424 0.9292876969290811 
0.7593222296911645 9.707875481818421 0.9069746117275423 
0.7070952786839162 10.89686547782988 0.8903500635425309 
0.78084116716894 10.115132515310773 0.8814718746671284 
0.9061964829965244 4.116736651692193 0.9750885315448639 
0.7218580611914673 10.72827253267858 0.8722784575644823 
0.7289044602735166 11.054028272018561 0.8519174977217691 
0.7069630292509279 10.41919066341559 0.91357487358878 
0.8664903666577499 5.962764131242908 0.9407817473592361 
0.762279760561646 9.320040910164497 0.9229506481428627 
0.8051029482144578 8.415949060667698 0.9325197489544818 
0.8393467725533093 6.388704442299139 0.9596831192352199 
