0.8579839949613033 4.829526624533891 0.9690935271848315 
0.8517814818781883 5.960889410475236 0.9511921340279484 
0.7502421420235481 10.109781499566692 0.9021947662748006 
0.7501558665448901 10.264307793064313 0.8933178283842815 
0.8051029482144578 8.217780743443807 0.9524550933103277 
0.8568027966862433 6.857413837746712 0.9301474096367858 
0.9232971979206257 3.6176215423163 0.9578240604611351 
0.701631654850579 11.406619842938778 0.8592579138414104 
0.7809833704286822 9.704704657907577 0.9086457142840421 
0.8688917954326592 5.740516918156103 0.9336650779177622 
0.7182228253809346 11.058993069053757 0.8547082396109521 
0.7231104740290064 10.393623836524803 0.8998150772560334 
0.770691624948438 9.083640681429166 0.9450839994606217 
0.7452903769873255 10.419190663415588 0.8709064560455265 
0.7298306454753807 9.41945446034654 0.937443330949521 
0.8927979921926285 4.378155213740642 0.9524885718375925 
0.9044158263713729 3.917772928117203 0.9760086349564915 
0.8051029482144578 9.444329718102992 0.9043077689097493 
0.8244168928536006 8.018633728955942 0.9344205889181812 
0.7877929942022934 7.225922775383533 0.9558393598695357 
0.8501421186344171 8.008780158053217 0.9128950564008202 
0.707268848264853 10.41919066341559 0.9123073547209635 
0.7296680572663803 9.96942135501573 0.9160324875906736 
0.7235341757313294 10.731166119472366 0.8671601035827209 
0.8323057647230305 7.012239259404946 0.9578033218365528 
0.7847763061236108 10.117731430474956 0.8835761898480173 
0.8324518511553847 5.905608471176387 0.9636382804120476 
0.7400218907445708 11.052356299305343 0.8565580252654416 
0.8144159220254139 8.62711707954933 0.9089251182200564 
0.7627971411431109 10.241321578783694 0.8796918991099162 
0.7026994251942789 10.576135128118793 0.8968589069833429 
0.7153647867078629 10.890405917258706 0.8893146565804084 
0.707268848264853 9.982145596727728 0.9338687883770032 
0.7150007272409293 11.409212366617325 0.8456448834176656 
0.7979908789191309 8.845805931261703 0.9295945387917189 
0.7480227881856154 9.442277951207954 0.9198209535175068 
0.7331943944959125 9.846522141986162 0.9373159136908729 
0.842839170835258 5.750134083586926 0.965600467798224 
0.7151699302915282 10.890405917258706 0.8893798831136603 
0.707268848264853 11.060666883784153 0.8538841086972432 
0.7624802564013197 10.413239279185557 0.8798027588294176 
0.8051029482144578 7.324294753740704 0.9542388357328438 
0.8051029482144578 8.217780743443807 0.9524550933103277 
0.8510160936138913 7.645990692726857 0.9141704356251005 
0.8505984055108412 5.906278880957534 0.9626214766193117 
0.7108983447736213 10.417690154448351 0.9120658921282495 
0.878856429505164 4.234773876608565 0.9698499901464391 
0.7333932990394809 9.956623882595776 0.9156891000739859 
0.8676126931529773 4.754975129027648 0.9706094373572586 
0.8051029482144578 7.013589596773699 0.9555126576340778 
0.707268848264853 10.89686547782988 0.8896918912708636 
0.7505276172056806 9.574180339900444 0.919252821218951 
0.7757166618485299 9.97289280116748 0.8997132116497651 
0.8560275481713043 6.71893583045043 0.939508720019072 
0.8157062678935583 8.415949060667698 0.9317130456763104 
0.7103179685951619 9.95886096923612 0.9333433442901603 
0.8152896009217991 8.611960617414368 0.9091552160089059 
0.9229430115747019 4.002237485201613 0.9575072403625142 
0.7979908789191309 8.845805931261703 0.9295945387917189 
0.7593525681618186 9.975859513512088 0.9056355667358957 
0.7295648979871441 10.731166119472366 0.8577376922402851 
0.7331943944959125 10.574593092741093 0.8932113246965501 
0.8919835138013829 4.250297776196216 0.9637174618827631 
0.7236184075837053 10.724885195639775 0.8724849940031552 
0.7828068984921666 9.704704657907577 0.9008291742936301 
0.7506995493377406 9.324906564943769 0.9405090097834626 
0.7103179685951619 9.95886096923612 0.9333433442901603 
0.7643395345885557 9.707875481818421 0.9003170117406899 
0.9212498565677776 4.31420507881278 0.9556333193083568 
0.8803181223504936 5.250245466151441 0.9500287292363224 
0.707268848264853 11.060666883784153 0.8538841086972432 
0.8141696998540486 6.85471302969583 0.9580741073339792 
0.8118189746421678 6.195724492325259 0.9581091900724017 
0.786947506119636 7.3176033086956735 0.9558689238572109 
0.7296734030606792 9.561297161557299 0.9374755756047409 
0.9173101487504529 3.5993360937680645 0.9685432390686579 
0.8325240974614432 7.643984711713722 0.9357186894094528 
0.7331943944959125 10.121954765660728 0.9158267881466501 
0.8506056120551384 7.726056242838086 0.9130806648237123 
0.7295648979871441 10.266444851726899 0.9001912955139023 
0.8184802364482388 8.520770002124427 0.9105033665580103 
0.7847763061236108 10.117731430474956 0.8835761898480173 
0.8769146510059722 6.7815890632240015 0.9328103499884298 
0.7728945824621284 8.852275590173608 0.9463886987853214 
0.7979908789191309 8.845805931261703 0.9295945387917189 
0.8676126931529773 4.754975129027648 0.9706094373572586 
0.7088855838282802 10.576135128118793 0.8903135274196972 
0.7624802564013197 10.413239279185557 0.8798027588294176 
0.8552889733673905 6.0786258952182575 0.9457336867872558 
0.7817922454824908 9.449313305372828 0.9035892335264827 
0.7474671055597669 9.575467318418992 0.9197719599843499 
0.7108983447736213 10.417690154448351 0.9120658921282495 
0.7182228253809346 11.400414675511565 0.8527991637858987 
0.7951906321844195 8.631289515010014 0.9500308778443145 
0.7236184075837053 10.724885195639775 0.8724849940031552 
0.8448345720645261 5.438683826225755 0.9657858951818508 
0.7295648979871441 10.731166119472366 0.8577376922402851 
0.8509287762700757 5.734016661682578 0.9622897130992161 
0.9219606422910528 4.153151137423289 0.9572758405898594 
0.8801341822600038 5.250245466151441 0.9500615730604071 
0.7828068984921666 9.704704657907577 0.9008291742936301 
0.7923035606567939 7.306598860768797 0.9543967442511008 
0.8051029482144578 8.217780743443807 0.9524550933103277 
0.7823740856500337 9.078999713815756 0.9262798547183966 
0.7295006435670789 9.56702317646019 0.9375486686214921 
