0.7265334013854845 9.981363388309175 0.8979960311568412 
0.7068592224520023 10.895236816963894 0.8916518925004021 
0.7290845423427401 9.91955902455259 0.9161714230647603 
0.8389924945061679 6.862726708953271 0.9589176111113994 
0.7090620228723146 10.266444851726899 0.9077489685831386 
0.8065672307989429 8.958030919062985 0.907196040604836 
0.7706502147489384 9.840389539489218 0.8766615635145275 
0.7489692792402108 10.120776989866247 0.8732734465606389 
0.7122843421187008 9.968851789205491 0.9336976352938325 
0.8501186165486836 7.729012272600204 0.9173732665607404 
0.817458661450961 8.411754990650666 0.91466635678125 
0.7330826576460083 10.416448914743816 0.884735634778148 
0.893939184118266 4.487283918215127 0.9619088068690885 
0.905839757982489 3.2995740153314395 0.9735440286830741 
0.852219429175674 6.499833309179362 0.9344029682901362 
0.7091333349772935 10.731166119472366 0.8662341882867 
0.7059808841775336 11.406763463065316 0.8612166070059482 
0.7083243597799322 11.405974668246076 0.8499816254446156 
0.823327444984089 7.833110484249591 0.942651020811508 
0.860203951627911 5.378394348688134 0.9621063418293025 
0.7284028189476793 10.731166119472366 0.8536219544147627 
0.7564418486132669 9.320040910164497 0.9226530136581901 
0.7900426032519975 9.4420360686572 0.9190066334805957 
0.7314293846995845 10.419190663415588 0.8701044305243524 
0.7488294511077755 9.707528105138463 0.9018344106803438 
0.9154929492930758 3.4727935263450735 0.9653336886805632 
0.7291540519951275 9.326133577159721 0.9386814021301486 
0.8006149992957771 7.927250729465579 0.9552588852433727 
0.8850243053391139 5.391469561481017 0.9418130628747016 
0.7690332148320703 8.512919967968761 0.946521176650221 
0.8768712537322407 4.711774102134352 0.9721601453742321 
0.7954358038399936 8.846099644568357 0.9358369050861499 
0.8331848959060757 5.802637729293211 0.9621343318695604 
0.7667702657878697 9.704704657907577 0.9165939906297691 
0.7291540519951275 9.98390011756684 0.8972284955518768 
0.72929268933336 10.576135128118793 0.8941340322550035 
0.75053471281748 9.574180339900444 0.9205521761481918 
0.8189896819855015 7.487345766823017 0.9543344551173852 
0.801601611271558 8.414353333576004 0.9377182646442046 
0.8218682745818204 6.076980195269589 0.9613130122460157 
0.7284028189476793 10.731166119472366 0.8536219544147627 
0.9171477049775735 3.071663629629199 0.9731030040971741 
0.7123661446530216 9.967075166604705 0.9336917037752106 
0.8566937055382114 6.261005830061839 0.9486534630962499 
0.9078202554161817 4.091645913811847 0.9635205777575954 
0.8028556786698473 9.198882020434004 0.9105144369885722 
0.7068592224520023 10.895236816963894 0.8916518925004021 
0.9164484537794046 3.342695272291541 0.9676541212856462 
0.7713990539541042 9.840033511912667 0.877113560540724 
0.8500737061509009 7.9230897982953845 0.9191645507956764 
0.8751832728802088 5.2308488799464925 0.9482161415024404 
0.7059808841775336 11.406763463065316 0.8612166070059482 
0.8765721464040854 4.7548393067434676 0.972246547134695 
0.7084138736518619 11.22566457342854 0.8499742802362753 
0.8262466959263293 8.116245877176159 0.9278332296927366 
0.7489692792402108 10.120776989866247 0.8732734465606389 
0.735981419466224 10.729582507571687 0.8681161134889562 
0.8043210435268333 8.60272347659391 0.9109818173625369 
0.740243237780279 9.32389154183003 0.940857221559893 
0.770656967622593 8.72188521968369 0.9464867995675009 
0.8747656865197063 4.87412428200823 0.9720270518337152 
0.8400645113928645 6.999363433429043 0.945933441227604 
0.735981419466224 10.729582507571687 0.8681161134889562 
0.7122259796967346 10.127606173039677 0.9338048333844042 
0.8006486443992256 6.924967498471382 0.9558870319342423 
0.7962397272513877 9.311303087036613 0.905428522861334 
0.8937012082148432 5.024868956520712 0.9595125242052361 
0.8391519161369745 7.402674409443525 0.9297215558687696 
0.7498548108508141 10.12337854556611 0.8729898399579353 
0.8758248923142141 5.646035650173854 0.9421733911778104 
0.8037560055914399 8.732042583711998 0.9110812099994391 
0.7771357796757642 9.558514705960333 0.8797195458646894 
0.8623549293958653 6.180558687348568 0.9413767460481124 
0.7053354988384137 11.058993069053757 0.8631945811590636 
0.8742757302241787 4.993709944684817 0.9707447695303745 
0.7507388481107831 9.324906564943769 0.9407312746382649 
0.7085530471512197 10.887433251695718 0.8918403376211506 
0.7693483979674434 8.729742973493138 0.946381469147476 
0.7395200506560542 9.982511817732487 0.8971851465061149 
0.9129809257507625 3.4997687906054717 0.9650859980012143 
0.7954358038399936 8.846099644568357 0.9358369050861499 
0.7092468977315851 11.196595351013805 0.8499352363615142 
0.8558739534286929 7.238300734826673 0.919160553686082 
0.7440063000448682 9.707528105138463 0.9132441030582157 
0.795588408988396 9.442366432297318 0.905389728289081 
0.881812742268669 4.154029262345025 0.9685770995649134 
0.7489692792402108 10.120776989866247 0.8732734465606389 
0.8572701284866908 5.1157057697889305 0.9630934357468061 
0.8403240278708113 6.1426442413711815 0.9603238255725299 
0.8179102361281462 8.396701475860969 0.9267424853295213 
0.8134995584547722 7.487345766823017 0.9543582250597772 
0.8387585797496011 7.402674409443525 0.9299350082704083 
0.7212794980483681 9.982511817732487 0.9097346944764714 
0.8036271929464679 8.520495377329818 0.9243156540771147 
0.7713990539541042 9.840033511912667 0.877113560540724 
0.85182581772294 6.487486573430946 0.9407648923690111 
0.7068592224520023 10.895236816963894 0.8916518925004021 
0.770545942147064 8.727621643442262 0.9459048895458598 
0.8513821282943289 6.856581698174688 0.9200450312519146 
0.7676177408847344 9.970361153050813 0.9012981106250957 
0.72929268933336 9.847876271637253 0.9375744034180367 
0.72929268933336 9.847876271637253 0.9375744034180367 
0.8029844913148193 8.845805931261703 0.9306747687715526 
0.7628498569728628 9.08150270008021 0.9446382948121336 
0.8028556786698473 9.198882020434004 0.9105144369885722 
