0.8773266200703985 2.570823367924931 0.9724600269894413 
0.8756962812135729 2.9401126072714043 0.971999087269229 
0.7268615817403143 6.49824999995006 0.9722986764939768 
0.8034396546715696 6.733964737348602 0.9506773901484882 
0.7968096840987212 6.946386599807914 0.9597690985439884 
0.7971632486381413 6.126512122198668 0.9642342505562067 
0.8597934740293656 3.5998460033633197 0.9720875899260595 
0.7013489963667486 8.117027386905615 0.9617196953670067 
0.7000997918284073 6.561271512166538 0.9743491217720491 
0.8173856805755815 5.651510999845902 0.9593382644446641 
0.8129780706638887 4.877448687752034 0.976901396942681 
0.8203120715671515 5.533635583876528 0.9543479382866386 
0.8486215924330088 4.002854163826062 0.9783640673559421 
0.8438202143688516 4.980437590253526 0.9584214210962718 
0.8312590655629032 4.90720962467575 0.9701683220215227 
0.8781761214973542 2.109925758705712 0.9790020006975169 
0.7874766461495014 6.38623086448862 0.9735495710431066 
0.7188908610805289 7.3477373032020825 0.9672722023759278 
0.7023311473169738 7.484252590276825 0.9711726153578727 
0.758267015858229 6.040249644997132 0.9749891166788566 
0.7608723860722506 6.9717889333968195 0.9677136900019738 
0.7797476026773136 4.833172613708533 0.980623842390376 
0.7856709886132177 6.0229703557641505 0.975031161964355 
0.7347153939507872 8.13498358522625 0.95031721166168 
0.7589164944052923 7.305655514510202 0.9593438798589278 
0.7346987001701819 8.11982930332129 0.9573507835867027 
0.7013489963667486 7.757101502279115 0.9658392757495547 
0.8383518987593989 3.2728141216190814 0.979949526140051 
0.81139243119954 3.8211219006842825 0.9820344076971634 
0.758276994014781 5.6173294432760414 0.9796095299835506 
0.8593481640743007 3.249352575581161 0.9763443975201325 
0.8193224130692598 5.367499537879374 0.9614805053899316 
0.8555623606956668 4.648561247331535 0.9655710851173023 
0.7129228583478395 8.541629510696191 0.9587723603962987 
0.7386796209347616 7.587619439787715 0.9616903569928392 
0.7610864220388801 7.268445767885149 0.966153676926093 
0.7147194659856263 7.8713806321046595 0.9630623293146002 
0.7329087292730465 6.056923153050603 0.9765959132172205 
0.8047167241446948 5.502262656873225 0.9697130809724865 
0.8094696753165115 6.189345442830448 0.9499325146866671 
0.7209293932476553 8.149276063826736 0.9466266993112201 
0.7143269926606335 6.4766247460313195 0.9748576631496789 
0.758638088365032 8.052493534518307 0.9615788469347153 
0.7704057884037201 4.960156083324138 0.9803028466058499 
0.7297972024269797 7.702256225635492 0.9636181431392469 
0.8184903661701701 4.326204574895354 0.9785883187534657 
0.7003448440548576 7.822453087961802 0.963362124523956 
0.7201650303698048 8.182031189015555 0.9594224844513116 
0.7971838643852434 6.710660481815688 0.9567696723081095 
0.7971590482106248 6.107628599543142 0.9648840384604856 
0.7359177958216911 7.616576462698775 0.965970623258479 
0.72881953714938 6.351689407692862 0.9752482499852124 
0.7022377533303659 7.5917395577560915 0.9690521172594844 
0.85323265157472 4.282227504667825 0.9660024165110125 
0.8615141666297661 4.178476683573314 0.9671250836588049 
0.8784595645854482 2.1199149914542295 0.9787827510645809 
0.7123724070188218 8.24117595284635 0.9606615321837555 
0.8385799142124616 5.275332271085687 0.9653639769106904 
0.7923148259911137 5.929878339844555 0.9698878164470288 
0.8002906991842166 6.5360727766709195 0.9507351760931018 
0.7555362162718231 7.425978351914544 0.9659324271258745 
0.8469200311913849 4.764911338816687 0.9723315155605122 
0.794371463675249 4.910950677413592 0.9756424789984263 
0.7616936806760196 5.282443218139836 0.9761922173360283 
0.8476283681245709 3.158435407549716 0.9804887137616285 
0.8206436275005999 5.944270596202732 0.9516255569687381 
0.8488877482585265 3.7599500017045915 0.9768480112845372 
0.7917035827934618 7.092961428859781 0.9675464666648876 
0.7534865795622638 6.951432128812784 0.9719177667535408 
0.8203984393539248 5.45322855925023 0.95635431345092 
0.7269659936328516 6.476552741892422 0.9722870031167734 
0.8757115902581643 2.7117439680767594 0.9727770758420907 
0.858184374653799 3.5133208776822493 0.9792362761754426 
0.7898995808977931 5.64259071054885 0.9723210765997489 
0.7616354762767668 6.561142749378076 0.9722830626828436 
0.8173289376231156 5.416158178546507 0.9595932609173606 
0.8597056690285391 4.128105334462146 0.968781901945187 
0.7971920657854974 6.778096427418278 0.9564312495211714 
0.7659319527870322 7.547808329656332 0.956892011927885 
0.7857601487255803 5.317744509842562 0.9758346691964482 
0.7702408934835951 5.055364282698662 0.9801209030036939 
0.859811346327991 3.40857566591539 0.9733646447676899 
0.810195220002319 6.153070105284627 0.9512171662898419 
0.7291219217381512 7.26923175950513 0.9663559207602561 
0.7917708468431323 6.583806053060405 0.9675140742041383 
0.8585512269919346 4.691109818478964 0.9628927795895107 
0.7179223540885776 7.0703046418553255 0.9705014160325062 
0.7615792028909016 6.947826856795462 0.970560229565198 
0.7143512653224245 6.414442190729299 0.9748763477295103 
0.7616421004695504 5.550975893319837 0.9772671444244927 
0.7336272464023895 6.096394755670329 0.9757746478768689 
0.8384602170588331 5.172896674224789 0.965815729488548 
0.8110415781269367 4.491336089909594 0.981774734792808 
0.7022141199783597 7.619652286466631 0.9680841193131389 
0.8002786791589739 6.558117378192925 0.9507352210003409 
0.8317096636936575 4.1168595903993275 0.9756592030603737 
0.8094051378791202 5.408732565819285 0.9693388324098748 
0.8128726429221247 5.222113307950259 0.9745295684098411 
0.8758139696779442 2.6828190980579962 0.9737548131254576 
0.8136079584392455 5.717078525087988 0.9522321345724136 
0.8385799142124616 4.799835835304484 0.9749974101037029 
0.8380636334696583 3.698376482704324 0.9812314945361404 
0.8026224127303185 5.1681771508646195 0.9748124857096878 
0.7336504580609293 6.191782643163072 0.9757729660473371 
0.7000822824950403 6.561490498111572 0.9743492383819815 
