0.8070089480155687 2.5545017087639 0.9829646619769811 
0.8575634345322125 4.449056576567471 0.9661094223508034 
0.8052982581496831 6.31726179123065 0.9596040345201579 
0.7522815592182491 7.561430872154907 0.9640645446944336 
0.7988866769032377 3.088233627837062 0.9823066298086027 
0.7591589256948181 7.119896639792455 0.9671599657956609 
0.7202745573521172 7.2487669722649795 0.9724774550031597 
0.7001268888467249 6.495668045653428 0.9777400955436406 
0.8202798931811347 3.59853839612206 0.9795178072850883 
0.8470232974713937 4.820207550611227 0.9650706261922917 
0.8665281432434664 2.6893593292764977 0.9701154470964023 
0.7847406664911951 6.649467321274682 0.9669630857394599 
0.7664044947069575 3.1539456529141874 0.9827767058850674 
0.7826803678641695 5.621528434296591 0.9800889311580124 
0.7032530832799166 8.349940966555211 0.9597751705291777 
0.7248625334314646 7.700988455464144 0.965953892708496 
0.7017538737600777 8.250420209233255 0.9648278714415616 
0.7012712242437724 9.049262786249386 0.9563092264074926 
0.70259779659995 8.826663232764977 0.9581132201139145 
0.7382339663219819 4.167401724608714 0.9812006415750962 
0.8410055092719353 4.473441995582943 0.9718811688503921 
0.7314522854731115 8.148413443655897 0.9582566262514781 
0.7109313325966838 8.303650775809844 0.9591613512629299 
0.8619935744641712 3.2867123170951587 0.9723923966366409 
0.7047373260551804 7.794485029583248 0.968807996372627 
0.7943640594365968 3.9363565972217924 0.9790672551693217 
0.7297194179486584 4.730808074719193 0.9811476387581269 
0.7702683932595091 6.675406041574346 0.9701539787428191 
0.7047741255428844 7.374899325029816 0.9702535822020311 
0.7399960403951202 6.927161409105127 0.9694564635400511 
0.7899269713371748 6.614547999439795 0.9611171235669258 
0.8665223212148405 2.5582637203642076 0.9748094342174677 
0.721602496624248 6.435049295932654 0.9745532894825081 
0.7313083246365264 5.7296576667110175 0.977611840058531 
0.8300807780448909 5.73930619008273 0.964250684441365 
0.7085989917931071 8.280602049817634 0.963690618490813 
0.7319240015968014 7.875745682022309 0.961857462714687 
0.8454357774838261 2.502342549441907 0.9788596749712343 
0.7202629202600113 7.679729958527733 0.968872381531116 
0.8512619682166709 3.7105209498243186 0.9762025438877299 
0.7085932705918735 6.928579418569399 0.9746605616262499 
0.7360786621213176 5.9464525623005935 0.9752875083429884 
0.7476016841797011 6.649931470502749 0.973024147864404 
0.8267907652663062 4.44488705867658 0.976485152220226 
0.7203398022574319 8.032729288193924 0.9599206899853272 
0.831717899038771 5.452941185345623 0.9746068927821893 
0.7517237172667625 4.834968753550161 0.9807687709856651 
0.7744131724551497 4.64671780353823 0.9808866407326429 
0.7358641924416239 7.5103376175111265 0.9667926041537409 
0.7656513114851401 6.2149598533956265 0.9749911472564966 
0.7969975836059535 6.082644190171458 0.9656535560439974 
0.8006523912512649 6.339928157627163 0.9611238645853462 
0.8214289369833646 2.7197548707110584 0.9814610542535399 
0.8151666643282308 6.038440150529422 0.9728618074800933 
0.8642678540922692 3.080576989377925 0.9676099380413122 
0.7936028623818885 5.652143135754312 0.9756663985748832 
0.8689383438223741 2.447707724207383 0.9784264427138021 
0.7470940279212028 4.727177227202312 0.980945180469942 
0.7312707311207343 5.924197509141238 0.9774198503468988 
0.7213785428001263 7.816537089861252 0.9635708163438148 
0.7203398022574319 8.221885477800654 0.9594839034178191 
0.7047351103451793 7.484300230116392 0.971418443865696 
0.7358823053972761 6.487781886377461 0.974552491513105 
0.7116597176110286 6.076463929211858 0.9773075977995103 
0.7400299747256059 6.787188839916822 0.9698238841119969 
0.7782634129055214 3.1925571855375887 0.9817638088276823 
0.7314250862167615 8.086289417699268 0.9586299529119506 
0.7927891179804423 5.769352318464682 0.9745705814091821 
0.8301787845932027 5.621679712219423 0.965455969842739 
0.791857619327689 6.25399543762244 0.9683974740066512 
0.7898811775426846 6.658480794550732 0.9621526538034392 
0.7679158050777479 5.7740184301496535 0.975643404740711 
0.7293549733025523 6.312910871534023 0.97602495122108 
0.7542889770592143 4.012906976606813 0.9816294650101522 
0.8185692531677696 5.375868205420127 0.974928568669521 
0.8375113922337442 4.598615368197484 0.9652985376275308 
0.7064352722417577 7.848057220236595 0.964108370731928 
0.7652468562276343 7.426999915596417 0.965897073362633 
0.831140901487177 4.1211460605754695 0.976709906263227 
0.8372530587589574 3.6209030092292203 0.9762107069743972 
0.8110953120023394 3.8366045281815255 0.9795226369374876 
0.7571207426691439 4.218929126019074 0.9809576085380195 
0.851151250406263 4.237603504787958 0.973919403796264 
0.7557840494522271 6.830952609692547 0.9693808812157333 
0.7035536581722267 7.817716870668221 0.9659298071097625 
0.7401753575115018 7.7007645503500015 0.9653849328516018 
0.805138046366195 6.159670251696314 0.9596920532922829 
0.7358816901675902 6.272399740965385 0.97534588040716 
0.8664052022278457 2.7308457988575707 0.9706480112110687 
0.7826891683179817 5.444174023690854 0.979439690298394 
0.7878290717332079 3.9865295542045063 0.9809919847037326 
0.7031792001286903 8.451591151066157 0.9597739272828666 
0.8664770256085296 2.6066130904362574 0.9748057463591072 
0.7256484158090137 7.299018757886896 0.9695862541145488 
0.86409729092578 3.015367015574259 0.9678682191920971 
0.7247602868872971 7.224209076461211 0.9715708113082331 
0.7927926458277263 5.667424556826507 0.9753785940016596 
0.8202556389000404 3.7469070828887636 0.9781966947989403 
0.832108261508481 5.154497640309405 0.9755121823172305 
0.7823003585463455 6.650730210173644 0.9703349569048397 
0.7486674406833806 3.860770368971868 0.9825179627293744 
0.7752019607970815 7.046358787454013 0.9677885086720812 
0.7116227803234801 6.1146526445949645 0.9782547373639773 
0.7317786463596496 7.456706355539796 0.9690322381628267 
0.7213570271249066 7.84605945343735 0.9635666893790064 
