0.7051534994900794 8.372347949113637 0.9489074458548353 
0.7737475861646171 6.480937015565525 0.964272941667977 
0.7040030779756186 7.160175280298808 0.966798762923639 
0.7410265246044148 7.281372017525247 0.9634652436793788 
0.7184136910430905 7.392620439296114 0.9567148668771878 
0.8466777075281197 2.885716899953744 0.976109584463217 
0.861180535685248 2.9380180717311357 0.9698601892708968 
0.7976813829982161 4.5716165980939145 0.9776654262983063 
0.7033350283602788 7.06640800113095 0.9682417176567466 
0.773114789557197 6.861599491145756 0.9578257169683351 
0.7313634361515379 5.129090158222715 0.9799791808305053 
0.762610568961565 7.833484834640137 0.9506218943531564 
0.8260163082563315 3.088696243924709 0.9792070246745458 
0.7040880803349587 8.391606767287684 0.9565056994320434 
0.7598790376213543 5.651767569764339 0.9723584202464151 
0.7600515033416655 5.031515595694681 0.981023081280694 
0.8724555527598783 1.9640800026787224 0.9790274354746467 
0.752519481194058 7.400852319861917 0.952752801577837 
0.7232449226059798 7.070397547363387 0.9654124465334264 
0.8409486686068387 4.73177859374411 0.9675018399745782 
0.8279795752083637 5.237722678860658 0.9608708676985525 
0.8023143839341778 6.034510080288689 0.9684799044946774 
0.8427996392465764 4.1417017022212494 0.9737474233982598 
0.8122623026473828 4.179579265171108 0.9772522896561177 
0.7964644478812304 3.4238256528208395 0.9805894529637373 
0.8567733152782768 4.064048152831617 0.9626347969586095 
0.7601082479386814 3.9747847597641366 0.9828684704037108 
0.7298665670219543 5.842898875734446 0.9771709078453117 
0.7183856431833013 7.871245476704673 0.9622656576163311 
0.7226247627545705 6.372338687987513 0.9715764979587157 
0.7000547936187465 8.766414535275208 0.943067787171447 
0.7735430398129511 6.583297750957213 0.9541872251342756 
0.8890929648052673 2.475870615821196 0.9697074219196521 
0.7752135941903684 5.941071543783199 0.9694852838676559 
0.8228995506973358 5.135985231050348 0.9723014430404183 
0.706517030292411 6.298590452990173 0.9748450623705178 
0.7130204304030195 8.08302326563409 0.9610361750893004 
0.7628412442341141 6.474190553243261 0.9690097121496394 
0.7147830522301608 8.009978926283857 0.9484736471604761 
0.7667149346245147 7.154436277737902 0.9530131987062247 
0.7626985907698054 7.467058031232875 0.9506294298153719 
0.805070916411633 4.870116961821517 0.9758144932204694 
0.8719952886573631 2.54360037371461 0.9763118719100605 
0.7148845240829826 6.9237259462973695 0.9665696188134368 
0.8422992673797446 2.8950460030740146 0.9804921489368988 
0.8113676645810072 4.160367342900553 0.9775642358724533 
0.7489543035794486 6.082098353587449 0.9728583886037265 
0.7097861342352152 7.996186746458895 0.9633452726476166 
0.7408106342910377 6.782982839203516 0.9712699802782964 
0.7002290557712364 8.486355538076934 0.943853834017762 
0.7051721917966183 8.277009735142556 0.949446052486182 
0.7057591415547575 8.114266014739115 0.9570793697307444 
0.7732162608843585 6.727709334112389 0.9643220166509772 
0.7733452448937558 4.5611230970623255 0.979026659283188 
0.8351570896435058 2.788670407420616 0.9806520907907683 
0.7731808764009207 6.83395111149689 0.9576618340295237 
0.8361214553743823 4.857226520077352 0.9631575091173791 
0.7183925321065432 7.808849190239092 0.9588915999977401 
0.8890728026537325 2.492939041458779 0.969733147147341 
0.8510112322524364 3.3489816000656014 0.9731950295184173 
0.7299871087125158 5.3054819324271 0.9790009199602504 
0.762597505680707 6.861614138569502 0.9625403967761341 
0.876816159642704 2.9357569057955644 0.9693611980849407 
0.754155036718856 7.552168689292675 0.9520607034051786 
0.8188086154794125 4.511553390973369 0.9728491183414268 
0.7097664614021405 7.618508336797376 0.9633496366211013 
0.7750657065660476 5.8932049727582605 0.9718916606367164 
0.7250162198331859 5.947859204144881 0.9731181889967276 
0.7050552423809444 6.989818137988527 0.9672394820077003 
0.858085839259879 3.7824997544968753 0.9683185977097433 
0.7697555828796293 7.190221281044386 0.9524968335968106 
0.8051173122165685 4.210966646173702 0.980359086689734 
0.8438085878804298 3.9979278044640005 0.9773033041997481 
0.7149858678523912 7.958511911248827 0.959502178645482 
0.7250909800990939 5.855155327558642 0.974773542608745 
0.7631538448264489 6.861333028432774 0.9635589652288382 
0.7731912805992662 6.750751609620868 0.9643216581834736 
0.7152774062150079 7.245396938675629 0.9647454783492123 
0.7603642198379617 7.374080732050184 0.9524534474497831 
0.7630809091697236 5.927635637660923 0.9712725577378938 
0.7142851744517802 7.6106971583270395 0.963931230107646 
0.8422389818803706 5.014064557437837 0.9630767238368204 
0.713660368681389 6.9148838468804215 0.9676139862946095 
0.7001430006520812 8.589066536981836 0.9439396584082343 
0.8023143839341778 5.766398300959755 0.970921881857761 
0.8423865617981514 4.384459262780224 0.9712952985232408 
0.8178061887339757 5.284041162598078 0.9748723524043039 
0.7794570617854701 5.633126534003481 0.9776795718939622 
0.8499282606296176 2.7933604470930047 0.9771082599900921 
0.8673178995862992 2.054650674607677 0.9783172509428658 
0.8509709083772945 3.8616399842775206 0.9670496744267632 
0.7131551272001994 6.397371492460836 0.9728787449206479 
0.7685322694418788 4.424320743766997 0.9807954530312029 
0.7570584245854257 6.617493273215564 0.9656096040376418 
0.8579871668528012 3.429698858196376 0.9684397540304364 
0.7148956327000575 6.808376978582696 0.9686886272146171 
0.7671023881619297 7.124812693785555 0.9584379645469767 
0.7998786157820762 4.337561567510556 0.9790734992496472 
0.8108248242248862 3.9832284628911587 0.9790640541021793 
0.7149546763375427 7.5035059477775565 0.9635760106248755 
0.8023377224758431 5.531755078817933 0.9715705131833703 
0.7737733779245888 6.139386210419525 0.965084885565017 
0.7591595729415176 7.102974668843874 0.9622962879177135 
0.7998937738465921 4.242792428368022 0.9790744624731049 
0.8944350856438066 1.8123241506059269 0.9746191382215438 
