0.8377388964439858 4.456122912113612 0.976301088955697 
0.7158692064461634 5.455538244634243 0.9790817979986319 
0.7612845970278509 5.015652987875299 0.977794086225542 
0.7695989054626313 6.3019788397851775 0.9740812267385129 
0.7318484388501783 6.594526618119395 0.9729607017511946 
0.8424402424098599 3.639593790053835 0.9807160988909749 
0.8314388676210478 2.486431859316337 0.9830813900030226 
0.8415254093719806 4.789743901839154 0.9584533658946501 
0.714108023844942 5.9222977952230975 0.9763553397291608 
0.7359659363585629 7.4764658121144665 0.9684145912352043 
0.7398159983946726 5.883304977771783 0.9790633151232506 
0.8509841537253097 2.0470384466943266 0.9829264335094865 
0.7460767962293389 7.740397858875556 0.951984825446291 
0.8415510300233726 4.945812730154241 0.9584529756668926 
0.8226063527702676 5.2722834598669195 0.9715663219247631 
0.7342511151952738 4.788866772552591 0.981011305390223 
0.7665564064395908 3.060888261954006 0.9842824635110857 
0.8455130466207741 4.320288476695102 0.9720738607500821 
0.7679195366559761 4.015786930430054 0.9823871571817521 
0.886733071865037 1.6651650541661922 0.9721305976281025 
0.7830827526274474 6.762470111310002 0.9581191026247603 
0.7955702864641645 4.3035842821000285 0.9809395535658424 
0.706647358630929 7.997436389069422 0.9636262238823728 
0.8603098485272144 2.5301802143702457 0.980013560996159 
0.7853408552502714 3.641250664116967 0.9838766503978559 
0.7246990439331735 6.956786903693334 0.9713360305760661 
0.8823699774924813 1.7312396385978113 0.9758570020543889 
0.7862368176823511 6.933420306861918 0.9477595207259003 
0.7246547690473792 7.937652357591926 0.9639005340092184 
0.8455938813755506 4.741620370643741 0.9650607502277715 
0.7974586787567867 6.04940823561649 0.9717088559748038 
0.7886845927112396 6.895930338852793 0.9543772028514526 
0.8221507721642527 5.981203521496596 0.9655436033097454 
0.8750589190165654 3.0830882341552774 0.9649422991860955 
0.7502086515552825 7.34779326166995 0.9632554934164909 
0.7443008200950497 7.387945253574327 0.9566555970387772 
0.8594614548953476 3.239982388631817 0.9756670018150858 
0.8645686112091338 3.0456862581118744 0.9682470861751529 
0.7050303004210408 7.761467874441636 0.9696396395830895 
0.7554253358691425 6.672232232867859 0.9701039659359699 
0.7974051190665954 6.704653146898202 0.9520315603182887 
0.797522948678896 6.332141727131324 0.9592412307478945 
0.8769207225352667 2.3264165630849987 0.9744132602388484 
0.8044470434214033 5.418668243928509 0.9757499411218027 
0.7974338403598735 6.5516093339656525 0.9618813519113318 
0.8751612738206304 2.6064514435862636 0.9651315362939022 
0.8767894771178416 1.7923608585240254 0.9745883391868538 
0.8751717068452395 2.6921321231833706 0.9649813240014984 
0.7763239956635528 7.097927874281856 0.9610365241659415 
0.824182633627903 4.532559276616219 0.9774563881616362 
0.8422633386196626 4.73132544652391 0.9678162966002195 
0.7253025692054436 6.353851256640304 0.9744830843215165 
0.8657559418089044 2.5713556847962087 0.9738510915493959 
0.7746975977876506 3.84061456872901 0.9814940942512255 
0.7421762004385175 5.393747380098231 0.9765974951851792 
0.855191231909416 3.8224597835427683 0.9722289583213911 
0.8179663356305364 6.141839050465962 0.9646106347145824 
0.7694288843197142 7.321477292383709 0.9670019589367872 
0.8617576862403924 3.407269608440593 0.9720039002548125 
0.8359034883761431 4.595306156939892 0.9679646886399522 
0.7777908565681275 4.4693845691247285 0.9803590609538756 
0.841523367504648 4.81525799703562 0.9584555299751343 
0.7625402099889613 6.322304482795048 0.9738458767434907 
0.7980451010348314 6.307163178201843 0.9705094451936377 
0.8312110382356925 2.5193933648045923 0.9830789935033558 
0.8644336236828589 3.2191826631774285 0.9682349873239425 
0.7674723308568829 4.9530375013405274 0.9774721680535388 
0.8424040190137666 3.843942591619527 0.9792421518603387 
0.7359241735105881 7.346396982458843 0.9704489888308097 
0.8605954920789403 2.289291815857729 0.9827695062278672 
0.7754274158261578 3.0295208336158246 0.984155553901869 
0.8222242351714152 5.315772328140788 0.9761873186804841 
0.886898783639832 1.4940171352396407 0.9751376846832233 
0.7974434267227134 6.456701006179033 0.9614750954199449 
0.7992881123715705 3.7798138563076087 0.9824180562081105 
0.7842275382714208 6.710945411782865 0.9682744035221994 
0.73415505332883 4.918180382625868 0.9810117010865085 
0.7388685326764328 7.619658507255913 0.9648381512591032 
0.7745911795418249 6.6218104401261195 0.9700047389974369 
0.7624965964124594 6.583541409595768 0.9734597578713393 
0.7655376550213252 4.716673850001635 0.979721612958287 
0.7391288404758924 7.018548577994386 0.9709664660408243 
0.8153960140450568 4.615308311831323 0.9798611449561364 
0.8267350596933335 2.9187163069376982 0.983040146029957 
0.8145745981097139 4.9480643870718986 0.9762141202539486 
0.8626198900735105 4.4283726205549705 0.9680506044410394 
0.724231620477213 6.925070118657632 0.9720679605703113 
0.8605291787207066 2.6422844681908018 0.9776380945390564 
0.886898783639832 1.4848943935152448 0.9751379290666947 
0.7958205692786797 6.164239269188105 0.9750239113361331 
0.7388980146098899 7.619191665853755 0.9646584449320359 
0.822793124497845 5.8942567612046295 0.9615191774525688 
0.7252999439708419 6.081516547296987 0.9753680994823956 
0.788685407821754 6.7365556326284715 0.9580685251476019 
0.8868437486836693 1.5723633328406945 0.9733498251989472 
0.7610863484510637 6.736546889683141 0.967075107272827 
0.8657100539484923 2.719361255956824 0.9738416509243976 
0.8178723783482723 6.280111108127031 0.9646071674954697 
0.8424443832061497 3.970520603432912 0.9765983156281637 
0.8224476953178795 5.332679355947505 0.9715554927870823 
0.7675529786149358 4.396046975333288 0.9812073169885039 
0.8594681783357185 3.199538352879937 0.9756576803148812 
0.8641787545542192 2.144085078216864 0.9760069203877244 
0.7802575136866106 6.349166288560652 0.9700828770954708 
0.7388778317336868 7.878292022436851 0.9646074686851113 
