0.7971094482477152 4.033615818374049 0.9783365528471134 
0.8520202261242265 4.203823862844039 0.96934929376301 
0.8377997939962053 4.602094273305221 0.9756761706529454 
0.8203295666751986 3.3647937087150197 0.9787953701412795 
0.773712151559944 5.770866807349926 0.9718818281253937 
0.7714148899111803 6.295098217132962 0.9685903447970976 
0.7103978515147111 5.8419534475412975 0.9758219471298331 
0.7546251558850114 6.763072392298593 0.9525394348709345 
0.7846992069763514 3.0353484076751998 0.9829121144254624 
0.7735152650102914 4.934749803164877 0.9781755875597715 
0.7500451934128285 5.930874974593574 0.9728198868742001 
0.7288853081871662 7.510461615969425 0.9655714865921832 
0.8069177764916035 5.747032437851459 0.9657180507475983 
0.7029184011842747 7.593096737759991 0.9658513657159865 
0.7445744618945789 4.867215475367535 0.9800703911828388 
0.7213380706641379 5.8156143914693486 0.973111814529752 
0.7845279792201878 5.870034592905834 0.9613925430084708 
0.8510444335029409 2.866175031168767 0.9800145001365773 
0.829252019715463 5.381117465263885 0.9596909090700388 
0.7352356370622508 7.067916035087785 0.9469133389051464 
0.8663427024408618 2.4841666719507796 0.9654413769704427 
0.7297966971779377 7.307985990618871 0.9585332581561375 
0.74482999808567 5.398033331778408 0.977934184412518 
0.7902413835893747 3.6327581698247844 0.9796926273824712 
0.824563155139153 2.7192069161078027 0.9834514257455845 
0.7516853742696412 6.959438388019936 0.9557546553355227 
0.7764008573811295 6.3544479145732025 0.9561132922824546 
0.8053548232585221 6.367168615656238 0.9516545943311664 
0.8276329316640063 4.717006806602835 0.9687276523429773 
0.8567523905156222 3.991399418525652 0.9595329979591253 
0.7783333302126083 3.5039331943552043 0.9833383635423282 
0.8098537406033787 5.144454423794933 0.9749810242751115 
0.7198646288134075 6.926539540311937 0.9697181222088563 
0.8569844657837579 2.1798532916233304 0.98207899857278 
0.8171873250059912 5.52727178984801 0.9630525999010192 
0.7355540494061672 6.7394773093935605 0.9656537069032827 
0.8719643237431343 2.1109069905898608 0.9770090421134627 
0.8900837447494525 2.085634156106627 0.9736566608964249 
0.7900104401528457 4.151347465458066 0.9819055665790791 
0.8566056031444511 3.459183683457262 0.9749975852755696 
0.7379284870988667 3.650763675674454 0.9821842707329201 
0.8193194691855835 5.7097917252356565 0.9531288658643774 
0.7387173079752316 6.785049405276014 0.9573521138482359 
0.8662423372494998 3.3258401176439296 0.9661210844396177 
0.8661564716115994 2.694271802359586 0.973178085772072 
0.7070711105186365 5.146354789786075 0.9799283803277766 
0.7089100737560363 7.0679666049031455 0.9675956270294334 
0.7214585115606709 5.096120336809083 0.9795331320802334 
0.7484438977204055 5.1592415606363975 0.9784372782283958 
0.7056420001487458 5.209997393467577 0.9789459358829565 
0.8125542620857196 6.263632774659273 0.9515893997910645 
0.8664334094970865 2.302648257584559 0.9808351546125228 
0.7269041105771427 5.586199646229518 0.975770911175184 
0.8157879471535328 4.929389490812237 0.9695014492654749 
0.7499181925507719 4.9276394695174845 0.9800513593723397 
0.8018696228120069 6.007008115571705 0.9601086663014993 
0.859774823710032 2.9139003575320763 0.9708907594323641 
0.7289380486078011 7.621600604197602 0.965569532514953 
0.7898928453083196 4.665151898931615 0.9816178621547915 
0.8074372389187554 3.261226597084849 0.9802376128242757 
0.8753630467550558 2.225825638467983 0.9708897889106782 
0.8572854818198177 3.73677440916628 0.969817560910838 
0.8157395247403534 5.643755961868775 0.9660715111313057 
0.8000289421794973 5.556239151290434 0.977850762976813 
0.8433444142022902 3.937539341883155 0.9761248233853304 
0.7736636949987515 6.231858345820676 0.9711179919003374 
0.8294038429512007 3.5051022303418042 0.9776734692132409 
0.7500546782464774 5.842069369934207 0.9726950357375442 
0.8565832601164607 3.80558317657595 0.9710509772973077 
0.7918924727528408 5.698221585733733 0.9752541973395156 
0.7029195045267833 7.5930622371961345 0.9658513655867402 
0.7090561157869666 7.220210148129931 0.9667669351817078 
0.8069094880027973 5.8145248820862205 0.9657201966587741 
0.8442908724788922 4.518374392278818 0.9675206596706022 
0.826337670904816 2.855020875119948 0.9820750120484076 
0.8665141256370014 1.957259702301428 0.9825290098819291 
0.7571354511535814 6.695182607904448 0.9527978141771719 
0.8630100668395989 2.554364782481528 0.980613644520142 
0.7379414536359827 3.609558387364134 0.9821790531494119 
0.7755755655693173 6.194053775867235 0.9565219848409393 
0.7355342773884064 6.762291124611522 0.9643703599804463 
0.7753160695252406 5.5563130311679245 0.9775219011690226 
0.8172940497495521 5.919304175120797 0.952829183018634 
0.8472179793991013 4.334277420742158 0.9608622820834382 
0.7650050134293616 4.813830985478357 0.9792394986986585 
0.8119972161968766 4.612265400733095 0.9725744421163663 
0.8077235559820872 6.253109063976355 0.9525509981915636 
0.8016882131775807 4.842119523613865 0.9779010566318491 
0.733518645330026 6.937354501612695 0.9632367410197082 
0.8662423372494998 3.297876990715475 0.9661216491087405 
0.8665044463909852 1.9992745336267508 0.9825306873927208 
0.8631309373367161 2.7884817976050194 0.9802456694558946 
0.8074968507981005 3.154755547245847 0.9802221185738744 
0.8321769903336691 5.324326894024996 0.964690177864854 
0.8468630592195231 3.7088007105744456 0.9760990355762805 
0.7647916717192458 6.250628131618614 0.969501893530484 
0.8088879926004355 5.239452620106726 0.9695813964791913 
0.8369835797311872 3.2084733475206644 0.9771942928220299 
0.7214270584222786 5.697512681222581 0.9773497861002624 
0.8016947877597804 4.777993962089243 0.9779028761809279 
0.8665044463909852 2.1677187334214425 0.9823249088510135 
0.7500411936909768 5.060827298718174 0.9788072116922417 
0.819505603367641 5.865978401333013 0.9529524910043944 
0.8046493750511278 5.960143172197908 0.9607938278824505 
0.8275709828529073 2.884624910893318 0.979009873613751 
