-1.7657841442452917 0.6999973147303561 0.5724349770925091 
-0.370331939624865 0.299397518283573 0.69995628200117 
-0.3635796962348419 0.6777692635049899 0.699790732914702 
-0.36056490409595954 0.6592815654627167 0.6992751040934502 
-1.4237101615049346 0.6999964330085594 0.5358006363583515 
-0.6481773426212065 0.6995433375870336 0.69726281675559 
-0.3715815738101349 0.698986285092558 0.699126285197564 
-1.8897366748507958 0.6893589903040668 0.6999129478099692 
-1.928449058213475 0.6586549841275843 0.6999988137428832 
-0.7332192525115409 0.699210155901505 0.6982135935518224 
-0.3751868977092312 0.6990042194204069 0.6990737458435642 
-0.3715131930229947 0.6964432401451252 0.6998549823331032 
-0.3562267417245173 0.4145031870948106 0.69942305913579 
-0.4313017459747699 0.6999015905460625 0.6854391047472916 
-0.37157424230581637 0.686502043023895 0.6999862061326116 
-0.37154805946736724 0.6978434087448282 0.6984692712669 
-0.4508177393571591 0.6997295269462521 0.6942931668901673 
-0.51876835016803 0.6999780405734881 0.6873428155231938 
-0.451463192448718 0.6999933119776813 0.6807926228940815 
-0.8469866839972646 0.665916667944336 0.6999953520993045 
-0.40544953785648974 0.6997055537214479 0.6914895928751432 
-0.39125895809928823 0.6996029580102988 0.6935616844697063 
-0.9723122436589033 0.6999943813026291 0.5708802654538714 
-0.36786019423337946 0.6969082711055615 0.6997060161791393 
-1.3958655948579906 0.6891336320376112 0.6999605771270905 
-0.36063836402218596 0.6975767965256905 0.69962963451339 
-0.3715306033755863 0.6845893503628061 0.6999173107920812 
-0.4573905940662222 0.6998638582579947 0.6903085544435656 
-0.37129918732010525 0.19251707254322778 0.6998198261976377 
-0.37125828284644413 0.20249745368444608 0.6997991074251827 
-0.3713478075002734 0.20640577785518385 0.6998018633857519 
-0.3660707233421454 0.6771967992420016 0.6996704693808581 
-0.3660927323884591 0.6559878282903191 0.699718535498187 
-0.3712783761219898 0.2242480404072793 0.6997680899932317 
-0.37117714452338335 0.20700103001742803 0.699769124606179 
-1.9246874092275577 0.6993667224087594 0.6957325049531252 
-0.7060025935849312 0.698762122596924 0.6969968645653905 
-0.4869865393199888 0.6980504877175163 0.6944739655348705 
-0.3901363585176667 0.698653973451128 0.6932411252694108 
-0.5527819370448306 0.6953790550505046 0.6997177576186498 
-1.2586209163470614 0.6907211514845221 0.6998232455657278 
-0.8469774276494646 0.6540352907285021 0.6999766998752044 
-0.39858353796525847 0.5567559078140317 0.6999658905222347 
-1.185240277748509 0.669802413626206 0.6999718157195074 
-0.5978863060821857 0.6705635992310645 0.6999429296310128 
-0.42840975041161977 0.6186785603722036 0.6999533156759086 
-0.8161841548106681 0.6440172545116991 0.699961712882517 
-0.39495967010151745 0.2909145757882788 0.699938992210162 
-0.7735531381998422 0.6731810840594925 0.6999407457045388 
-0.6073219188719443 0.6976539760997488 0.6966277881985182 
-0.3909080761498105 0.6977693277807823 0.6951966788871567 
-0.4508241014086187 0.6995112020371808 0.6939719586990468 
-0.5938990032350766 0.6999881523229949 0.6657314624174266 
-0.5693024853982094 0.699958547035504 0.6675082317244826 
-0.5306854082704329 0.6998781716332303 0.6749932107982065 
-0.5519449417673323 0.6999422275087932 0.6619717396122428 
-0.41533130627072756 0.6992817206088003 0.6891575074028384 
-0.45062610683827176 0.6995720863285315 0.6894849652237361 
-0.978197899515376 0.6995285956332892 0.6906757243126715 
-1.1830923734974155 0.6955955539805794 0.6996820339959492 
-0.3613311757999558 0.4155156198008276 0.6996135077517798 
-0.36471137881609006 0.6885331179713956 0.6987326289700222 
-0.36220284849198214 0.6632569041032225 0.69914954317681 
-0.3661638918161034 0.6958388774270929 0.6981406210376688 
-0.36618335492432497 0.695961776306294 0.69778702458161 
-0.54657734409663 0.6974027836359655 0.6977069215470363 
-0.3702917093957536 0.6874907468604647 0.6990805408860123 
-0.3715968299627408 0.693858432745083 0.699360244978558 
-1.0070978626005043 0.6955294750732589 0.6986075092759605 
-0.37104038159174046 0.6965539828506723 0.6971342675826193 
-0.37100285126404553 0.6967137046543004 0.6966655670648895 
-0.4934261306915413 0.695293610146608 0.6990881490026396 
-0.3647000429538729 0.6749909883797989 0.6990201807398436 
-0.37154387430623537 0.6825365991295284 0.6997489869029992 
-0.8933485608415739 0.6763435726416441 0.6998692764787632 
-0.3716467325378605 0.668597426564219 0.6998644150832012 
-0.3934779557028192 0.1544649023754728 0.6998886180607226 
-0.3715394062174171 0.6722507174903378 0.6996960727028795 
-0.4898328120903288 0.699861143684196 0.6803782206353243 
-0.4850808998265177 0.6996993413342171 0.6819545242663387 
-0.526687559619003 0.6996659279416207 0.6830444025556438 
-0.659201907323866 0.6996997095208675 0.6873118414210213 
-2.4092890679994197 0.6998409954560303 0.6490677468572854 
-0.7968806289975836 0.699979405333033 0.6177631653791983 
-0.8614765496273635 0.6999845510416415 0.6015005671700531 
-0.7249824444226278 0.6999186688973783 0.6251226095037499 
-1.9284474900447943 0.6874067983319301 0.6998187953272081 
-1.080937433159456 0.6995726222131111 0.6749974427367924 
-0.43568383490255913 0.6887586017696519 0.6986905078239428 
-0.4090097438067304 0.6961535970458957 0.6905810523140659 
-0.5124986918515111 0.5167835142726179 0.6998516582104178 
-1.3196484784825713 0.6986986738278105 0.6926365201798756 
-1.0183332907931972 0.6986992093077206 0.6855668656985954 
-0.6572916088631064 0.6959395688714122 0.6977846828300506 
-0.3922841229185403 0.6921321280927505 0.6982813462627464 
-0.4906902347523383 0.6995810713021746 0.6729431307332533 
-0.47213988549097263 0.699217321177723 0.6778712225641762 
-0.6293381374401197 0.6812689990332012 0.6994809002763303 
-0.6623883916317799 0.6844117490609691 0.6997053035890224 
-0.5848318064834277 0.6994558968484309 0.6730298540358388 
-0.4872899793060743 0.6940231535130226 0.6978272211689104 
-0.37150620267176926 0.6700498348667466 0.699246145993946 
-0.3713209798114543 0.19277602030141192 0.6996768740411595 
-1.4610863572468817 0.6834933890026778 0.6997676622509603 
-0.5051987565860938 0.2992931044361334 0.6998444215890344 
