-1.8966932406413664 0.6997121676815403 0.6999451580461065 
-1.8716738731408622 0.6987905943725823 0.6978173395890286 
-2.1712272268710957 0.6970528884413473 0.699999238112 
-0.48968915007878233 0.6997636103746788 0.6735342962085444 
-0.8576629426763474 0.6999527009445012 0.6665973300901036 
-0.7623344012240678 0.6998723781394224 0.6365132573010797 
-1.2227175402675745 0.6999853064938838 0.5935435963557782 
-0.4150517124131521 0.6997344052987475 0.6929569269249881 
-2.020954592243225 0.6999889515497115 0.6868727292133437 
-0.363140173744289 0.6384889635642984 0.6999965294080198 
-0.5504017121608336 0.6998579827428518 0.6920151731995329 
-0.36984389969716047 0.6973373720209979 0.6999715023080804 
-0.3684496321494142 0.6902034427274789 0.6990290585265636 
-0.3838783360462332 0.6987033800738678 0.6976606042851831 
-0.9902353013699428 0.6999540707493731 0.57436868047863 
-1.9973817613265883 0.6700574153072145 0.6999763528450632 
-0.38496162555595115 0.6994284255825632 0.6960331032501242 
-1.859767435373183 0.6999579142645679 0.6963928161331056 
-1.0837849131994686 0.699973656478475 0.5858413468136195 
-1.8725833060104362 0.6978857761874436 0.6997434409686187 
-2.253427402718075 0.6999999437531521 0.3506222043533673 
-0.3592227180260048 0.6645169718807593 0.699961618334868 
-2.3480896542363667 0.6979564038926644 0.6984085026117957 
-1.9342706525098103 0.6996943688930156 0.6979712270568161 
-0.864525006189699 0.6998826279632663 0.5956237079301464 
-1.1023733260598956 0.6999026825511051 0.6286997018046451 
-0.9417731970298244 0.6999175622491332 0.5944751998181157 
-1.5313487568931463 0.6999810510630197 0.4722302445755713 
-0.5494486995704886 0.6994490094536324 0.6604006582623 
-2.4067871468816757 0.6999660237695856 0.670772577410055 
-2.424391380742066 0.6999778555866335 0.6692836803743349 
-1.8702188083778721 0.6062681357269764 0.6999805827652827 
-0.3667778801635877 0.4864708299675923 0.6999742785112688 
-0.6277569977730442 0.6998393245092546 0.642456866459635 
-0.6510590692242924 0.6997437883601187 0.6826862699886541 
-0.6039495697398434 0.6997552476950508 0.6794296366072817 
-0.5734331525176333 0.6996074007016643 0.6659522379228727 
-0.5701320913039996 0.6995314372379584 0.678766895216256 
-0.7360931175592569 0.6998578287600848 0.6479159267067597 
-1.9524000089154883 0.6410364622894293 0.6999661235368475 
-0.5675899814250582 0.6821273015490038 0.6994518646250406 
-0.37131599394218995 0.6909442582695573 0.6973977908155802 
-0.7241893063641389 0.6916719819604619 0.6997745773680185 
-0.3742500189435882 0.6965619301963896 0.69923107009489 
-0.42202029664804863 0.6972923302248683 0.6983323842776867 
-1.8557789438444328 0.6948632038560638 0.6996380029932124 
-0.3741966925910445 0.6752805178639053 0.699516118727089 
-1.872608504937776 0.6803963110683195 0.6998172126478202 
-0.41783065105554607 0.6687120359365838 0.6995382534192922 
-0.4529997182097807 0.685940895024617 0.6994335282054923 
-0.5138958361618762 0.6727442402735295 0.6998677637102866 
-0.3831163851765307 0.6860016991638892 0.6993438637638474 
-0.37102818887618927 0.6776757948372388 0.6993509873388292 
-2.4353252628458066 0.6953622080642462 0.6997923036114718 
-0.5124646792904444 0.6994208972073848 0.6699162885366052 
-0.3867271560000547 0.6986438897643057 0.6950393519775981 
-0.4230361831927165 0.6992015777599089 0.6916904745755517 
-2.471104649612331 0.6998479060127182 0.6928320524286606 
-2.0266152445345726 0.6997855491582649 0.6921408639249237 
-2.1410415989927603 0.6999001900373558 0.6714082176686292 
-1.9145273481912684 0.6994005710201887 0.6906714831875114 
-1.3015574382239214 0.6999657034665617 0.5578396506085791 
-1.8966998240909607 0.6960317336614679 0.6994978900305672 
-0.36450764337033137 0.6534744166695733 0.6993851040715254 
-0.36795449916743506 0.6621747240667613 0.6985426828982885 
-0.36699942430822885 0.4994216794520441 0.699742770808199 
-0.36413404786376824 0.6051590746176029 0.6996055968718409 
-0.3645410799847857 0.6233209415791655 0.6994313360053227 
-0.3644939906675375 0.6041075597878062 0.69968501358191 
-0.3645031202155946 0.6099015936590824 0.6996512002462577 
-0.36449560224759847 0.6056894429344674 0.6992123440626437 
-0.3702315968905947 0.6230915932411407 0.6998604248489269 
-1.8596597853604253 0.65099825114817 0.699945255552574 
-0.37199592500287926 0.6308067473448018 0.6995930745430533 
-0.3741419720574988 0.6644998699967758 0.6996580329046267 
-0.37225880968756364 0.622285248244721 0.6999172969737104 
-0.3705021876154906 0.5677170129007628 0.6999235880653566 
-0.37019442414198367 0.5744487652230305 0.6997343160397537 
-0.37208908367019844 0.6469095195839739 0.6997923610123663 
-1.8553667780574807 0.6100196464823191 0.699951606647762 
-0.3817969635205336 0.6457043395745429 0.6999315161269909 
-0.7420406000123032 0.6968077439518076 0.6908192418180987 
-1.5586575345097726 0.699912882650826 0.5699601592242223 
-2.217011008999535 0.6998113878042215 0.6597086284521179 
-1.848574889534154 0.6957982795164706 0.6990505621699241 
-1.9803966143066365 0.6985130115206718 0.6961224168442756 
-1.9415278779000262 0.6753032517925076 0.6992781848590149 
-1.9172460243741325 0.5998674559107953 0.69973745372779 
-1.8697113229943443 0.6708634642685594 0.6995137622593132 
-1.8175237669915272 0.6384176360697695 0.6975257079862711 
-2.10523126844967 0.6997630561714742 0.6917865035769907 
-1.900921125289695 0.6980304129130092 0.6944300007568085 
-1.9327469837798534 0.6969709856913694 0.6963769681449946 
-2.0459267431793378 0.6640573969866591 0.6998595966335653 
-2.0107844333470126 0.6991837790480425 0.6853171025131707 
-2.0802292898431527 0.6995943770671876 0.676504659725856 
-1.937763765745435 0.6982118181296456 0.6919497772040236 
-1.866269943267616 0.6955059021554173 0.6991335976521519 
-0.3921211046637816 0.5819950259162066 0.6982935598909632 
-0.39595339334407575 0.6959903805265605 0.6942806910452994 
-0.386302354120871 0.5561014676109328 0.6966657223347431 
-0.3933865276200108 0.6511608953730068 0.6963554034817787 
-0.5852434200848347 0.6983447583508398 0.6548376178830517 
-0.8631324956202586 0.6996833285516344 0.5973736812324225 
-0.39209285416248907 0.6725848003798991 0.6940822925818996 
