-0.3911653220212372 0.34775853669063456 0.6999766958784226 
-0.36060314162052043 0.5065623481215984 0.6998753980697718 
-0.35641171682679174 0.6470686016486714 0.6994924218099383 
-1.841583925602904 0.6993709187031072 0.6998986364765301 
-1.8203852590432854 0.6983721838937602 0.6999597857762181 
-1.8357818388683027 0.63354374992132 0.6999845673425483 
-1.8383340646960429 0.699846763085575 0.6972807499741809 
-1.0312177938514475 0.6999986609342658 0.5591886614088705 
-0.4088856834415462 0.6994551704162827 0.6983343176915436 
-0.3606282497966493 0.5433760229806842 0.6999747800407887 
-0.36540665152360474 0.6944098609270705 0.6990463491170413 
-1.814201600427777 0.6808552290363834 0.6998448584566993 
-0.36537028077092604 0.664479681101942 0.6986776712729135 
-0.38149467376544455 0.6986074905693305 0.6966541105793205 
-0.4013459695052659 0.6993559030835964 0.6914507351514846 
-1.8393631458148394 0.699966642802419 0.696998191024029 
-1.8497839705725578 0.6670592998596885 0.6999809087117873 
-1.8332659763610324 0.6989461387845998 0.6995439946785331 
-0.3606114322928382 0.5140288948390115 0.6999253637706575 
-1.8262470349156064 0.6996244592703695 0.6986501681464111 
-0.4471645759383829 0.6999718227762676 0.6874148045597126 
-0.4110625643717769 0.625057658557599 0.6999212621185774 
-1.8415882632046063 0.6997731653325903 0.6993548599524154 
-0.3912889328546576 0.698754327651733 0.6984340431676388 
-0.36790483414442443 0.6969980697454883 0.6996972403418362 
-0.7474768755837982 0.2820687577358681 0.6999953453582138 
-0.36069218189517027 0.5986983631116316 0.6991157479878933 
-0.3615990887878848 0.5968808810505377 0.6994211017162967 
-1.8332356679111101 0.6900852943305851 0.6999487171034241 
-1.848882357321139 0.697468097599689 0.6997985083512214 
-1.83181957973918 0.693882340035586 0.6997562350192781 
-1.370728646804272 0.6999862982132788 0.4885085051730655 
-1.2655177084171396 0.6999862552921179 0.5207740069621416 
-0.8860814362889804 0.6992062946398313 0.6964447764508631 
-0.5414420731886571 0.6994474219850713 0.6933694407504826 
-0.7102927616554495 0.6989952109368286 0.6948362422312208 
-0.43209257947502144 0.6989015445948804 0.6981068657700357 
-0.3606403526337443 0.5165760131429178 0.6998767028509607 
-0.36075686662714057 0.5213364314975161 0.6999030153674005 
-0.39118341219928876 0.36293587183885734 0.6999350943041337 
-0.36650934755831654 0.6606153518430415 0.6984070259148448 
-0.3858049857809911 0.6978920532409041 0.6964382509513488 
-0.3856283004294816 0.697719462547907 0.6964687901191347 
-0.44328065825700746 0.6989522332487922 0.6828411561438356 
-0.4227005735957652 0.6989346651726168 0.6867736095226488 
-1.855696894165792 0.6998707915676302 0.6962150016883448 
-1.9351233309222065 0.6999458602633617 0.6909955290447134 
-0.8243744428221236 0.6999268083784163 0.6587117244742734 
-0.6223376439979038 0.6999631761224249 0.6445701827885746 
-0.5338884862529418 0.6997050279459092 0.663865952871015 
-1.1311812757538893 0.6999660737655009 0.5387345054108404 
-0.4748685051086039 0.6994248408331794 0.6825009641398401 
-1.9713623127432056 0.6999536504150581 0.685780598427349 
-2.089870244586255 0.6999639582501209 0.6779858568641959 
-0.4249145514853998 0.5741260780758943 0.6998825700346928 
-2.181481061381191 0.6994985308004914 0.6989977513111896 
-2.0288808558063263 0.6993712681418801 0.6967978976821244 
-1.8905217569299637 0.6992885158249262 0.6976340167863232 
-0.4249832068246413 0.6797041002954368 0.6993274536172018 
-0.5967972375160107 0.6845420211777534 0.6996238901746791 
-1.8154328712493668 0.6835447246844168 0.6996632518200663 
-0.7102732850572022 0.6955749964247985 0.6994559898407127 
-0.391800903686911 0.6640122877325989 0.6994175930502846 
-1.0227951933861759 0.6907279632988627 0.6995295933287672 
-0.4951189162365739 0.6703312157969281 0.6995480317006414 
-0.47581536663515633 0.6922469538843856 0.6994274099868427 
-1.8332160818988754 0.6965897712912099 0.6995083578924338 
-1.8262259208269738 0.6931958579930917 0.6995447967840416 
-0.3827324842756046 0.6768547121601548 0.6983778028685206 
-0.37255749173646024 0.6915108949169886 0.6959909159970531 
-0.3827313277366231 0.6763390494903139 0.6985222464089286 
-0.37833304118605526 0.6868100358991666 0.6980017818359577 
-0.38570450890733565 0.6926402395789985 0.6983578572406032 
-0.4434421493083609 0.693017332427484 0.6989325282370181 
-0.3939639562052675 0.6892159899560002 0.6987382378045066 
-0.38150307100825964 0.6953509047910016 0.6966413888701288 
-0.41949380812928827 0.6086472842504076 0.6995691253035247 
-0.39394252503627114 0.6961154875044416 0.698297910962026 
-0.37246748066682134 0.6742466813382938 0.6989019724100204 
-1.1777199274108097 0.22053782032396352 0.699985010051916 
-1.570798268785774 0.6999804676708217 0.48193430603217663 
-0.4995783243368732 0.10982964298078356 0.6999123965046521 
-2.6903903967613445 0.6976040625073201 0.6989315431430156 
-1.4925609984475785 0.6996409915308215 0.5348888656215351 
-1.1950997467864588 0.2054828153522543 0.6999673578328529 
-2.1421334988919196 0.6999219705069669 0.6691812571889246 
-1.937483256032979 0.6993675041101155 0.6900846398554796 
-1.1122473150774352 0.6965260275904525 0.6857142184685088 
-1.2067207281760512 0.6955568657730756 0.6993029406613521 
-0.9735658623792958 0.6237466758902163 0.6994748347923244 
-1.8148745418548597 0.5586884498839201 0.6997798724200284 
-1.859931453331312 0.6135561322148877 0.6998594333911049 
-0.42486319571375875 0.6607326628384561 0.698418494075715 
-0.4009162653855709 0.6891426919508021 0.6935584073734941 
-0.40277507637908205 0.6856431291863992 0.6967647222654522 
-0.6055213361000473 0.6967016292751098 0.6696732952732795 
-0.41981907022434584 0.6105290920702225 0.6991196157027404 
-0.3772001427791636 0.6711205102231531 0.6965033612048303 
-0.5065009357937411 0.6866995222831407 0.6993055030675548 
-0.3664261930537016 0.5556804332703015 0.6991568585981209 
-0.3775879715992869 0.6724995945114702 0.6965373795888132 
-0.5838958175347533 0.6928464517445184 0.6651331193587204 
-0.586503469034751 0.6996335843744318 0.6523255866145301 
-0.3683825485299368 0.4773471578607449 0.6993679200405855 
-0.4951253333882122 0.6686603478598345 0.699405124205337 
