0.796635859928448 1.4180160220168325 0.732625054820667 
0.8308117043101403 1.2988821546736458 0.7339789140045179 
0.7983707532912402 0.9892018249656779 0.9088073590667216 
0.8325465976729325 1.043090728009392 0.7400188133662886 
0.8308117043101403 1.1705232709500886 0.8217514106428888 
0.7983323226228591 1.1532132851429897 0.8230788820937867 
0.804423712818302 1.2988829881684523 0.7236394764103963 
0.8321073668441289 1.1344344599243255 0.7382210868755923 
0.7978546611256746 1.3700002401900733 0.7352326421004288 
0.8325465976729325 0.9100106995935268 0.826191676851516 
0.801063751192541 1.3212379950104496 0.7224081233801666 
0.8324148353813404 1.2136091012008563 0.7347145010918743 
0.8535516798007378 1.0410661986483947 0.7357840343027761 
0.8327888378112268 1.1909363360994059 0.7264839198253465 
0.8536779751870102 0.8655957069549597 0.7382364132024001 
0.8531618830214446 0.9573824631920897 0.7379158746849455 
0.7983323226228591 1.3014507620952322 0.7354311258590716 
0.7983707532912402 1.2579119126286988 0.7354467969603745 
0.834275954559915 1.0948014749449515 0.7271873969550771 
0.8536779751870102 0.8511282462516815 0.7383509465556762 
0.8534748184639758 1.0586690039826605 0.7357532832298888 
0.8539909106295414 0.9573830674479108 0.7360863224897766 
0.8324148353813404 1.1155187941586127 0.7383501144422284 
0.796635859928448 1.4180160220168325 0.732625054820667 
0.7982389909996481 1.3238559797474871 0.735394163846416 
0.8324148353813404 1.2343289371182165 0.7345858661311151 
0.7982389909996481 1.0938962429705126 0.9084704402753025 
0.804423712818302 1.2988829881684523 0.7236394764103963 
0.7983707532912402 1.2367544503636099 0.7355585721871842 
0.8536779751870102 0.8511282462516815 0.7383509465556762 
0.8320305055073669 1.0406360819784433 0.825668941761784 
0.7982389909996481 1.3467025957649472 0.7332489236162223 
0.8341222318863909 1.1710106342063977 0.7269858700631188 
0.801063751192541 1.3212379950104496 0.7224081233801666 
0.834275954559915 1.0948021670232133 0.7271573440334795 
0.8536779751870102 0.8655957069549597 0.7382364132024001 
0.8308117043101403 1.2988821546736458 0.7339789140045179 
0.8325465976729325 1.0430913863410927 0.7385199305574404 
0.8324148353813404 1.0063333473392346 0.8258313103316826 
0.7983323226228591 1.192773372321605 0.8212885400249758 
0.8308117043101403 1.2988821546736458 0.7339789140045179 
0.804423712818302 1.2988829881684523 0.7236394764103963 
0.834275954559915 1.151443368626914 0.7270421579003259 
0.7982389909996481 1.3238559797474871 0.735394163846416 
0.801063751192541 1.3212379950104496 0.7224081233801666 
0.8325465976729325 1.0430913863410927 0.7385199305574404 
0.7982389909996481 1.3238568314499444 0.7333662373804839 
0.7979315224624367 1.1124255203642215 0.9083384630500516 
0.8325081670045514 1.2136091012008563 0.7346214831624869 
0.7983707532912402 1.2367544503636099 0.7355585721871842 
0.7978546611256746 1.2338127344336558 0.821189419700822 
0.8534748184639758 1.0410661986483947 0.7358760129112549 
0.8324148353813404 1.0063333473392346 0.8258313103316826 
0.8536779751870102 0.880291089352704 0.738128995456229 
0.834275954559915 1.1133482566561288 0.7270449136526985 
0.8320305055073669 1.0406360819784433 0.825668941761784 
0.8325081670045514 1.0786743832136696 0.7385044013562839 
0.8536779751870102 0.8511282462516815 0.7383509465556762 
0.8536395445186291 0.8952198222566324 0.7382283077639752 
0.7978546611256746 1.3937678240369804 0.7330887383876933 
0.8324148353813404 1.0969347565338687 0.7384678389312193 
0.7983323226228591 1.1532132851429897 0.8230788820937867 
0.8308117043101403 1.2988821546736458 0.7339789140045179 
0.834275954559915 1.1133482566561288 0.7270449136526985 
0.8325465976729325 0.9410738954355645 0.8259849673525864 
0.8535462128954181 0.9257999307897873 0.7380766592955353 
0.796635859928448 1.4180160220168325 0.732625054820667 
0.7982389909996481 1.0756885210803873 0.9085696724854788 
0.8536779751870102 0.8655957069549597 0.7382364132024001 
0.8536779751870102 0.8511282462516815 0.7383509465556762 
0.801063751192541 1.3212379950104496 0.7224081233801666 
0.804423712818302 1.2988829881684523 0.7236394764103963 
0.8324148353813404 1.2136091012008563 0.7347145010918743 
0.8321073668441289 1.0233390142022896 0.8257004649864345 
0.7982389909996481 1.3238568314499444 0.7333662373804839 
0.834275954559915 1.151443368626914 0.7270421579003259 
0.8325465976729325 1.0430913863410927 0.7385199305574404 
0.8536395445186291 1.0067491237026316 0.7358686675877087 
0.7982389909996481 1.3238559797474871 0.735394163846416 
0.7983323226228591 1.257911108578511 0.7372926734686701 
0.8341222318863909 1.1710106342063977 0.7269858700631188 
0.801063751192541 1.3212379950104496 0.7224081233801666 
0.834275954559915 1.1133482566561288 0.7270449136526985 
0.7978546611256746 1.3700002401900733 0.7352326421004288 
0.7948790061837239 1.1504870736340997 0.9072021629096362 
0.8325465976729325 1.0607292916649602 0.7384021694449442 
0.8324148353813404 1.2136091012008563 0.7347145010918743 
0.8308117043101403 1.2988821546736458 0.7339789140045179 
0.8534748184639758 1.0586690039826605 0.7357532832298888 
0.8539909106295414 0.9573830674479108 0.7360863224897766 
0.8324148353813404 1.0969347565338687 0.7384678389312193 
0.8325465976729325 0.9569874936654288 0.8258842870880668 
0.7983707532912402 1.2367544503636099 0.7355585721871842 
0.796635859928448 1.4180160220168325 0.732625054820667 
0.8536779751870102 0.8511282462516815 0.7383509465556762 
0.8320305055073669 1.0406360819784433 0.825668941761784 
0.804423712818302 1.2988829881684523 0.7236394764103963 
0.7982389909996481 1.0756885210803873 0.9085696724854788 
0.8536779751870102 0.880291089352704 0.738128995456229 
0.8324148353813404 1.2136091012008563 0.7347145010918743 
0.8536779751870102 0.8511282462516815 0.7383509465556762 
0.8325465976729325 0.9254170182442374 0.8260923420594828 
0.8308117043101403 1.2988821546736458 0.7339789140045179 
0.834275954559915 1.151443368626914 0.7270421579003259 
0.7978546611256746 1.254914319399162 0.8210889207959179 
68573968358788 
9016811476 
