0.8468922171700187 1.2367536613113108 0.7557037181403463 
0.799990790379936 1.6278904479423373 0.722178237697244 
0.8208472041986535 0.9272185217145281 0.8335016339039766 
0.8201005280228018 1.2549135174824633 0.8326292030568178 
0.7907230502834174 1.295231545600525 0.905756445602985 
0.7907230502834174 1.4871395506096696 0.8061690364056572 
0.7880658208794807 1.4111508848631236 0.9045652030801027 
0.8208472041986535 1.0426597577426693 0.8334512249845181 
0.7880658208794807 1.5673897330777555 0.8051026757614566 
0.8371472744975255 1.468015697129513 0.7471941513484398 
0.8209817115379872 1.1927726139943415 0.8300226645308144 
0.8395629165100467 1.4180150998966974 0.7503168244384321 
0.7899763741075656 1.4871375994209117 0.8081762954758925 
0.8468922171700187 1.062791694024984 0.7563500087782611 
0.7907230502834174 1.3402358863831556 0.9056468133398374 
0.7880658208794806 1.7140647445146564 0.7073403535074159 
0.7982065010435978 1.5201288200060394 0.7339801946178574 
0.7899763741075656 1.6835528880646176 0.7080896389734604 
0.7907230502834174 1.1504885323586276 0.9057936888338216 
0.8208472041986535 1.517050222931127 0.7298633485650003 
0.8208472041986535 1.3666987449334553 0.8299538571814885 
0.810199238581732 1.4644356832271153 0.8229037317214201 
0.8208472041986535 0.9117834754959911 0.8335925215800267 
0.8051125673542043 1.4644356832271153 0.8230397038227452 
0.8352367212694405 1.4937995449290375 0.7464769480546036 
0.8011931361765147 1.4938005257564069 0.7350872226886889 
0.8193099542732495 1.5992741164542097 0.7291953922990884 
0.8460522093709559 1.0990703027823885 0.7559524410068668 
0.7907230502834174 1.3402358863831556 0.9056468133398374 
0.8201005280228018 1.5438723218691346 0.7321339126373393 
0.7880658208794807 1.5400690257886038 0.8073106286763915 
0.810199238581732 1.4644356832271153 0.8229037317214201 
0.7899763741075656 1.6835528880646176 0.7080896389734604 
0.8193099542732495 1.5992741164542097 0.7291953922990884 
0.7907230502834174 1.3175152492763471 0.9056589416584434 
0.8468922171700187 1.2367536613113108 0.7557037181403463 
0.8208472041986535 0.9272185217145281 0.8335016339039766 
0.7880658208794807 1.5673897330777555 0.8051026757614566 
0.7899763741075656 1.5400700433497923 0.8058592721802302 
0.8208472041986535 1.0602901792430355 0.8333599375089995 
0.8395629165100467 1.4180150998966974 0.7503168244384321 
0.8208472041986535 0.9117834754959911 0.8335925215800267 
0.8011931361765147 1.4938005257564069 0.7350872226886889 
0.8352367212694405 1.468014736479952 0.7490640156918423 
0.8208472041986535 1.2338127344336556 0.8328825689943586 
0.7880658208794806 1.7140647445146564 0.7073403535074159 
0.8208472041986535 1.3666987449334553 0.8299538571814885 
0.7880658208794807 1.4111508848631236 0.9045652030801027 
0.7982065010435978 1.5201288200060394 0.7339801946178574 
0.7907230502834174 1.3402358863831556 0.9056468133398374 
0.7907230502834174 1.3175152492763471 0.9056589416584434 
0.7982065010435978 1.5201288200060394 0.7339801946178574 
0.8201005280228019 1.4145776542048945 0.8296463273478218 
0.7899763741075656 1.3870394940184756 0.9053334602972242 
0.8468922171700187 1.0807728795791818 0.7562438433796158 
0.7899763741075656 1.5400700433497923 0.8058592721802302 
0.8107728094168536 1.439251453030535 0.8266266547965945 
0.8208472041986535 1.517050222931127 0.7298633485650003 
0.8011931361765147 1.4938005257564069 0.7350872226886889 
0.8352367212694405 1.4937995449290375 0.7464769480546036 
0.7880658208794807 1.5673897330777555 0.8051026757614566 
0.8193099542732495 1.5992741164542097 0.7291953922990884 
0.7894273645592653 1.6537183304335799 0.7089710619444296 
0.8378939506733771 1.4180160220168325 0.7474905698954363 
0.7880658208794806 1.7140647445146564 0.7073403535074159 
0.8208472041986535 1.0602901792430355 0.8333599375089995 
0.8208472041986535 1.1728129052087106 0.8330974542431765 
0.8459369173658129 1.257911108578511 0.7554561132205867 
0.8208472041986535 0.9272185217145281 0.8335016339039766 
0.7899763741075656 1.5133246552801052 0.808074317988845 
0.7907230502834174 1.4871395506096696 0.8061690364056572 
0.8201005280228019 1.4145776542048945 0.8296463273478218 
0.7907230502834174 1.3175152492763471 0.9056589416584434 
0.7893395230315374 1.6835517522970664 0.7088302334172084 
0.8352367212694405 1.4937995449290375 0.7464769480546036 
0.8193099542732495 1.5712743047010806 0.7317653985925742 
0.7880658208794807 1.5673897330777555 0.8051026757614566 
0.8378939506733771 1.4180160220168325 0.7474905698954363 
0.8208472041986535 0.9272185217145281 0.8335016339039766 
0.8201005280228019 1.5712753474177548 0.7295625516501925 
0.7899763741075656 1.5133246552801052 0.808074317988845 
0.810199238581732 1.4644356832271153 0.8229037317214201 
0.7899763741075656 1.6835528880646176 0.7080896389734604 
0.8208472041986535 1.1927726139943415 0.8329997087906504 
0.846145540994167 1.3014490913802055 0.7553852656082746 
0.7880658208794807 1.4111508848631236 0.9045652030801027 
0.7907230502834174 1.3402358863831556 0.9056468133398374 
0.8011931361765147 1.4938005257564069 0.7350872226886889 
0.7982065010435978 1.5201288200060394 0.7339801946178574 
0.7880658208794806 1.7140647445146564 0.7073403535074159 
0.8208472041986535 1.2338127344336556 0.8328825689943586 
0.8459369173658129 1.257911108578511 0.7554561132205867 
0.7982065010435978 1.5201288200060394 0.7339801946178574 
0.7899763741075656 1.6835528880646176 0.7080896389734604 
0.7880658208794807 1.5400690257886038 0.8073106286763915 
0.7899763741075656 1.3870394940184756 0.9053334602972242 
0.7899763741075656 1.5133256515263054 0.8059193066369952 
0.8395629165100467 1.4180150998966974 0.7503168244384321 
0.7907230502834174 1.3175152492763471 0.9056589416584434 
0.8201005280228019 1.5170482245296788 0.7322522454327646 
0.8208472041986535 0.9272185217145281 0.8335016339039766 
0.8131858737146488 1.4392523914189432 0.8240011871158285 
0.8352367212694405 1.4937995449290375 0.7464769480546036 
0.8181899747947169 1.2764175588515236 0.8319022188171632 
0.7893395230315374 1.6835517522970664 0.7088302334172084 
18615 
