0.7977777997889126 1.346699990174205 0.7369940423704837 
0.7983323226228591 1.133964096487683 0.8227774740041576 
0.8094969138989186 1.2988829881684523 0.7251944075861585 
0.7977777997889126 1.254914319399162 0.8205580193417435 
0.7964821372549239 1.369999354328343 0.7364885078224536 
0.7982170306177161 1.3467025957649472 0.7333261421016328 
0.7983323226228591 1.078228271799404 0.8230676405656548 
0.7977777997889126 1.3937678240369804 0.7331448475869453 
0.7964821372549239 1.2549135174824633 0.8220365551321867 
0.7964821372549239 1.4180160220168325 0.7326498082277754 
0.7964821372549239 1.2764183761361545 0.820054432214089 
0.7983323226228591 1.1956071625263023 0.7374189086699309 
0.7982170306177161 1.192772613994342 0.8227299429793322 
0.7982938919544782 1.192773372321605 0.8207730189796875 
0.7983323226228591 1.2579119126286988 0.7355142499366969 
0.8325081670045514 1.0969347565338687 0.7367487499613486 
0.7982170306177161 1.3014507620952322 0.7355663700129066 
0.7983323226228591 1.078228271799404 0.8230676405656548 
0.7983323226228591 1.1532140163554299 0.8207887529967316 
0.7964821372549239 1.4180160220168325 0.7326498082277754 
0.7977777997889126 1.23381194745547 0.8225451634063098 
0.7982938919544782 1.3014507620952322 0.7354985735513908 
0.7982938919544782 1.192773372321605 0.8207730189796875 
0.8065102787660019 1.3212379950104496 0.7241076731569457 
0.7977777997889126 1.3467008587038094 0.7353834261581249 
0.7983323226228591 1.1755960529044975 0.7375252691136386 
0.7964821372549239 1.2764183761361545 0.820054432214089 
0.7983323226228591 1.2794742734660745 0.7333727558813029 
0.7982170306177161 1.3467025957649472 0.7333261421016328 
0.7977777997889126 1.3937678240369804 0.7331448475869453 
0.7964821372549239 1.369999354328343 0.7364885078224536 
0.7964821372549239 1.2549135174824633 0.8220365551321867 
0.8325081670045514 1.1155180883239966 0.7343811812383156 
0.7982170306177161 1.213103199405714 0.8207415505351138 
0.7983323226228591 1.2159898135337006 0.7372942713563184 
0.7977777997889126 1.3937678240369804 0.7331448475869453 
0.7964821372549239 1.4180160220168325 0.7326498082277754 
0.7982170306177161 1.213103199405714 0.8207415505351138 
0.8065102787660019 1.3212379950104496 0.7241076731569457 
0.7977777997889126 1.3467008587038094 0.7353834261581249 
0.7964821372549239 1.2764183761361545 0.820054432214089 
0.7983323226228591 1.2794742734660745 0.7333727558813029 
0.7983323226228591 1.133964096487683 0.8227774740041576 
0.7982938919544782 1.3238568314499444 0.7333572181663481 
0.7983323226228591 1.078228271799404 0.8230676405656548 
0.8323928749994084 1.2343289371182165 0.7339783792792934 
0.7978546611256746 1.2338127344336558 0.8205894909027901 
0.7982170306177161 1.3467025957649472 0.7333261421016328 
0.7964821372549239 1.2549135174824633 0.8220365551321867 
0.7982938919544782 1.192773372321605 0.8207730189796875 
0.7983323226228591 1.2794742734660745 0.7333727558813029 
0.7983323226228591 1.2159898135337006 0.7372942713563184 
0.8319536441706049 1.2769536424272736 0.7338017412218194 
0.7983323226228591 1.078228271799404 0.8230676405656548 
0.7977777997889126 1.3937678240369804 0.7331448475869453 
0.7982938919544782 1.1532140163554299 0.8228572397288009 
0.7982938919544782 1.3238568314499444 0.7333572181663481 
0.7964821372549239 1.4180160220168325 0.7326498082277754 
0.7982170306177161 1.192772613994342 0.8227299429793322 
0.7982938919544782 1.192773372321605 0.8207730189796875 
0.8094969138989186 1.2988829881684523 0.7251944075861585 
0.7982170306177161 1.3467025957649472 0.7333261421016328 
0.7964821372549239 1.2764183761361545 0.820054432214089 
0.7977777997889126 1.3467008587038094 0.7353834261581249 
0.7977777997889126 1.254914319399162 0.8205580193417435 
0.7983323226228591 1.078228271799404 0.8230676405656548 
0.7983323226228591 1.2579119126286988 0.7355142499366969 
0.7982938919544782 1.3238568314499444 0.7333572181663481 
0.7982170306177161 1.213103199405714 0.8207415505351138 
0.7982170306177161 1.3467025957649472 0.7333261421016328 
0.8065102787660019 1.3212379950104496 0.7241076731569457 
0.7982938919544782 1.1728136497934578 0.8208819748267082 
0.7977777997889126 1.3937678240369804 0.7331448475869453 
0.8323928749994084 1.2343289371182165 0.7339783792792934 
0.7977777997889126 1.254914319399162 0.8205580193417435 
0.7977777997889126 1.346699990174205 0.7369940423704837 
0.7964821372549239 1.3937669203184055 0.734783315330701 
0.7964821372549239 1.2764183761361545 0.820054432214089 
0.7982938919544782 1.192773372321605 0.8207730189796875 
0.7983323226228591 1.2159898135337006 0.7372942713563184 
0.7964821372549239 1.2764183761361545 0.820054432214089 
0.7982170306177161 1.2794742734660745 0.7356689781418866 
0.7982938919544782 1.192773372321605 0.8207730189796875 
0.7977777997889126 1.3700002401900733 0.7349101573216764 
0.7964821372549239 1.4180160220168325 0.7326498082277754 
0.7983323226228591 1.2794742734660745 0.7333727558813029 
0.8325081670045514 1.1733012973392323 0.7340237658726516 
0.7977777997889126 1.3467008587038094 0.7353834261581249 
0.7977777997889126 1.23381194745547 0.8225451634063098 
0.7983323226228591 1.0964800805191248 0.8229725254278658 
0.8094969138989186 1.2988829881684523 0.7251944075861585 
0.7983323226228591 1.2159898135337006 0.7372942713563184 
0.7982170306177161 1.3467025957649472 0.7333261421016328 
0.7982170306177161 1.213103199405714 0.8207415505351138 
0.7983323226228591 1.078228271799404 0.8230676405656548 
0.7977777997889126 1.3937678240369804 0.7331448475869453 
0.7983323226228591 1.078228271799404 0.8230676405656548 
0.7982938919544782 1.192773372321605 0.8207730189796875 
0.7983323226228591 1.1532140163554299 0.8207887529967316 
0.7964821372549239 1.2764183761361545 0.820054432214089 
0.7977777997889126 1.3467008587038094 0.7353834261581249 
0.7982170306177161 1.3238559797474871 0.7354672203044358 
0.8065102787660019 1.3212379950104496 0.7241076731569457 
0.7982170306177161 1.3467025957649472 0.7333261421016328 
0.8306579816366162 1.2988821546736458 0.7333234940511754 
568606519311 
1028673 
349 0.5266850719641907 
