0.79787664469777 1.3238559797474871 0.735215685337781 
0.8308117043101403 1.2554395195631922 0.7361051732211178 
0.8309654269836644 0.8799255012001702 0.8257710910748739 
0.7902892863599336 1.4180160220168325 0.7301775694743358 
0.8309654269836644 1.0582321053151371 0.8223699952267324 
0.8309654269836644 0.865235810420495 0.8258649914332341 
0.79787664469777 1.0756885210803873 0.9085013813525534 
0.8098039600113182 1.1904415001270898 0.8133764326319459 
0.8506911313426235 0.9414624669090929 0.7372038604426487 
0.7982389909996481 1.0964793873317253 0.823124131156295 
0.8309654269836644 0.9569868896538155 0.8257607172682707 
0.8098039832014814 1.3212379950104496 0.7257622150468697 
0.834545691555951 1.1322256709694802 0.7272359222052742 
0.7983432796236619 1.1956056419497296 0.7371581071960001 
0.8131639216370792 1.1705240139664277 0.8146291719682431 
0.832892427308035 1.1909363360994059 0.726518203218685 
0.8510976071198355 0.865595158041017 0.7376169496757689 
0.796635859928448 1.1504870736340997 0.9078265576427461 
0.8308117043101403 1.1705232709500886 0.8217514106428888 
0.7982389909996481 1.215988264593919 0.7371170535013138 
0.797991936702913 0.9892018249656779 0.9087352564029413 
0.797953506034532 1.1532132851429897 0.82300830646852 
0.796635859928448 1.2549135174824633 0.8222979528852074 
0.797953506034532 1.1728129052087106 0.822912492372023 
0.8160543044616655 1.2988821546736458 0.730119897300186 
0.8309654269836644 1.1536921735274461 0.7377835440577842 
0.852256017266749 1.0237618694136894 0.7356479153514528 
0.8506911313426235 0.9414624669090929 0.7372038604426487 
0.7982389909996481 1.005917108635519 0.9086494150509835 
0.796635859928448 1.1504870736340997 0.9078265576427461 
0.8098039600113182 1.1904415001270898 0.8133764326319459 
0.8308117043101403 1.1705232709500886 0.8217514106428888 
0.8131639216370792 1.1705240139664277 0.8146291719682431 
0.8524097399402731 0.9900187794871637 0.7358085958651629 
0.7967895826019721 1.254914319399162 0.8206737509385675 
0.8309654269836644 0.8799255012001702 0.8257710910748739 
0.7983432796236619 1.1956056419497296 0.7371581071960001 
0.797953506034532 1.1728129052087106 0.822912492372023 
0.8309654269836644 0.9731635651528978 0.8256665059335583 
0.834545691555951 1.1322256709694802 0.7272359222052742 
0.832892427308035 1.1909363360994059 0.726518203218685 
0.7982389909996481 1.02291633566106 0.9085569117093611 
0.7982389909996481 1.0964793873317253 0.823124131156295 
0.8308117043101403 1.0582314371898978 0.8251956956163121 
0.8510976071198355 0.8802905317570632 0.7375123418150608 
0.8308117043101403 1.1733005524202311 0.7377267863934365 
0.79787664469777 1.3238559797474871 0.735215685337781 
0.8308117043101403 1.2769544600968818 0.7341014610890911 
0.8309654269836644 0.865235810420495 0.8258649914332341 
0.7982389909996481 1.1150553186833194 0.8230282860530097 
0.8098039832014814 1.3212379950104496 0.7257622150468697 
0.7902892863599336 1.4180160220168325 0.7301775694743358 
0.8509438844463114 0.8952192557716867 0.7374549108901212 
0.8131639216370792 1.1705240139664277 0.8146291719682431 
0.8098039600113182 1.1904415001270898 0.8133764326319459 
0.7982389909996481 1.1956064022377528 0.7372208164782926 
0.8309654269836644 0.865235810420495 0.8258649914332341 
0.8506911313426235 0.9414624669090929 0.7372038604426487 
0.796635859928448 1.1504870736340997 0.9078265576427461 
0.8333268671685611 1.1514426386165715 0.7268929970099508 
0.8309654269836644 1.2343273624348774 0.7361662643541346 
0.79787664469777 1.1728129052087106 0.8229832682507138 
0.8131639448272424 1.2988829881684523 0.7269847385942405 
0.8309654269836644 1.150964749998028 0.821808035992805 
0.8309654269836644 1.0761335426809913 0.8222531708631845 
0.8309654269836644 1.1536921735274461 0.7377835440577842 
0.8308117043101403 1.00633271248303 0.8255088590338114 
0.852256017266749 1.0765780750558167 0.7352958827210433 
0.832892427308035 1.1909363360994059 0.726518203218685 
0.7970970279490203 1.1312863800931283 0.9080823075018468 
0.796635859928448 1.3700002401900733 0.7347446165696545 
0.7970970279490203 1.23381194745547 0.8225553353480622 
0.7982389909996481 1.0964793873317253 0.823124131156295 
0.796635859928448 1.1504870736340997 0.9078265576427461 
0.8131639448272424 1.2988829881684523 0.7269847385942405 
0.8309654269836644 0.865235810420495 0.8258649914332341 
0.7982389909996481 1.1150553186833194 0.8230282860530097 
0.7982389909996481 1.0964793873317253 0.823124131156295 
0.835516739329237 1.113348961043575 0.7276178395130409 
0.8309654269836644 0.9896099062053603 0.8255553104832918 
0.832892427308035 1.1909363360994059 0.726518203218685 
0.79787664469777 1.0938962429705126 0.9084089125788721 
0.8506911313426235 0.9414624669090929 0.7372038604426487 
0.79787664469777 1.2794734539857013 0.7370739820223223 
0.796635859928448 1.2764183761361545 0.8206155881320696 
0.852256017266749 1.0765780750558167 0.7352958827210433 
0.8131639216370792 1.1705240139664277 0.8146291719682431 
0.8308117043101403 1.0406360819784433 0.8253029879444188 
0.8098039600113182 1.1904415001270898 0.8133764326319459 
0.8308117043101403 1.1733005524202311 0.7377267863934365 
0.8309654269836644 1.131755563708487 0.8219261902436342 
0.8309654269836644 1.2554395195631922 0.7341536170960106 
0.8509438844463114 0.8952192557716867 0.7374549108901212 
0.8309654269836644 1.0233390142022896 0.8253541817685253 
0.8309654269836644 1.1536921735274461 0.7377835440577842 
0.8098039832014814 1.3212379950104496 0.7257622150468697 
0.852256017266749 1.0067484885832745 0.7357610835931713 
0.7982389909996481 1.0964793873317253 0.823124131156295 
0.8506911313426235 0.9414624669090929 0.7372038604426487 
0.835516739329237 1.113348961043575 0.7276178395130409 
0.79787664469777 1.192772613994342 0.8228807737755925 
0.796635859928448 1.369999354328343 0.7363872324362803 
0.8308117043101403 1.150964749998028 0.8218695100614029 
0.79787664469777 1.0938962429705126 0.9084089125788721 
0.8308117043101403 1.2769528247582527 0.7359879024846647 
83 
0.8326124556285652 1.1344344599243255 0.7347706861922642 
525601669 
