0.8076599716583176 1.4392523914189432 0.823965344482184 
0.8400632209076441 1.3466999901742045 0.750537366346635 
0.790613225183594 1.3634055541443146 0.9056148079726833 
0.7876924943866366 1.7140647445146564 0.7073362865480407 
0.847218854661094 1.1755945599191535 0.7553981592752378 
0.8170480581244157 0.852438922577189 0.8320338619976376 
0.8178935096386347 1.390398023250645 0.8289052322151279 
0.7910799064898125 0.9565926835041015 0.9063358591612346 
0.821173841689729 1.1728129052087106 0.8305232241892667 
0.8178166483018727 1.5992741164542097 0.7287117355199347 
0.7938826748062477 1.4644356832271153 0.8165826772458149 
0.7763120400562707 1.7140659062572587 0.7008988390944298 
0.7897897108611436 1.6537183304335799 0.7104822987646857 
0.7950881499994156 1.4938005257564069 0.7327110354298266 
0.8314876917631937 1.468014736479952 0.7472542897213903 
0.7897897108611436 1.4871375994209117 0.8081144980619741 
0.7876924943866366 1.5673897330777555 0.8049734847863776 
0.8199138647763797 1.5712753474177548 0.7295161329410665 
0.8020990102355725 1.5992751820037958 0.722930650779968 
0.8171715620826199 0.9429042351129211 0.8319060149716799 
0.8472490733764139 1.0106662886818094 0.7559635726161238 
0.8471722120396519 0.8689812770995032 0.756061235308009 
0.7911265491112547 1.1504870736340997 0.9061181601083563 
0.8199138647763797 1.5170482245296788 0.7321506348507666 
0.847218854661094 1.1755945599191535 0.7553981592752378 
0.8170947007458579 1.1532125539310463 0.8314815724298908 
0.8020990102355725 1.5992751820037958 0.722930650779968 
0.8076599716583176 1.4392523914189432 0.823965344482184 
0.7763120400562707 1.7140659062572587 0.7008988390944298 
0.7897897108611436 1.6537183304335799 0.7104822987646857 
0.8178166483018727 1.5992741164542097 0.7287117355199347 
0.8471722120396519 0.8689812770995032 0.756061235308009 
0.7911265491112547 1.131286380093128 0.9061864305810815 
0.8348633947765963 1.4937995449290375 0.7463594131574729 
0.7876924943866366 1.5673897330777555 0.8049734847863776 
0.7897897108611436 1.5133246552801052 0.8080199232758302 
0.8178166483018727 1.439251453030535 0.8287695438107057 
0.7876924943866366 1.4111508848631236 0.9044319475784792 
0.7950881499994156 1.4938005257564069 0.7327110354298266 
0.821250703026491 1.0253291589608324 0.8306530710443268 
0.8396459736509359 1.4427586199329583 0.7502619100355657 
0.847218854661094 1.0807728795791813 0.7558433247456493 
0.8170480581244157 0.852438922577189 0.8320338619976376 
0.7911265491112547 0.9565920797361745 0.9062910023294977 
0.7911265491112547 0.9565920797361745 0.9062910023294977 
0.7987390486098114 1.6278904479423373 0.721695541803715 
0.7763120400562707 1.7140659062572587 0.7008988390944298 
0.8170947007458579 1.0782269094593335 0.8317994445093794 
0.7907065799969684 1.295231545600525 0.9057114113023882 
0.7950881499994156 1.4938005257564069 0.7327110354298266 
0.7897897108611436 1.6537183304335799 0.7104822987646857 
0.8471722120396519 1.027746447938776 0.7559327113506459 
0.8348633947765963 1.4427595610217452 0.7490092074222596 
0.7897897108611436 1.5133246552801052 0.8080199232758302 
0.7876924943866366 1.5673897330777555 0.8049734847863776 
0.8207538725754425 1.3666987449334553 0.8299410664108787 
0.8199138647763797 1.5438723218691346 0.7320849189939039 
0.8471722120396519 0.8689812770995032 0.756061235308009 
0.8400632209076441 1.3466999901742045 0.750537366346635 
0.7910496877744927 1.2102225549827565 0.9059454899958664 
0.8076599716583176 1.4392523914189432 0.823965344482184 
0.8178166483018727 1.5992741164542097 0.7287117355199347 
0.847218854661094 1.1755945599191535 0.7553981592752378 
0.821173841689729 1.1728129052087106 0.8305232241892667 
0.7906297186602063 1.3175152492763471 0.905679530438994 
0.7876924943866366 1.5673897330777555 0.8049734847863776 
0.8166747316315714 1.2338127344336556 0.8313120782923045 
0.8471722120396519 0.8689812770995032 0.756061235308009 
0.7911265491112547 0.9565920797361745 0.9062910023294977 
0.7897897108611436 1.6835528880646176 0.7081621853076698 
0.7950881499994156 1.4938005257564069 0.7327110354298266 
0.7910496877744927 1.1899453748809932 0.9060356024330013 
0.8438616612732379 1.3238542763444452 0.7540836519648365 
0.8076599716583176 1.4392523914189432 0.823965344482184 
0.8348633947765963 1.4937995449290375 0.7463594131574729 
0.847218854661094 1.1755945599191535 0.7553981592752378 
0.7987390486098114 1.6278904479423373 0.721695541803715 
0.7897897108611436 1.5133246552801052 0.8080199232758302 
0.847218854661094 1.0627916940249835 0.7558821954511097 
0.821250703026491 1.0602901792430355 0.8304881461851553 
0.8199138647763797 1.5170482245296788 0.7321506348507666 
0.7763120400562707 1.7140659062572587 0.7008988390944298 
0.821173841689729 1.2549135174824633 0.830171198001517 
0.8178166483018727 1.5992741164542097 0.7287117355199347 
0.8212040604050488 0.9915348464599678 0.8306719113614104 
0.847218854661094 1.1755945599191535 0.7553981592752378 
0.8471722120396519 0.8689812770995032 0.756061235308009 
0.847218854661094 1.0807728795791813 0.7558433247456493 
0.8453549672446146 1.3014490913802055 0.754695822018174 
0.7950881499994156 1.4938005257564069 0.7327110354298266 
0.8076599716583176 1.4392523914189432 0.823965344482184 
0.7876924943866366 1.6835517522970664 0.7096477344738995 
0.8178166483018727 1.543873342479834 0.7313312694852349 
0.7763120400562707 1.7140659062572587 0.7008988390944298 
0.8178166483018727 1.5992741164542097 0.7287117355199347 
0.8020990102355725 1.5992751820037958 0.722930650779968 
0.7876924943866366 1.5673897330777555 0.8049734847863776 
0.7897897108611436 1.5133246552801052 0.8080199232758302 
0.790613225183594 1.3870394940184756 0.9055234428191882 
0.8178166483018727 1.439251453030535 0.8287695438107057 
0.7910496877744927 1.2102225549827565 0.9059454899958664 
0.8170947007458579 1.1532125539310463 0.8314815724298908 
0.7911265491112547 0.9406848854806685 0.9063400669471456 
0.8348633947765963 1.4937995449290375 0.7463594131574729 
0.8400632209076441 1.3466999901742045 0.750537366346635 
82612285 
8302 0.6969142731037113 0.5061431626693537 
7582793 
