0.791635050218648 2.5676600144786446 0.9451875578296215 
0.828999775203227 3.1939094031502155 0.9057909374106654 
0.8740867236811174 1.90861940604797 0.9283969173388522 
0.8099958248584785 3.9111307416345236 0.9099521202615973 
0.770455373884068 4.995837693654597 0.9065956374089309 
0.7940095326924996 3.1015604086639583 0.9373205223842073 
0.7401476290295013 5.077395177538269 0.9164134423099545 
0.8453645663881794 2.6292623908906196 0.9207299779830392 
0.7119180178500737 5.743755137584228 0.8578155295466162 
0.805100698325459 4.111849869455627 0.8938678289518356 
0.8208935676167983 3.2577241842101374 0.9296755743927491 
0.7591621062042613 4.319907949363443 0.9233505551570966 
0.726446199721084 5.243444512257662 0.8785655561635619 
0.7854777785533258 4.580148891408012 0.9137083654802167 
0.7684671614213514 5.0540663760932905 0.8830773885391848 
0.8282324296586979 2.014204841762096 0.9474968546319625 
0.8857749799175005 1.421730527741586 0.9248374016749267 
0.745864788608128 5.277260240502416 0.8778688004352848 
0.7289216470180248 5.213181335307951 0.9018106329877467 
0.8785825205164017 1.484580346419976 0.9315193259640616 
0.7508520946288185 2.9246747222774774 0.937950499571862 
0.7096296354493974 5.409008805628113 0.8994558441700568 
0.820883720315747 2.6916705219217274 0.9382365025225499 
0.7605418634063086 3.713659113409241 0.9319206792494797 
0.7916208162430851 4.057378178645284 0.9215326115755259 
0.7211906555849876 5.6320599049101645 0.8723419868473432 
0.8455141855006014 1.9717154427012191 0.9372309911377135 
0.815736725278574 4.006504498834289 0.8915321498853231 
0.7344748560424776 3.170947107652213 0.9341568575609084 
0.7441367658439895 5.307826690658274 0.8755746841525859 
0.8553961982871898 2.709970663747821 0.9114463545958523 
0.7469201226245135 4.662670372932334 0.929606374268491 
0.7116735995220449 5.315661668723001 0.9146781568114271 
0.8305487728954762 3.6903803331557254 0.898044881097179 
0.8185969413674684 3.818800765710707 0.914209444571192 
0.7973941699018405 4.343138773714898 0.9128664562182659 
0.7390867745643214 5.134879746698714 0.9238728353699873 
0.7588137078462724 3.6910329844953527 0.9337469075462748 
0.8821747858183445 1.543996831367096 0.9297299091414061 
0.7478051797272613 5.198183131601953 0.9027198432407101 
0.8495641330366077 2.779042251355186 0.9117617429554933 
0.8262289814662762 3.694229772888492 0.8994777802762001 
0.8506733150692252 1.863709743775492 0.9359578192244433 
0.8530290626420085 2.2079444094366774 0.9267659552709724 
0.7678264279749552 4.2109115437011715 0.9207880882231164 
0.7146435510168849 5.228251475983651 0.8960324728158712 
0.7396832491189491 5.274555900394583 0.8779412712716738 
0.8497414165387356 3.038586710257836 0.906871513085169 
0.7923167374802402 3.721323418171857 0.9278683724580882 
0.7940128291742261 2.7000137570349168 0.9399119176023553 
0.8137877807479256 4.031518831380009 0.8974227194131177 
0.8825658404608555 1.2325987834233956 0.9293578668061211 
0.7452477854450924 5.138333978692601 0.9060021177220051 
0.7293372384159951 5.614964996057959 0.8738817458559968 
0.8107570411326097 3.103240679737447 0.9344783937244754 
0.7305090617417846 5.336491567837579 0.8750730854845182 
0.8206088123701364 3.1680114504934527 0.9331540825060207 
0.79796749482438 3.505747011245058 0.9313815918431886 
0.8307772463226983 1.9966160895761391 0.9483045274514584 
0.768594677408897 4.037694173919988 0.9296587773879056 
0.8182538577194421 3.768270582881941 0.9215091332871208 
0.7392253180324506 4.948725111025797 0.9236528455606272 
0.7137349538073314 5.253876344680245 0.8963562768892934 
0.7334800344876636 5.2125823164278575 0.9088531631386416 
0.8367228848276878 2.6467490138948833 0.9313809015595719 
0.7833579986716449 4.395977418306936 0.916592395741292 
0.7533726331987707 4.431793182919343 0.9246453961217489 
0.7825290984196154 2.9626734956053014 0.9377636260261354 
0.8278630237711858 3.9624983912176823 0.8962385985275987 
0.8017845849338496 2.8596668888523356 0.9359673112562016 
0.7271709364603647 5.278765508888475 0.8763097530956596 
0.8018038111231449 2.499596051854101 0.9466077775984868 
0.8574860641936048 2.1333382397077187 0.9157181359506796 
0.838028678473793 2.2278675536691774 0.9397578127202569 
0.7291357976879331 5.383744695636267 0.8749546282172832 
0.7951327743792163 4.25018127681258 0.919780898074136 
0.8284387837523228 3.3346792982720843 0.9104656852935364 
0.8134635166315771 3.820025768931951 0.9160731709329123 
0.8295600787334775 2.5260758302431725 0.9352951835074843 
0.789006986558489 2.781655509263902 0.9405387655954439 
0.738927789359463 5.149282934722884 0.9156748677997224 
0.7339250379315312 5.182678906658274 0.9057026977572543 
0.8077495551587408 3.9194251139191807 0.9056859695499061 
0.7480932919780512 4.685796568299027 0.9156757223053207 
0.75337791236188 4.180592797948175 0.9268188744288679 
0.7754783360493895 4.58110016271138 0.9139582162502261 
0.7176784504145282 5.262842412028121 0.8804260438698326 
0.8182476606137611 3.7339637191687682 0.9232180279281604 
0.8374777213751471 3.383597219867453 0.9009728586934793 
0.8765951396320831 1.589423533886577 0.9270142778148923 
0.7142413938710755 5.236267803113621 0.8956237435134398 
0.8455318443499155 2.7215661591010205 0.9145806123727876 
0.7898253274112317 3.6952435680364446 0.9282593923329066 
0.8388665807531503 2.4352479668290985 0.9332657954239899 
0.7994992661737659 3.426997355710389 0.9319407417699453 
0.8236840342541062 3.1250859896155476 0.9107856856383474 
0.8377793680594368 2.3864646330508523 0.9411352238079145 
0.7435916579465165 4.86952273292797 0.9244485563271985 
0.7753610183487557 3.95930382388765 0.9247885158231057 
0.8568020785172284 2.214954081330223 0.9165641359372969 
0.8318865442376991 3.8408751453801595 0.8977067014120834 
0.8192345146751101 3.764261772477462 0.9120378484803766 
0.8366288996893029 3.306596428808699 0.9030715139140508 
0.7930882399278715 2.67860952583766 0.9436438237347109 
0.8455318443499155 2.67922002859381 0.9146088657716612 
