0.7827175464498813 4.366592711242972 0.9105589115207643 
0.7136744477427082 5.998533761238132 0.895966922101836 
0.7341619812045294 5.3043936311681605 0.9114634762752268 
0.8876135770060222 1.2534140455304206 0.9257966728900863 
0.7651654166524118 3.4557710552883454 0.9402995565868842 
0.8314467255622469 3.8365705427284578 0.9329334744604953 
0.8037611520129795 3.870402868327138 0.9148971170096017 
0.7189933515515576 5.94398820013752 0.89251660692589 
0.8683267976798331 1.7670186366981764 0.9273732319943659 
0.7000174847040561 5.85057540262898 0.9035858983337514 
0.7164811243945642 5.3422587815392015 0.9185025068564219 
0.8511188081757141 1.7541616878772408 0.9388974627860532 
0.8084195576476403 3.504660332943946 0.9376299237238185 
0.7860195504204073 4.519493458433331 0.8835348458511358 
0.7068637845997799 4.823355145150736 0.9274171495468038 
0.8387502427968795 3.1273079649854947 0.8926872598879176 
0.7836929097023355 4.3234030141592665 0.9022791637459124 
0.8276975499930004 2.0596271230696996 0.9466392903288835 
0.7751393752291004 4.567599474197946 0.8961542898983857 
0.856783033001766 2.3863025495155137 0.9196499796904721 
0.7625119839799049 4.473829609008772 0.9213549214516834 
0.7861402652995275 2.907014444117264 0.9422607039973079 
0.8241149415212196 2.234091873197941 0.9383304432135252 
0.7077751814430692 6.079122738838625 0.8893659500568819 
0.8372415856780646 3.1254857389534854 0.9106015221829232 
0.8009620281574883 3.9281031094479686 0.9231537016524863 
0.759181940781666 3.9175809219915707 0.9327544170275992 
0.788513352959548 4.139339576456187 0.897022038194869 
0.7504061416595378 4.798608462317212 0.9191989797252776 
0.7521241217814669 4.797555455905515 0.9131971521606763 
0.7297252251036925 5.831289411508388 0.9054853014830794 
0.8016148850050958 3.8920602741171995 0.8909389049702434 
0.7231426335956186 4.459635178779445 0.9270348411146503 
0.7120012506019803 5.962042390385426 0.8961699194082304 
0.8428130780257658 2.5603147786101825 0.9331928828524553 
0.7364879013690517 5.064701463394265 0.9049771635396553 
0.8817445712335612 1.1770618767331418 0.9306857366665447 
0.8022302240396473 1.1968962519566493 0.9498222449151427 
0.8520017161768125 2.6770734934916742 0.9113325594485476 
0.8515717120135274 2.7386872739738566 0.9185444093468953 
0.8520017161768125 3.0023027243286866 0.9027967462279216 
0.8231951266529579 2.9143608310619618 0.9345309622205573 
0.7851247380240416 4.413180423587637 0.9016122979977702 
0.7395148767225883 4.3955556456701235 0.9263453620787739 
0.8186459647704067 3.4269962567606167 0.937896795482575 
0.7345579611003438 5.104021658687292 0.913276589079198 
0.8538621804327008 2.5548921730889194 0.9157520008252794 
0.7530204664643235 5.047364429540428 0.9129804332479995 
0.8832650250261294 1.4279661000099728 0.924057717540456 
0.8474544903046873 2.996071648047971 0.9033078511008085 
0.7003630731882629 5.971281356322351 0.9009890239413127 
0.8015488656552002 1.2820386454358321 0.9493171610975641 
0.7770183701282388 3.4792418014672304 0.9399083150383714 
0.7177912530485051 5.295636387600503 0.9187897611471967 
0.8565727526154435 1.7713528623241837 0.9373805537686454 
0.7863871782405085 4.291557422988405 0.8992543300694806 
0.8391643931245752 2.165913017657699 0.9424361083795952 
0.8153405188720467 2.91365273491003 0.9408629024507306 
0.7722556590822179 4.531622584495935 0.9149641785962692 
0.7125509965014314 4.7968126968323785 0.9271612322338092 
0.7821670340332223 4.909013914826162 0.8934307357487361 
0.8647210761079335 1.8299795098168583 0.9325114504721839 
0.761833941425838 3.788649121453915 0.9358911432467178 
0.7828021108294572 3.847851620236859 0.9269157466844267 
0.7349505171223496 5.318399916185833 0.9055486076754836 
0.8385793721008792 2.996684321810726 0.9117989025082299 
0.7632792685699163 4.669081824654391 0.9198617691888845 
0.856783033001766 2.450356698470482 0.9177506288119851 
0.8485674976464926 2.9653250631005874 0.9294848043996344 
0.8215886144834341 2.8655929729005867 0.9384112621794894 
0.7840722942076135 4.740642060743908 0.8947915964049836 
0.8538164042721368 3.011374654344338 0.9017652457858362 
0.7935976241454472 4.1186441886103315 0.9158207602956122 
0.8709618451170554 2.346581686682109 0.9250792344076809 
0.7513155108563704 4.087810576319094 0.9300859140101517 
0.8402959210534151 2.7045411367504997 0.9309191034553407 
0.7364099924652474 5.211754383752921 0.9046621475896784 
0.8808053740703177 1.2569859143342694 0.928829320935746 
0.8783107964934153 1.6129255729944703 0.9299887056431612 
0.8338570987566245 3.1323744072999418 0.9147065038588008 
0.7699271002846187 4.617761875565831 0.9140368124437783 
0.7735173799066186 4.773803586579142 0.9092348711192626 
0.7360731773300839 5.148420613373224 0.9097176283803662 
0.7652293349158523 3.6495747234978175 0.936810955625628 
0.7815095677574367 4.138514648263075 0.9261775627698433 
0.8401360581354644 1.7016582029653078 0.9390521213708012 
0.8069147934184023 1.3777538538727538 0.948472305435935 
0.8515128925338684 2.8102596157524946 0.930146678596411 
0.7740871032943499 4.418322887623412 0.9249363188098811 
0.8391643621825753 2.197534114781101 0.9418482375440117 
0.7105723818055514 5.389920813858122 0.9158464782894101 
0.7375232566988394 4.522729040418998 0.9266048577391832 
0.789560264509097 2.694604838153208 0.9431655086261006 
0.7621370115512607 3.907797391512425 0.9350546774031795 
0.7584942101805968 3.744581285282 0.9361068561021829 
0.7121088282691939 5.552338881731332 0.9154805665428987 
0.8783107964934153 1.6277110822762222 0.9299654568780356 
0.8802524043842411 1.209906247175568 0.9295106076799967 
0.7902052994010413 2.6209514199867723 0.9435307839875278 
0.839711088052735 2.6666727663448557 0.9328927295732419 
0.7936996566114676 4.1262637363289025 0.912891118398097 
0.7334501305611703 5.688925554858014 0.9005458647519043 
0.764180597661649 4.479326390685491 0.9210862372765666 
0.8232838826180454 2.6033079397734924 0.9457008218537947 
0.7632792685699163 4.69397777259973 0.9128608160520824 
