0.7108395615454787 4.930929673353828 0.8975606408666527 
0.8885888384559175 1.0145672070845548 0.9359901596881318 
0.7420973680865705 5.171312188096262 0.8616340893125192 
0.8165499897330222 3.668459375299295 0.8929546201144133 
0.8447867493339896 2.8770506220636918 0.9049527330908713 
0.70133162051614 4.172593278293093 0.9223281004600629 
0.8733039862246408 1.8147798300373787 0.9261445030851871 
0.818817339276104 3.6751407047355458 0.8843283028044762 
0.7793787583128371 3.3245193588095665 0.9294353887458221 
0.8205548551584982 2.906056481610628 0.9250858681348794 
0.757382331968399 3.153737106374092 0.9356754682522723 
0.7369426523929823 4.658516675086356 0.9131088756557895 
0.7878411871107156 4.021449724836732 0.8943036046684857 
0.7803293728748107 2.700565939299892 0.9408745818113089 
0.7961426869240206 4.28514276523605 0.8674793685939408 
0.8187243767236514 3.117169511381126 0.9032492817359071 
0.7315028884699237 5.315989660130497 0.8812922942985585 
0.729914885885965 5.170124393406769 0.8929703318458067 
0.7762009308602894 4.0714446055010995 0.9060696462176896 
0.8669374089541494 1.6993706852084345 0.9366829835540853 
0.7655535850405599 4.8511783002044915 0.884361742296986 
0.7768135708560922 3.959459299505202 0.9205212904932538 
0.7512740909834 5.005205997105737 0.8899817669627551 
0.861174350033454 2.2185139975164785 0.9180066383715785 
0.7314156725357313 3.4906067882549174 0.9330484264761247 
0.8396511059602816 2.177274513954513 0.9323002981803061 
0.8192883738607798 2.9592311435005 0.9400659234552445 
0.7695176122178872 4.843863285778903 0.893322555261073 
0.8727099997226963 1.0779545635098775 0.9431476988967906 
0.7180637361619648 5.436752541721125 0.873754120833455 
0.7148521232566232 4.92021697183332 0.9004663950020695 
0.7880587195527216 3.2693820170246224 0.9194646607345247 
0.7019287699053433 5.258935937955215 0.8830594112883423 
0.7041421639408998 4.66856012523545 0.9092565745052089 
0.8119454949412321 2.154698311670862 0.9469466811991646 
0.7157746653516074 4.010733756367902 0.9294879253874535 
0.7472081182376422 4.062646150051308 0.9166286413857249 
0.7864114283727802 3.813085313260593 0.9021013837041466 
0.7269621842068369 4.072218206883659 0.922226874723382 
0.748338487701208 3.866931950429747 0.9252752822393381 
0.743240364563756 4.913799242812889 0.9041870224147724 
0.8263698333702405 2.2884182769436796 0.9443109164030807 
0.8149959778463104 3.5620825190226206 0.8984559109547573 
0.8205840041745178 3.0255340280179817 0.9232480761687264 
0.8203087343420623 3.606057683708512 0.8861405046887716 
0.8179570280028675 3.060395294509165 0.9388630814473983 
0.7802934821814932 3.6010447782333146 0.9254770783744686 
0.7585280968709195 4.408903755638802 0.9105268340434096 
0.7978545109792216 2.1822274759624007 0.9461994034669724 
0.7239693407003484 4.9199521339844665 0.9075528399898664 
0.7654052219959246 5.123468067967799 0.8878898773113858 
0.7930349193391995 4.669546584200766 0.8921010736590821 
0.8056164113240488 3.4644120310171522 0.9000093082407533 
0.8466710922458568 2.9193873771010974 0.904717181935802 
0.760527928498526 3.9316302287312563 0.9216772869748787 
0.7134467795740683 5.033134078733405 0.8945985467712326 
0.8888734295485486 1.2325925722575197 0.9351126610016277 
0.8224347670613719 3.3619661388646644 0.902957971223676 
0.7298792986488407 5.140947841751223 0.8931779428109641 
0.8719088374829138 1.966739279274177 0.9253877308262886 
0.8702211691322481 1.761181819616902 0.9360715404636696 
0.763307008342906 4.383331986720562 0.8996112721171989 
0.7334223707756511 5.073143998193596 0.891447432249644 
0.7180637361619648 5.37285167519869 0.8738801269120549 
0.8831695638150672 1.805802405080753 0.9311904470423459 
0.7092413922122969 5.09180716117638 0.9057829159023153 
0.7476234639146415 3.7254022395209874 0.9326607793253595 
0.7579462774919807 4.699918525621289 0.904568095079148 
0.8783715534883023 0.9842528223101173 0.9440189324584403 
0.8121438132691849 3.362400087491583 0.9184291650020632 
0.7207101101661193 4.009737537604084 0.9261651004686929 
0.7628050631136403 4.844699148484408 0.8914621104401458 
0.7584560842433179 3.3806405170865057 0.9341651721773622 
0.826488647187796 2.15075118079052 0.9411320805218382 
0.8890195257045813 1.2876623084060232 0.9340683957863724 
0.7691313751696394 4.45668633049596 0.8934507853062521 
0.8187764769601726 3.107617781354026 0.9255440464872554 
0.728624488829404 5.1426795254539375 0.8935806994248069 
0.7363965956842948 4.960635506401077 0.8952301664259791 
0.8142035363861486 3.3772684922317002 0.9183290999589779 
0.8615904847225753 2.3814012047554893 0.9174256189590237 
0.8029249174986615 3.9090922206627003 0.9016429221467723 
0.8050816081969524 3.805317062511839 0.8982253715651499 
0.8466710922458568 2.9374146200736986 0.9046491131391012 
0.8172958497895579 3.386215850183527 0.900375785116039 
0.765935314319673 3.793532157108716 0.9294732753814584 
0.7692581869331997 4.374716492395201 0.9126670067132068 
0.873617193598941 1.6906630486368686 0.9383216362570265 
0.7877499814396411 3.3105536929614416 0.9341546449523385 
0.8263698333702405 2.173581662448423 0.9456915837997013 
0.7420626971274454 4.318397387858507 0.9195852435655109 
0.7616604054173415 3.912573116472 0.9227838387215177 
0.7930128539566299 2.997309633905632 0.9406742377741532 
0.7327109706512764 4.234235482213223 0.9209545597176335 
0.7428958561466341 4.773528071862221 0.9080737028196688 
0.8045173475765461 3.1795983391970095 0.931212782993412 
0.825894023483019 3.244606815916575 0.9002133559519383 
0.8701546958203497 2.0738347537087347 0.921952665479278 
0.7802934854782497 3.4261037973725146 0.9271396718840532 
0.7824456282978045 3.8960611764192317 0.9098425420043345 
0.7284418341862553 4.490991714265359 0.9214286448628247 
0.7457176925161401 4.061246621597504 0.9200628578932174 
0.7299978690828557 5.055754205715256 0.8945974626735704 
0.7679735157028906 4.086616872381022 0.912887795197032 
0.7834272105864172 4.070270833419905 0.9079165401562149 
