0.7501785684177004 4.859033428424657 0.9080310469399522 
0.8383483729313841 2.253460102553501 0.9363397097489028 
0.8644630107113205 1.6846100980422076 0.935896263227557 
0.7039889853337116 5.5208040144488715 0.895880199076666 
0.8740829297677821 1.4855796066367808 0.9144475464291025 
0.8787048004928345 1.2272742916524715 0.9303038703322861 
0.7828123030180089 3.8316090072911333 0.9213930700279883 
0.7541251163003091 4.70189690471425 0.8974971175837086 
0.7304766426707971 4.286849363829815 0.9234190480439622 
0.8383546840673841 2.5277859946655563 0.9240038995055813 
0.78439742971806 4.676459293931279 0.8961276657342252 
0.8220770780514337 2.6172463901931984 0.9429750116497164 
0.710627154281966 3.8831257634265164 0.9340645653071823 
0.7353084380990904 5.220857083516654 0.9060560514073932 
0.8099902168225293 2.927976637497387 0.9283148141241915 
0.7882257542700976 2.9286727934913412 0.94056118660603 
0.7989890377585825 4.623830787808237 0.9128726710468236 
0.8717916298779782 1.9440763067948177 0.913886177856725 
0.8311855742276675 1.9324579486842706 0.9467992620204021 
0.7301789625321007 4.65467160163821 0.9189422740459949 
0.8205706595729569 3.7395927393443276 0.8968742467353156 
0.8666800746875206 1.1450420970270245 0.9424136331584166 
0.872609386402106 1.506181864981819 0.9198419629097617 
0.7079409539261217 5.202892338417459 0.9082616369880601 
0.7410589647317469 3.639357069167415 0.9358351794617593 
0.8607769473239903 1.9940803125333624 0.929080534707485 
0.765112821624254 4.5866085746393335 0.918471237068612 
0.7592365168326893 3.5418532484608702 0.9341594742815319 
0.8562568937088164 2.070891553581246 0.9058503595156381 
0.717895757105052 5.1585574816719015 0.9128755249452162 
0.7653666499566705 4.1714076363001125 0.9285505696539699 
0.8132322452433389 3.6870240759501756 0.9184840869453302 
0.8015789116325313 4.030754586075186 0.8772291038440065 
0.7456395436642089 5.00081928023837 0.8906860199054302 
0.7404640716048914 5.138366242806027 0.879928933664724 
0.8137795215830986 3.83550589646052 0.8842623509175402 
0.8296171883694505 3.195390406944139 0.9046098974201321 
0.8030984160166773 3.968711232426701 0.8903943140477701 
0.854428907288884 2.2726537705393834 0.9112015075090648 
0.8384460457277273 2.93695194346855 0.9188420746090962 
0.7913110757566872 3.460176613727276 0.9266082539171151 
0.8318180304841799 1.7727630585591536 0.940173774422976 
0.870888234490551 1.189257676207879 0.9393963805637474 
0.7044609761898315 5.187949533896426 0.910026854999317 
0.7787165314952349 4.952523167813169 0.894976412551153 
0.7974149935910733 4.49704163325052 0.917545641084989 
0.8719736299812035 1.6647273109815923 0.9139098104309109 
0.8306326954685127 2.2047286184982147 0.9399507550883788 
0.8353049048208788 2.9799133396845985 0.9184638673495711 
0.8735398995860609 1.5636297970733057 0.915879165700163 
0.8500834402814152 2.1833879535307235 0.9164093774840768 
0.8253388929056942 3.53413676665755 0.9080374087203066 
0.8537737968288185 2.1299098699509105 0.9216150389797338 
0.7354895111486315 5.2652397241851565 0.9029520502653242 
0.8703803307736763 1.53685308717438 0.9337699110411521 
0.7586954910428576 3.1210744979591496 0.9369576111385873 
0.7956172540822349 3.0124912515576443 0.9370465580838244 
0.8370800357476202 1.7639262599140766 0.9406019027132533 
0.706647238312091 5.472441350447762 0.8982521615879202 
0.8271851521245737 2.4417424906207548 0.9316454957602934 
0.8179647251653013 2.4451946601192582 0.943575333983411 
0.7667578276659683 4.698925305556016 0.8952420121026348 
0.7199553155870546 3.7954915281809782 0.9298857323529968 
0.7301789625321007 4.822100767827542 0.9138781342746157 
0.7801940610449656 3.5445222168912704 0.9303491036603841 
0.8109414095239296 3.5096277967898937 0.925169030130909 
0.8858678708531207 1.210283056694399 0.9390372417477634 
0.7452267897704984 3.6997887827015767 0.9301684994878464 
0.8222885125260136 3.3628500331975895 0.9274512575473924 
0.7559843139354827 4.660495872077352 0.9184088598614061 
0.7300912636298886 4.986265449721698 0.9152891573878574 
0.7826382479035575 2.953470524814728 0.939720600672841 
0.8778085329619305 1.0894926842975747 0.941082152160163 
0.8249673332541745 2.349071569478636 0.9455359810116002 
0.8305235136754601 3.188825474722136 0.9051830617924951 
0.857505260301612 1.902816346114201 0.9324639358402609 
0.7686686685145259 3.145189412465019 0.9363577354220561 
0.7288009385352494 5.084212631819881 0.9127926441121774 
0.7552434134459026 4.486453479230685 0.9216701559793017 
0.8134255086551138 3.8021742742034776 0.9178245389672853 
0.7199553155870546 3.7954915281809782 0.9298857323529968 
0.8708723735794823 1.567395441749405 0.9182217798424441 
0.7809879411871758 3.9346341341085433 0.9290105769374066 
0.791014548421075 3.813297685546117 0.9217362277170762 
0.8493071005087418 2.380268566051493 0.9090475221265313 
0.8333411735403375 2.8139187052798973 0.9202044965308646 
0.8603070328375441 1.3035952856372501 0.9384067178627756 
0.7908245671139916 3.6748157017652017 0.929269000984185 
0.8079114032533138 2.9466942188612464 0.9361347779631655 
0.8778085329619305 1.1236138330176986 0.9401623353208158 
0.8338915803440808 2.706083700367798 0.9279923619091649 
0.8717916298779782 2.0496607952945904 0.9109806663387104 
0.7256318834399902 5.423507919450164 0.9041700423102919 
0.8333411735403375 2.7994230058252954 0.92063500961089 
0.7820044933932565 3.197813584036581 0.934907480712412 
0.8709162453433216 1.1397163825523584 0.9441350629542312 
0.8736027656443114 1.55847091941387 0.9189893887571705 
0.7418766478991912 4.808919171975784 0.9117009777123422 
0.8316663917749225 3.0563277654637466 0.9076497005255043 
0.7411593009647337 3.7271106812911343 0.9315278623898657 
0.8565607575418821 1.8083841552218751 0.9328251423385217 
0.8370118292224891 2.4374963216325654 0.9376886453883714 
0.8445937187090022 2.5120902281754396 0.9213632777593599 
0.7715689460807865 4.28621616031259 0.9213430993237225 
0.8105113937773066 2.774680749866228 0.9411677587359899 
