0.7094154304720764 5.80679111120608 0.9125302726686946 
0.8490666716323443 2.2144804997147087 0.9220784024989264 
0.7800453843219752 4.710851868609997 0.9110545878484976 
0.7618129220906726 4.728569306524629 0.9149419542033612 
0.7206483244919093 6.149389322308431 0.8958142526828514 
0.8486312287063589 1.9205004582657121 0.9332471216452315 
0.777653961119704 4.660006421081416 0.9156087018515643 
0.8293144938631536 2.203004395580932 0.9488564155278739 
0.8051543850754858 2.717346923425894 0.945049953599109 
0.744548908709498 4.324458758470264 0.9320434467422597 
0.7563042791620751 3.5630682623852072 0.9376854685961753 
0.8072627449418002 3.693744253332928 0.9261494561461927 
0.8411989305324442 1.9792235044876645 0.9537135497721636 
0.7283538658090365 5.139510563980565 0.9203731689228097 
0.7895631809580981 2.209916977720349 0.9473874910510613 
0.8429505158707618 2.670780765948412 0.9272877120025013 
0.7596893963755575 5.279635102925516 0.9017859441080349 
0.7008023058374752 5.861326279101317 0.8966658501669037 
0.7725982119921777 3.5278621733935522 0.9344025645602843 
0.8329822327985501 2.881647434901516 0.9104502038822776 
0.7168067440018736 3.672816417173637 0.9365970503357031 
0.8035527030646961 3.7121498795223387 0.9012148838329339 
0.7385452801191601 4.783713345409465 0.9238526918322336 
0.7420306792836247 5.743337089262711 0.8934978428750467 
0.8464351125531814 2.612258541044231 0.9135606500440238 
0.7253837535913049 5.734321186350014 0.9037007779297622 
0.7981668118539305 3.2084624132149173 0.9353831986339903 
0.838688965034885 2.931400503453129 0.9085124105420849 
0.7426447900353865 5.227391317898102 0.9157161114132207 
0.766499827479885 2.7977819493252736 0.9452892928898872 
0.8578698501195087 1.8181118061925867 0.9467059420141787 
0.8241879926478324 3.1451924223239707 0.9258910351960852 
0.7211549665981725 5.4803930346743 0.913539508170938 
0.8153919169125915 3.483833185962552 0.9122697123511818 
0.7455007000250354 3.0134588186637563 0.9410223738183447 
0.8301783384285429 2.8204974422391103 0.9348205618369746 
0.7688331151127289 5.022026816798391 0.8892403759136087 
0.7030238895949749 6.20723957791027 0.8895966015343713 
0.7762294397526488 4.198896612416228 0.9231554344572417 
0.7078436838974858 5.833422526374961 0.9007883434212421 
0.7641239416220597 4.553666538195014 0.9228734358921431 
0.7477679079007327 5.560218861085747 0.9082563156192044 
0.7603291321289087 5.172206064711724 0.8968096605511904 
0.7596376920879488 4.18346433763081 0.9341993300536618 
0.8576499631188423 2.1308711934173905 0.9114574571451414 
0.8017437830325622 4.20509590752136 0.9124588098557764 
0.7758226838992157 3.1104459582742257 0.9404254853795571 
0.8408183892565095 2.265792161518133 0.9351449932230748 
0.7509759015052073 5.249050129225516 0.9109182456530068 
0.7980052088893875 3.736198039901895 0.9287924494760471 
0.7739976529595871 4.227533382028849 0.9242300016585954 
0.8395352962245983 2.8399811503414796 0.9179459784984821 
0.7650253843129909 3.3091454631569523 0.9388411503565911 
0.8429596932252191 2.137103764013285 0.9336752621016638 
0.8435951570844552 2.7317602083516435 0.9140326681502933 
0.76110532312471 4.273216927778588 0.9249389941171449 
0.7267990780991094 5.3930798292704925 0.9090789349078938 
0.8459244900490055 2.0715349399490806 0.9294213710693315 
0.8597718721221524 2.0805665887825335 0.9158822635494395 
0.8386457843991357 2.047727466790628 0.9486823377916725 
0.844551982530308 1.9768583121389998 0.9435347013609412 
0.8586353017670009 2.0965234928891188 0.9256003949881112 
0.7641176840280353 5.086121742831568 0.912082786513685 
0.8428196372455452 1.7912095676298165 0.9522849824230015 
0.7987315747832954 3.19551140470528 0.9384451923827273 
0.7700852811177287 3.7380454266181475 0.935442567504652 
0.7236676740640215 5.805358467800684 0.8940166053596063 
0.8362488759725262 2.867541109707444 0.9089360714033695 
0.7841404991810996 3.2557996270298792 0.9391774073209591 
0.8295083147167766 3.4676181043675096 0.9163983382987427 
0.7307173330324584 5.351823621630276 0.9174765202234918 
0.8045154822499903 2.3391572263670053 0.9460995233976498 
0.8230067543737272 2.987419020802567 0.9339980418879682 
0.7774194503964148 2.857168826149762 0.9434777701543989 
0.7898544980960651 4.477937028463493 0.9204788581729303 
0.8471900272928605 2.447630292907047 0.9260229732325274 
0.7640274749668993 3.772598538890154 0.930714142705657 
0.7296999225131071 5.0661399631366955 0.9192910031493712 
0.8296789614217855 3.024680933792008 0.931515061741438 
0.747157811262554 4.6568155156874855 0.9215179958181312 
0.7954185168605157 2.940503422241405 0.9428306627162222 
0.7330590378023646 4.603314514982731 0.9301905479666301 
0.7514055951422616 5.129731218015905 0.9100163140584955 
0.7462245856620539 4.556242476967951 0.9310020167585513 
0.7959038305383965 2.8395277786274282 0.9399317381445313 
0.7757124142064702 4.5257826725570105 0.9177470975287202 
0.8139625571463797 3.03545337931048 0.9390777632953359 
0.7836501960274692 3.1192530066522166 0.9400106291493953 
0.833953744834925 2.7085021232946622 0.9196541878764214 
0.8172206816185597 3.096936992418509 0.9280195071682757 
0.7471443653038479 4.779415770901892 0.9290587744271933 
0.844777521973405 2.643210759825158 0.9107687912524005 
0.796595430362275 3.753878767565401 0.9227871131348587 
0.7751493327301875 3.441707009807542 0.934928929029963 
0.7698235400826647 4.37271639226917 0.9209184279892793 
0.8341635962031587 2.9660486856262875 0.9093147376687968 
0.8301783384285429 2.8204974422391103 0.9348205618369746 
0.8410015517682597 2.840546076928153 0.9090350305527897 
0.8192313683010346 2.487101501061255 0.9436335859574778 
0.8510452200085162 2.0270876196283676 0.9314501379922947 
0.7162206921891102 5.4472020875533795 0.9151876936475121 
0.8451811041993309 2.156912354420045 0.9306846187654645 
0.7830398740739483 3.9227705596544498 0.92879662208573 
0.7636909575992146 3.767566129854363 0.9313998548517735 
0.8384058102423222 2.0143345121149117 0.9529093223850311 
