0.760160436380917 4.741887241896237 0.8638446147488513 
0.8090714142810322 2.925153768682772 0.9218605413867603 
0.7220209645278518 4.962264571110655 0.8618327100547858 
0.809668080186855 3.6570293868458044 0.8829325659332025 
0.8348982972068583 2.8656005358144525 0.9107456331551497 
0.8002522033055244 3.83692096231036 0.8971810813118453 
0.7382721673284178 4.394433237369155 0.8872966337372346 
0.7042731985281969 4.85169144922792 0.8873503982482165 
0.7683736712466953 3.936276622098667 0.9133887899786488 
0.8043954512696149 4.120643541306847 0.8716363138047152 
0.7137084998786221 4.980498207331877 0.8535845434195688 
0.8620492973898267 1.5459754547108426 0.9239166443477558 
0.7517961309583756 3.9517864111747283 0.8974807895892568 
0.8389606094089898 1.629409680725135 0.9335858264696492 
0.7741216418678362 4.144143269017977 0.8888742581441649 
0.7197665804484963 4.814028365366056 0.8671141482123497 
0.7918377382645472 4.066157807391617 0.8816532866062246 
0.8704220804553056 1.063062279604819 0.9328434176344734 
0.7423538192422863 4.954968595432645 0.8579841978067032 
0.8715145180642323 1.0555842755444005 0.917361510358828 
0.7815748636947756 3.7473105178274384 0.9039878224132807 
0.707438523944758 5.041749287158773 0.8530170389865098 
0.7670482375073533 3.157022632277168 0.9218349751816405 
0.7623828400593755 4.419432614958278 0.8807262610670383 
0.7762800960343395 3.1372037312607937 0.9191336306850866 
0.7080890143854649 4.755759989317456 0.8715274315118553 
0.8429717593305464 2.4514545015954603 0.9251977499423935 
0.8127343455475091 3.4754192062600224 0.8925297029792197 
0.7405709378983679 4.610053742228809 0.878514566888241 
0.8587458254773874 2.1709897664676547 0.9108830001662329 
0.8245453764594832 3.4650417534443383 0.9150594047422078 
0.7832451116333764 4.660238392708374 0.8775013284286453 
0.7429004122369851 4.692704677951131 0.8648915599134198 
0.8298914791461025 2.6198313542799867 0.9263920850776075 
0.8476987635165595 1.8082124219382965 0.9335287042995055 
0.870344372055049 1.1291090409290243 0.9311272799380209 
0.8672394285433803 1.2038865250821316 0.9226385363714613 
0.8575562372128935 2.1850933663759338 0.9156600391675738 
0.711530620449534 5.021468954123489 0.852631232265935 
0.7915620044560993 4.074986026952008 0.8735919232846838 
0.7823573421935157 4.12783683155401 0.8880840012906633 
0.7516115636168431 4.038863032127305 0.8931393512337986 
0.8262162763390042 3.1423275340354486 0.9008079024430279 
0.7438390279315061 4.767424009441805 0.8617980396914259 
0.8508063014340874 2.713968915447676 0.9113188252193947 
0.7952654065121467 4.062444679600151 0.8740593708737693 
0.8305065002310581 2.816587195086197 0.9248414682948735 
0.76847736724017 3.7065581553243296 0.9104558419983128 
0.8618639652692673 1.8965340101771764 0.9219053445438459 
0.776542994723997 2.9788195719093884 0.9185513066033406 
0.8073042513937951 3.7046741619212233 0.8952584798633476 
0.8091803948649587 4.03266283605687 0.8812629041437267 
0.8125175652784067 3.4918614861323563 0.9010633461846006 
0.7377464878244002 4.439672329903128 0.8854479557155208 
0.7246681951416772 4.786777112011135 0.8629039346559624 
0.7383400626713283 4.588976348895619 0.8797538802671686 
0.7099336705848174 5.078485609494159 0.8529986707748114 
0.7408400046276802 4.743451008873014 0.8635769895675954 
0.7585666661303673 4.493542620712219 0.8811612267371308 
0.8327944846466354 2.5791689894196645 0.9281359380930313 
0.7953063093519719 3.739236111184801 0.9033470825367662 
0.8715145180642323 1.1972692372770188 0.917182599598576 
0.7118925854761924 5.021192476766726 0.8531785645323902 
0.8533683839889725 1.9877963551212887 0.9246277768930614 
0.8563998208378294 2.185872934831237 0.9152144672064354 
0.8574493677994901 1.4538084264292312 0.9378655474875404 
0.7419137569025989 4.69792852959382 0.8713589501484242 
0.7911110282908821 4.292188657266646 0.887651011381777 
0.8255116207434515 2.9372017494613503 0.9020473195991169 
0.774766728502771 4.6095578785554485 0.8779980241346467 
0.7406145102864838 4.227579501977505 0.8893470572629626 
0.8722668018642623 1.0286115265281455 0.9260034391400201 
0.8130447010050281 3.9162786853042793 0.8808285104609334 
0.7909567514765322 3.8689470651212607 0.9003489869356958 
0.7517954073587896 4.079321803616258 0.8923061057968996 
0.8101778549834655 2.8251760128185506 0.9228491287623458 
0.7979797422547115 3.618571035717008 0.9130793955764098 
0.8478421745375322 1.6516072513731892 0.9334367418912645 
0.8693575874536432 1.2361014650852247 0.9171160230048613 
0.7514828914657661 4.43157074599605 0.8828108222232061 
0.7998012303011018 2.9457226968266257 0.9192830352637049 
0.8066966898540491 3.5205245325504895 0.8958826954407936 
0.8250742543523091 3.250284292885279 0.9124100724320416 
0.8610250447186817 1.7650401381644913 0.9252967120281949 
0.8520732896493597 2.012676282849063 0.9314270850481667 
0.805811506466587 3.9685063635532747 0.8842818267043007 
0.7501349795492321 4.169147094319982 0.8939936193633262 
0.8532613835495069 2.2711043659164987 0.9145221186308586 
0.8707157043663456 1.1073194745533341 0.9303610486120198 
0.8062441857344763 3.5651306349211738 0.8992965221907177 
0.7999101814924805 3.88363610121783 0.8986182748659675 
0.8693576149921151 1.2262187056993232 0.9171949021224025 
0.8531561955110809 1.9242131075564575 0.9260877597029643 
0.8337193894158957 2.890068778450152 0.9072272115113725 
0.8716431886640567 1.0360250700287115 0.9317794120543917 
0.7448667915056659 4.040996320992195 0.8950863160073647 
0.8409226348181753 2.5484457358862205 0.9163318081048877 
0.8563998208378294 2.2258988730449762 0.9150826375857476 
0.8715145180642323 1.0772994493212447 0.9173190826730131 
0.8714567561349574 1.1994094870347256 0.9257073327945239 
0.8566025135453927 2.609559325978173 0.9139848119673859 
0.796080383146635 3.9879903247468595 0.8969600611542967 
0.8650925093408293 1.5330727573218064 0.9266187471889241 
0.8516883042828093 2.1110163697070834 0.924949517239376 
0.8563759806588354 2.6660375315844833 0.9129794947156951 
