0.7545055651055228 4.164043198100968 0.9251322113316718 
0.7024538494999917 5.157963247272217 0.9126509228590538 
0.813088246673641 4.187965250879061 0.8858596505737246 
0.7241284401632416 4.847802685068845 0.9145360177873376 
0.7686663312937008 4.6531527605648275 0.8747999176391457 
0.8382717844357798 2.4873873885306557 0.9297623308407766 
0.7342873395103753 3.878373055113218 0.9315211723435977 
0.7933399819031894 3.4607732201492216 0.939516372105145 
0.7883461933668444 4.022035741445998 0.8867910896269753 
0.7884414257348329 2.3912114411588345 0.9401027062445014 
0.7841780739306975 4.280031909290916 0.8792868285850183 
0.8478842490700625 2.2804323125507366 0.9140460727439169 
0.8335322724227701 1.7910787916272868 0.9345917000771363 
0.7185719635019311 5.428533471805706 0.904414469738352 
0.7977236912017049 3.830677035981463 0.9005544117817662 
0.8650935996615092 1.7917428852382145 0.9327072053715733 
0.7894503200334044 3.8947767435900684 0.9125125553864533 
0.7678257334562621 3.6143388287277634 0.9372339525811886 
0.7051205122429949 5.6108823879395135 0.8966547300345253 
0.7445350838352416 4.887270912009046 0.90657203992694 
0.7986866967279739 4.396179496272019 0.8715968460280122 
0.829987933993468 3.1309422374513027 0.9294232837621642 
0.7625973003978306 4.5320391378016005 0.907620069717219 
0.7336349737629798 5.1510326331388026 0.8963460451245626 
0.8209965266465499 3.720290023679191 0.8904448607302932 
0.7746387729375099 4.517180360695247 0.90248861914624 
0.7516923899829087 4.5978019670175545 0.9186731679108592 
0.7305022429566409 5.264897544760731 0.885526762797618 
0.8331421823415437 2.6305832502645945 0.9112882084877355 
0.8258916464651123 2.3744442049026784 0.9379876628861689 
0.7107793378164671 6.011610266725904 0.8635767042828197 
0.8027202063933953 3.5589304469632372 0.9270502985572052 
0.8220673287500074 3.4918327501523927 0.8971323545985399 
0.722954102195122 4.269196048650717 0.9234935885795128 
0.8094110434987749 3.5242779916791687 0.9079169902581032 
0.7116733109616978 5.493535373768791 0.8848609629575557 
0.7252857495613352 5.281127224127127 0.8925458592875738 
0.8398845935821472 3.4354095728229352 0.8923326119067043 
0.7745546119409241 4.630297118451087 0.8889487588237326 
0.7553503311514731 5.102582861332468 0.8953871434348324 
0.7168884686950334 4.942517400306933 0.9126187528728922 
0.7331843723908684 4.695199762279005 0.9146768231116343 
0.8528276612031409 2.612839850816735 0.9017009231676436 
0.7987769039421051 3.8294166963982774 0.8901068772629288 
0.7188332153513712 4.641718864798845 0.921333775182548 
0.7221261724993546 5.180944815307398 0.90822651468473 
0.7244430081225746 5.121994495468182 0.8969124494388607 
0.7227333880870916 5.252955109373153 0.8975355702110126 
0.751200776526108 4.874285140112586 0.9098578149003268 
0.855527789572051 1.8983904641427478 0.9251824333280082 
0.7913724463220396 3.8584555555641207 0.895657599951433 
0.7278881459262865 5.319002149563889 0.8901428986910085 
0.7590896539142914 3.878194183247482 0.9323628799352464 
0.7116733109616978 5.627619618233887 0.8846703473575782 
0.7344643628265349 4.23777465979454 0.9312975227832704 
0.749028436620684 5.020664890237111 0.9023891395886565 
0.8482023700670329 2.3117102860906296 0.9090330847906843 
0.7689731278754077 4.954972539830647 0.8736174484829485 
0.8411302867280813 2.224938997580665 0.9194603716280983 
0.8292553383894994 3.487382124150411 0.8891263465717605 
0.8193837425011388 2.3855222906333613 0.9310875521890518 
0.7880917060258845 4.219602650968689 0.8934859994101425 
0.8307089828612166 2.0974829279079947 0.9367237146478853 
0.7775878515531021 4.3377130940309785 0.909627205520833 
0.7702155287824005 4.510911392291424 0.9099635737116505 
0.816161052275606 3.617102907395672 0.8968764674511115 
0.8166654102968344 2.721701824273256 0.9311285367379916 
0.7857298256293627 3.6345893990433487 0.9339653000447603 
0.7896358971817586 4.373814172784836 0.876762528079153 
0.778170752868008 4.062250940745888 0.9264085624939105 
0.7037809593680835 5.0562936659968845 0.9136200610066272 
0.7861886302476867 4.099478451340982 0.8938842347482303 
0.8664452199138953 1.8477160857631612 0.9262450156602188 
0.7210843307902148 5.404608116136152 0.8812800950214477 
0.8210660401426986 2.075224774816458 0.9384734467599596 
0.7660255281770063 4.604248018113452 0.9065415120221206 
0.734529711256962 4.971794400011904 0.9121516841460495 
0.7567462172623338 3.8322858134899893 0.9328229455170903 
0.8322178124173543 3.486772858309038 0.9290386417363478 
0.798125931786676 3.8636967624781913 0.8939927840857238 
0.8383921747817693 2.2315448599018017 0.92403577632723 
0.7774962882746915 4.485274183511073 0.9227316989192869 
0.8492207649843544 2.216852660601003 0.9121677145044262 
0.8393119117612481 1.9843177965865813 0.9337493814518023 
0.7758374730726403 4.553423263788438 0.8751805063760912 
0.8511356268398341 2.8213722934786385 0.9009941765163896 
0.7545055651055228 3.925526025749665 0.9266592512491798 
0.7290253563267821 5.077666919716804 0.9009427996931048 
0.8100898442588249 4.034779361529468 0.8863348285325288 
0.804524982841924 3.787973737209437 0.9247510326942919 
0.8004995017530435 3.811877125345154 0.8939338413735446 
0.8272868584146074 2.7151530781913062 0.9301947401854503 
0.8509862329686128 2.1699696060666933 0.9284678294626407 
0.8134936295235708 2.6446299325319136 0.9391775405315231 
0.8404277995171898 2.5061545217348584 0.9122924107686321 
0.7848407819587956 4.182831826898584 0.8938372230532404 
0.8498799983810612 1.6742983292228613 0.9331640625579564 
0.7860902821186675 4.034985303394706 0.9225970789706338 
0.775864505477688 4.549657736855473 0.8752379987419693 
0.7979041696966669 4.009163475625729 0.8911004183963579 
0.7840482116887961 3.9534875687874473 0.9226929243729408 
0.7894650772857481 4.431538245599108 0.8787671103031641 
0.7874277167340881 3.9142566075497602 0.8950982457265244 
0.8433374978559393 2.788103681079275 0.9102321955761264 
0.746404513603628 4.848036869320403 0.8806255418157288 
