0.7755662457303502 3.530227624476697 0.9332293233849407 
0.7160783202509882 4.732849720335183 0.8938167316849265 
0.8200436106899208 1.92650229637047 0.9485004383954697 
0.8289041141572907 2.870157111189826 0.9232966702303407 
0.7813177197785344 2.282653731091023 0.944488257238013 
0.8031828090930136 3.4565134614691435 0.9257758538171859 
0.8186529116724129 3.187610385901206 0.9099138471611258 
0.7368067203076663 4.372327335089406 0.9179331182201514 
0.8549712138108991 1.9212015884787403 0.9314959661869974 
0.842907545628558 2.499319102605177 0.9163331657811604 
0.7719551711275316 4.069708743926084 0.9140332678540696 
0.7798565018710122 4.20778799084421 0.880516412546092 
0.865636157791766 1.85664974407545 0.9204593251684017 
0.72518381362658 4.974255631867777 0.8895087449021976 
0.7034010520051249 4.831697867303219 0.8958769369641683 
0.804015013502283 3.7080809085837356 0.9096772815509547 
0.8380378446656727 2.047452688196518 0.9394139420837432 
0.7686277416908872 4.158939862362228 0.8862052462719853 
0.8189205868620991 2.319852942313037 0.928596460741204 
0.7379655955153198 4.601449307659094 0.9049480559311984 
0.7840564376447436 3.6184187272252535 0.9165481731819701 
0.7524170340444124 4.093344931892703 0.9157125374756157 
0.8768123876817916 1.5275482400879534 0.9298966212586282 
0.7379539969655885 3.4772433504489473 0.933816293338347 
0.7532262481155749 3.600705919664583 0.9281597759662018 
0.8409106277503333 2.724226496037875 0.9144464715726438 
0.8006622381484697 2.3887514417030897 0.9422433849788702 
0.8590151082816871 1.579677372236539 0.9407012740483596 
0.7379655629732932 4.400457416107259 0.906787090955043 
0.8027442455550512 3.061385731534813 0.9349624112301897 
0.7811136151330291 4.02149019710524 0.8910029066276807 
0.7878316353670642 3.0232091431909356 0.9386879118347861 
0.7431088824306065 4.0412090133020975 0.9255188426281691 
0.7883463443260037 3.8090443046193303 0.8994070955210197 
0.7638390851812515 4.310854712059717 0.8723894219874779 
0.8337179282525025 1.648922213286399 0.9460915248998891 
0.7501752366045149 4.726127439921666 0.9024652908794903 
0.7978873926019283 3.7267479111360693 0.8998175562580131 
0.7171722238946734 4.850935862932208 0.8921318362052356 
0.763687869443726 4.0139873176682075 0.9172479711298311 
0.8433894831092932 2.290074874502983 0.9252682174174129 
0.7752642831123027 3.9525571510280124 0.8910732553243897 
0.8186529116724129 3.0738822846656677 0.911520395947827 
0.7592130312890158 4.366377085774536 0.9113344231027426 
0.7638693616875534 3.6167739423239165 0.927590274746971 
0.8241138233796937 2.123706322898392 0.9460186710559019 
0.8009211295137061 3.3645726463779293 0.9298189774437233 
0.8660676966521987 1.8000988256719883 0.9203353014251324 
0.7042387214516869 4.772792271935112 0.8958917560656292 
0.8160020792362955 2.154397787284886 0.9463201984656412 
0.7717139457567039 3.5410596551506712 0.9238862368244163 
0.7161034724426164 4.878499201844235 0.8914395495407207 
0.8394878648936316 2.6622534204902264 0.921574967812349 
0.8441439967732677 2.0514863133116292 0.9250240010339572 
0.7904862036565536 3.1330465549946105 0.937089174524367 
0.8044541919409969 3.4884701186183937 0.902826376480974 
0.8444598962219241 1.6541834490605936 0.9426311826127427 
0.775679559103755 3.116675459566971 0.9381492409720458 
0.8774787698220231 1.5346370916336591 0.9242178526833238 
0.8360031220168473 2.1594133951245116 0.930259899842751 
0.8182410507983119 3.2560573923986307 0.9328923189944732 
0.7373514930647644 4.249749428068177 0.9140200221743009 
0.8167330238819176 2.2443485133134966 0.9372331946849917 
0.8457907871513459 2.662256620394862 0.9149789354175506 
0.751614407418109 3.753024082839591 0.9254148022678111 
0.7965641672001964 2.9427831427300086 0.9394007002307438 
0.8301040840570723 2.9789406650635186 0.9040516034972694 
0.8432838650988944 2.4224929994729942 0.924381344160415 
0.7940115237105053 2.2257286850701985 0.944995026322589 
0.8188886080687425 2.9905779019985044 0.9199171342243708 
0.8253444747988283 2.0199737898724006 0.9459932850944213 
0.7826808028330167 3.325083538640972 0.937948812021135 
0.792450751798609 3.712825098565915 0.9057376064540693 
0.8599789188464366 1.505635058672738 0.9326260808395235 
0.7360172185990723 4.094747573474451 0.9183383779162497 
0.8120952429755444 2.8642394406781886 0.940784659994791 
0.8656641852328575 2.084767085495241 0.9196091616738661 
0.8339388920164663 2.2674192919572755 0.9339046606256186 
0.7926209322005153 2.349059092415345 0.9426426664066493 
0.8755745308571795 1.7927447215713004 0.9323192014918569 
0.774609164174201 4.081302805647484 0.8905904103887143 
0.8755745321350101 1.7610658194609683 0.9320390026605444 
0.783478918295901 3.9256952072203046 0.8948946958245357 
0.7160783260193162 4.851444324708784 0.8932928347974042 
0.8075793705843186 3.40807042524912 0.9096428017224619 
0.8762755085117943 1.588858094679161 0.9297247103568531 
0.811433938023849 2.2545890695137563 0.9449513915750862 
0.8534763041662735 1.5979434710986848 0.9366654762608897 
0.7626164011169445 3.970218445085522 0.9191928646029524 
0.8089229262877927 3.3550034421804673 0.909532347436896 
0.850915168026853 2.1905171149250915 0.9144373780848386 
0.762487507125791 3.89040769063558 0.9253131917168907 
0.8536901459887162 2.039657825248796 0.9262274683394154 
0.831625457217783 2.1540958434245345 0.9436719829414881 
0.805660500281459 2.931059626782696 0.9406609604942692 
0.7908551821482032 3.1526855043570206 0.9343675005666634 
0.8359142951477078 2.847983326117524 0.9196770836304785 
0.862949388957067 1.8501226666169335 0.9304469783266621 
0.788202271343382 2.4209799156119343 0.9417259054438631 
0.8370358829544454 1.7456705740039153 0.9431873585429007 
0.8456677551253678 2.4141059411668127 0.9242555317185133 
0.7885773522297268 3.5256800236956014 0.9257470212143031 
0.8205034078341222 2.994485273301848 0.9162739022875548 
0.7994143771522964 3.2114622394153196 0.9333599165770216 
0.8399319306926645 2.5541131771280834 0.9228657057593034 
