0.7553217275718358 4.971786720221543 0.9013111267943157 
0.8083243076769041 3.8301824325549862 0.9207654704461739 
0.8559498507780915 2.212668947296182 0.9282653154603727 
0.7283960827621876 4.05542304508398 0.93399923050554 
0.7864764640709307 3.9218068245647206 0.9314434038587491 
0.7839781737698035 4.0687258636101475 0.9157737265227407 
0.8466184081229556 1.7446407952566048 0.9474584464475063 
0.7705226654298417 2.9273759949156926 0.9443226159328592 
0.7380818284893371 4.90179606016982 0.9100132960586611 
0.8153121097982032 3.354275836406458 0.9000580506914475 
0.817326185072516 3.2774771988455496 0.9185079573642779 
0.8337938962804805 3.131723696015253 0.9072575132859667 
0.8863956284667333 1.1107060838248957 0.9393749128973189 
0.8778003897643609 1.9483745869799955 0.9162030047078836 
0.8826648598203847 1.0493395785686586 0.9436409580417944 
0.8426772951157822 2.8130241378936107 0.9200429101908006 
0.7178195259998505 5.002701728264324 0.9106201352899154 
0.8337938962804805 3.213076641265774 0.9070749538818369 
0.7498894031826844 4.188425692528637 0.922472751439486 
0.8080949983175427 3.3711284213185673 0.932118376355785 
0.76444115384756 4.446032225889558 0.9068505982903938 
0.7889682272047349 3.7315290392283176 0.9433431436420036 
0.8294621483566071 2.9271402121386805 0.9159602008859541 
0.8742033310766366 1.8510624536245104 0.9180550979016343 
0.7593981385982174 4.006899183323129 0.9362022725159029 
0.847476732504101 2.7045155357034494 0.9128815677119316 
0.8121920211598352 2.4218569419882 0.9447219399344815 
0.8603454113821118 2.631792413403444 0.9053252367107468 
0.741752932129159 4.644629752462412 0.9247907544800056 
0.8248309453063997 3.323785894608899 0.8986515117320675 
0.8071966269333728 2.893409627661659 0.9379471529790855 
0.712029960329428 5.332794640759269 0.8959335045017314 
0.7513356986661766 4.86111606494738 0.9123458319291721 
0.773722391578241 4.2679221521973885 0.9105038240159715 
0.7614657919064415 4.476331303890605 0.9176784335248617 
0.8424850518309612 2.3541220643852228 0.9393788645855746 
0.720727857607741 4.465833933643023 0.9270486171908451 
0.8734058502302149 1.992787671868614 0.9238496620449954 
0.876371826768174 1.8033909212565304 0.9314113586472889 
0.7782531929621849 4.232743899270811 0.9191735297261375 
0.7344953180917229 5.06385760431286 0.8974000977905661 
0.8759335452877541 1.5849230478134608 0.9356090808065999 
0.7445664011989672 4.915109928339757 0.9056089295463708 
0.8541609831609331 1.553970543019636 0.9471191173202097 
0.8680657810936203 2.04205867384138 0.9459683419939445 
0.7670119296790805 3.92184432440153 0.935318251181305 
0.8082228574723522 2.8343553483521 0.9432697048488355 
0.8558775443979292 2.6470617783168744 0.9037701036727025 
0.8706804302603399 2.5617448596104415 0.916005785337604 
0.8274368826837573 3.180648778490845 0.9180276763120254 
0.8540610552448755 2.1319152722103527 0.9441160388665492 
0.7872066442541596 3.949167305591891 0.9234075163308474 
0.8265984667912791 3.2421330086893723 0.9161162386955446 
0.7912512426671522 3.951271321327503 0.9178506463599618 
0.773722391578241 4.2781139524735 0.9090005382226054 
0.7959953953785005 3.3641685032696613 0.9349507365978244 
0.7955412834427102 3.4202896192680226 0.9320106048075698 
0.7875377553409804 4.009413941333238 0.9192572828522562 
0.871206254547686 1.191415109259491 0.9386337016800651 
0.8739789353091865 1.8837115868672114 0.9225696391614341 
0.8476123386217836 2.259117535003839 0.9335817515273258 
0.7421827059522226 4.396678245706424 0.9290607361514818 
0.7593513227829829 4.604803748888087 0.9156202918121522 
0.8310352305608497 2.1475683749739614 0.9490979791293022 
0.7652406553263869 4.051864681244106 0.9261556338918367 
0.876105801584117 1.826575498318819 0.9251893760380575 
0.8520758559300309 2.549209015385274 0.9252209946706742 
0.797942229214527 3.5205368720613923 0.9212671550683499 
0.8413387673416463 2.592928964921749 0.9247807829229436 
0.8251270155952571 2.293795903536148 0.9461962042325085 
0.8680657810936203 2.08622122491724 0.9440773045363525 
0.8588428919649589 2.4324556911487454 0.9165267939855287 
0.8144165762556974 3.2634094762274213 0.9351204054738447 
0.7628832608016555 3.9602107260602635 0.9385748751406614 
0.7950114181466149 3.6007259164155117 0.9294975082869888 
0.8878764863062433 1.1988114605976468 0.9364380904667554 
0.8545830468095462 1.4955232526056694 0.95177213066132 
0.7739112034863953 4.2625972862599335 0.917549665767563 
0.7930122505275863 3.2638262414574397 0.9376214002770527 
0.8261409505479513 3.221221719331641 0.919175653404484 
0.8759335452877541 1.5905007004936733 0.9338563733821109 
0.8454217881710647 2.230095455884744 0.934036654375676 
0.7748981402751318 3.9572524075990514 0.9307930939513376 
0.8427972000254393 2.304627822729917 0.9309752785697782 
0.7690838208982114 4.106487960087359 0.922029607731213 
0.8525161212042712 2.429759583073095 0.9267398734484538 
0.8226613884010365 3.2648147288406077 0.9290206764291176 
0.8094057910405636 2.3726835702251976 0.9479844737716309 
0.8719823847578831 1.8975601583619142 0.9272082987349008 
0.7915536436118404 3.3868029112807996 0.9394904095777248 
0.8017709221265614 3.2003766290555196 0.9388106332722402 
0.8563135498528741 2.1743475414871827 0.9397284121524492 
0.7687782458828353 3.8749170691924273 0.9388489928066912 
0.8557116251884138 1.491630949355679 0.9479800522481924 
0.7927646465903729 3.911302322097161 0.9239924286606691 
0.8459141929049859 2.778803850684366 0.9224925031531302 
0.8803066942220341 1.4102685703336657 0.9378341476722301 
0.7728104080613419 4.417859052001182 0.92152852424145 
0.8307986614804608 2.268795234737344 0.9505845240974606 
0.798075958127801 3.4040495625117466 0.9332681357555656 
0.8827117970247874 1.1017998151602184 0.9410245868741094 
0.8077422275275741 2.886242774445094 0.9407996883572747 
0.8827632097919629 1.4490818974084896 0.9345793334060558 
0.8441311065167699 1.6672215778113124 0.950580228278946 
0.790926374472037 3.32765512665078 0.9394905737381057 
