-0.21822164891576734 0.3677957074883336 0.699981362121032 
-0.13924592691162752 0.27786993945967403 0.6999818995006132 
-0.5052816920521774 0.6999993863227142 0.635478515231759 
-0.01324679347393709 0.6952235520931157 0.6999629632678847 
-0.15004756876255598 0.6980445056583215 0.6991344346743286 
-0.2916772426991914 0.6970193780798681 0.6994806318593256 
-0.47920734861676184 0.5806814603598883 0.6999724006216033 
-0.018001805135553717 0.6999921811260227 0.6837786766711248 
0.04357341555898042 0.6320046230150075 0.6991066493511132 
0.017896102188029395 0.6998062268289036 0.698424303795166 
0.0034255362431777625 0.53308837786908 0.6999780107086934 
0.006833701100216971 0.6998167119071772 0.6927905757105297 
-0.35103709341593703 0.6999956374822444 0.6116052998307099 
-0.0058581636611805266 0.6855795524790309 0.6985615556626602 
-0.07119556852886166 0.6999487163731452 0.6924946171438395 
0.037193808647916105 0.6837279494172814 0.6999506274899626 
-0.5133314656195549 0.699995937916917 0.6062584406937854 
-0.09746557477420392 0.6893509795482834 0.6996896058059089 
-0.059374010606420446 0.6949669148602825 0.69879985868769 
-0.016154571654683147 0.689511263275741 0.6987571466069882 
-0.03524499597338471 0.686460992929453 0.6994243257991744 
-0.3432409025596097 0.697370121612793 0.6991024412188565 
-0.15722043967986643 0.6999737670710598 0.661604915627377 
-0.09044444105273586 0.6999595629951696 0.6678563652319693 
-0.18148673512822366 0.6999883970417816 0.6577470607304364 
-0.29092955976735246 0.6999902090002288 0.6525177833519888 
-0.2982879619866641 0.6997047185637574 0.6957428773268547 
-0.02007501218932406 0.6990622755045174 0.6930481989597178 
0.008995417034067477 0.6970046997043597 0.690964962249571 
-0.02602988482932811 0.6988149481174261 0.6982917178921351 
-0.021651112945838547 0.6977266370704756 0.6971779598257296 
-0.01686388648328152 0.6986517862673215 0.6942061427586089 
-0.01626145514621724 0.69372931340955 0.6978177998210457 
-0.014434542140348672 0.6869715615336003 0.6978183651942906 
-0.022019207406108965 0.6986547834745932 0.6938048993529676 
-0.3494108461913288 0.6994469438746372 0.6961097424305466 
0.016339468674127056 0.6968917870366186 0.6977615278295558 
-0.022330141620227062 0.6991499709698267 0.6957449805591537 
0.005268020813165464 0.6986030523460542 0.6922542581921831 
-0.014916030868411756 0.6992528440158358 0.6859705993911338 
-0.06979112871383264 0.699727215214588 0.6902608321140951 
-0.029448174880651656 0.6997249987492957 0.6852086655679541 
-0.029303964832331886 0.6996030779950966 0.6895002294644358 
-0.07829019429933504 0.6998492679948496 0.6869560246729568 
-0.07590391070576441 0.6998683390402741 0.6738237431628222 
-0.08647515986589926 0.6994981780668063 0.692437421615171 
-0.07145884205143171 0.6997824147019168 0.6907665364081238 
-0.08837184288078048 0.6996980368528128 0.6909778914845864 
-0.08546950688116595 0.6998778071572384 0.686935447456567 
0.03029710076281178 0.6719418558821043 0.6996970996363364 
0.03183288487154867 0.6832152071469171 0.6993214855482631 
0.018250891935670532 0.6817938789409116 0.6996094387859897 
0.03095726288277878 0.6337135414156462 0.6998054730634022 
0.016423781429347306 0.6827007660499735 0.6999268429761221 
-0.33447462118904214 0.6709148440858209 0.6999295707282484 
-0.024624528003079016 0.6834392084878887 0.6992699629055759 
-0.06262552163477264 0.6194499247290047 0.6999487101985615 
-0.16019646915493757 0.6999046797146947 0.6439079203814222 
-0.17275788726749397 0.6999486630704601 0.6497696751298855 
-0.16113411328664928 0.699919186142742 0.6448924825646426 
-0.28958474375735066 0.6999146189765907 0.652546692324848 
-0.3233592702628172 0.6999684521475174 0.6252217164463234 
-0.3189775937634154 0.6999535950168176 0.6362392168429444 
-0.833742483238672 0.699982904117478 0.46801194065825946 
-0.5064087107351081 0.6999815615034207 0.5936749005055633 
0.009866752671446322 0.6865956897303792 0.6925978233619469 
0.00526802378243596 0.6952158291701659 0.692287870557016 
0.006892336724089065 0.6865509998721547 0.6956620015469261 
-8.991711295003313E-4 0.6942621026715391 0.6969831345543706 
0.0076763055457890195 0.6873172831577841 0.6927117737730004 
-0.00453957271094918 0.6968295818826176 0.6976828906405923 
0.005060571764856414 0.6914633322864961 0.6924318268013566 
-0.05927464680042327 0.6976500388357135 0.6881592631739152 
-0.05163062361777748 0.6995237555951619 0.6845925086582557 
-0.05744057482241183 0.6972273662548129 0.68588711609668 
-0.05745595130068537 0.6993843634643014 0.686664130801984 
-0.08300086922794647 0.6998326942002187 0.6791838841728717 
-0.14630934729316514 0.6998720643149966 0.6509723436282256 
-0.12655541321227526 0.6998238937738863 0.6834701999679917 
0.020827667898817515 0.6621696489042055 0.6993644693425559 
0.022411393011366854 0.6364480119481248 0.699052339324209 
0.020671701934669384 0.6791617762373353 0.6972466678936793 
0.02041681808876017 0.6780082611115139 0.6979697100533208 
0.03050497630193716 0.676438061170962 0.6988981297027986 
0.031247591602592273 0.6605980717000366 0.696395525368596 
0.02798856583490794 0.5883846156924192 0.6994461738108747 
0.027337732255657277 0.6017616160045015 0.6994552522598366 
0.02541857098111655 0.630766845657627 0.6994468374825171 
1.3663145418918443E-4 0.6544134943702402 0.6997534747140888 
0.014696375753232016 0.6530720464173874 0.699775459378061 
-0.028769568258879774 0.669925778882234 0.6997798408065392 
-0.05044931607977521 0.6205723129715593 0.6998303294768874 
0.01136424327308394 0.6720707925537693 0.6990203398016696 
-0.002305652427216698 0.6789944676333587 0.6986025548864045 
0.014656570700585903 0.6812943335725326 0.6972968779125985 
-0.03660034083840569 0.6817012878524928 0.6981035322881325 
-0.08777186886329025 0.084966772352824 0.699939591739708 
-0.04219923592147068 0.6918853641770031 0.6923118835414687 
-0.10516329190767237 0.6880365347685493 0.6940914895717544 
-0.01824390631632067 0.6907708861044569 0.6849752023245934 
-0.05566405394755014 0.6988268157784283 0.670965417465047 
-0.10561004655068307 0.6997534145762356 0.6646800476186091 
0.01252152667220885 0.5916241951070431 0.6973210277378294 
0.003712586066328849 0.6573177343730429 0.6940233744437376 
-0.09740330294093602 0.6797367347078004 0.6979845720802949 
