-0.056476341923831885 0.6999036987329132 0.6885182222612204 
0.0010303219099820904 0.4564073941138373 0.6942332947011787 
-0.03521098047531601 0.6982697756017734 0.699922054822936 
0.009924093158677816 0.4002966302583607 0.6997451886423234 
-0.02699283303185429 0.6812294830543473 0.6987352642819263 
-0.30657990303217386 0.6877690002125568 0.6999600432982788 
-0.4678487319255451 0.6998568234822813 0.6975210192631505 
-0.4460972339264222 0.3341507664708468 0.6999916036838687 
-0.3219366856051902 0.6998742004645527 0.690059023841953 
-0.01266701424996608 0.6172678588657597 0.6997677411061142 
-0.18761542218585214 0.6696844716051584 0.6999487395868441 
-0.5801244924817344 0.6988225037639136 0.6999567060301872 
-0.018599251970323083 0.6955887404267429 0.6946187426789692 
-0.09854027469966731 0.6994403796030452 0.6968848211918249 
0.02098605071398152 0.2894807285647316 0.69939555093241 
-0.025208152355452373 0.41194359578690704 0.6999881373559612 
8.793435988737608E-4 0.540595464448633 0.6986273764372222 
-0.03419244675629174 0.675876572968919 0.6995802243794387 
-0.6859361591685726 0.6999978030620305 0.6352518884054694 
-0.027453261943519047 0.6963030103861021 0.6964340198040072 
-0.02750920030930515 0.6294918159639734 0.6993921591369563 
-0.0351611554049962 0.6989956937926709 0.6877132958583152 
-0.4505627334034532 0.6996681158954514 0.6959804001367532 
-0.10925232632361803 0.6999918659416843 0.6754007403692437 
-0.018086699232263248 0.6131291892151114 0.6998487091030999 
-0.05956682506826416 0.6984980045100123 0.6990781802403999 
-0.3908071126568944 0.6999296829473332 0.6924250283096166 
-0.032244130349284195 0.6995533846436147 0.6825983042736059 
-0.002809046818712968 0.66583220415294 0.6986195367922862 
-0.0025349876891569423 0.6064466415965005 0.6962230562860463 
-0.009408893507848903 0.6985813694333893 0.6936327193493019 
-0.004484401435423058 0.6778632107107503 0.698025867583418 
0.002556319773392657 0.6299254112449725 0.6935058236788206 
-0.33176437626222666 0.6998605827650218 0.6905167919845199 
-0.02028256146979812 0.6813726683332965 0.6961586589644303 
-0.347370212425423 0.6859528251378135 0.6999680544449645 
-0.07566564994774816 0.6995568243031031 0.6792928564612755 
-0.28659490728163095 0.6995813111668585 0.6788084217678227 
-0.39055101498700484 0.6998852391387143 0.6803944815437185 
-0.25762776441543145 0.6996139860355316 0.6757703037751703 
-0.04539978486022567 0.638160451390851 0.6996266458464263 
-0.5239501129213824 0.6976388069607095 0.6999215078054705 
-0.18528063877353818 0.6894623264407863 0.6993508501940954 
-0.046205071039272516 0.6968571695775866 0.696950270501782 
-0.052568981334094156 0.6892117749559253 0.6972562810221468 
-0.24678230003318768 0.6913410738671598 0.6998207507086351 
-0.2452702634800552 0.6866324292860949 0.699780563168427 
-0.45768943771626813 0.69507413379425 0.6992872915320956 
-0.3474235939001553 0.6924400420904219 0.6996099597363885 
0.00307589995244828 0.3714361864274901 0.6952027159608193 
-0.030505092676339052 0.6789197877665661 0.6969185085183115 
-0.027091517995408543 0.6792338763471258 0.6965564323197655 
-0.3188293754082816 0.6611329525076337 0.6999558592088457 
-0.013876341150774962 0.3919906336483976 0.6997658311361248 
-0.012883621619219188 0.37321392806156684 0.6987768897000285 
-0.21994607996727789 0.633546654466067 0.6997166572005659 
-0.31706113242409506 0.6678365932520702 0.6999401108542307 
-0.33078054782104305 0.698934763025398 0.6967415764572351 
-0.30455356790990584 0.6993101355627828 0.6960698636809383 
-0.26635437803263895 0.6990222609323055 0.6850163214538515 
-0.30112625198255993 0.6988389443298992 0.6915787740300641 
-0.22498894215680343 0.6988789311481436 0.6893134891542726 
0.015007725926267534 0.19245211089972675 0.6987316252163055 
0.009195322103669912 0.2657875156425612 0.6984138855128381 
-0.06415259337788837 0.4031638364268524 0.6999317900074222 
2.2430701978193301E-4 0.5287415899060205 0.6947697539644608 
-0.036860828785201916 0.6309938548153968 0.6986255301195822 
-0.2308716021176076 0.669499896417532 0.6995759063478237 
-0.0592477563235736 0.6574467139560537 0.6993312862919125 
-0.2789642613350878 0.6989077690101825 0.6873615631584771 
-0.6387937494564473 0.6999907099732028 0.6029617391504257 
-0.17187888093561443 0.6999490100690814 0.674382626802153 
-0.13977794292097556 0.6997090896629927 0.6582003049617352 
-0.19093924941026197 0.6999755203696605 0.6475941865511885 
-0.03419723711293332 0.42992596787990683 0.6992610287743248 
-0.0858173714652739 0.6104277976436807 0.6998367695725524 
-0.03988631642151641 0.6102737640699597 0.6998447179122708 
-0.24434379486437785 0.6976580383235018 0.6975522156342977 
-0.43485222795634826 0.6977988116957573 0.6985043972594209 
-0.20969043363989281 0.6898296222096143 0.6987869418488388 
-0.5030136373927465 0.6955984871552615 0.6988135670639314 
-0.08693301886223703 0.698306342639508 0.6954137738118211 
-0.18578262170093884 0.6981734935169116 0.697165819265294 
-0.0995534771309845 0.6973981492941589 0.6987469538455926 
-0.003943997866773685 0.6256625980622187 0.6984862443108036 
-0.004334710742113224 0.6509832533455648 0.6978175146965978 
-0.01685027642737813 0.5591804526750318 0.6985307520116079 
-0.03675970081493474 0.6857746040793615 0.6920210983676177 
-0.05628269378845041 0.6984613264562495 0.6830809785631189 
-0.06993042600769228 0.6985189749413621 0.6849843557830225 
-0.0741725171080787 0.6984710211677089 0.6866886197933321 
-0.050484205216168254 0.6985269328572641 0.6821074714858014 
-0.036433188856351606 0.6983846947660997 0.6862907946718798 
-0.004750638403601348 0.6747052661348864 0.694215568399974 
-0.008957939304810925 0.674985071776794 0.6896919424914908 
-0.017383826589911333 0.6667411418850099 0.695757294929888 
-0.03308719106568314 0.6688676733433288 0.6972131316991301 
-0.04669384652962005 0.6725797091091101 0.6971555541179341 
-0.018695216089583022 0.6612673339533727 0.6967886827348311 
-0.01426022070608246 0.6547753923259069 0.6949989948752994 
-0.5906969111297682 0.6996495112451869 0.6864199772839884 
-0.3908105778790183 0.6998065102902501 0.6863623057226517 
-0.025329953737235567 0.6788130578937935 0.6944896182528258 
-0.03430872369442395 0.6813289742627398 0.6948769659679408 
-0.021737186044887613 0.6813677049435461 0.6858193070175242 
