-0.44267423123721694 0.4248756122181288 0.6999851625788989 
-0.40541104006050954 0.6999754233311156 0.6953019387189692 
-0.3720800777368001 0.6976389602116804 0.699740791462545 
-0.31314963947337926 0.6997780508011743 0.6724977349455039 
-0.1230626541901696 0.6996568922054023 0.6801945642413096 
-0.3305290353656283 0.6999709265692529 0.662155112259211 
-0.3681686740868737 0.6999515206530887 0.662563393914571 
0.02586076350058575 0.050933248135320366 0.6997139814170212 
-0.14168682225667006 0.6997700558823389 0.6886209504325717 
-0.5333855316765741 0.6998989237629182 0.6977295291226242 
-0.2036439784199795 0.6943997348204983 0.6992006328823405 
-0.18777258434767696 0.699956936151217 0.6595658610698751 
-0.10823124127687622 0.6997707971636483 0.6575487574469546 
-0.12776828770574422 0.6776714393009733 0.6999605257830301 
-0.3048493873454321 0.6997740738942315 0.6768327383334463 
-0.011619544501745738 0.6995325266592055 0.6962311847694547 
-0.0017511827646283784 0.6983504784005763 0.6928575518864535 
-0.0955108451619 0.6996291969174456 0.6784522847998993 
-0.15328569356302957 0.6999521554336543 0.6616598529701554 
-0.34575905748128366 0.696419991403667 0.6994446537853516 
-0.08336379050719511 0.6453125174280002 0.69995164775586 
-0.12910534323998557 0.6996012186404131 0.6905483281544251 
-0.29163778827428866 0.6995357061172675 0.6976507232038107 
-0.11153987827195144 0.6973014913269734 0.697736608142339 
-0.02067686824327475 0.6935633392735779 0.6998621527204834 
-0.0816159860706469 0.6997103374607674 0.675394548302259 
0.013618988845544244 0.694238683307687 0.6956162504440011 
0.024298223159106014 0.6829683731887218 0.6997164397310385 
-0.43612158358015396 0.6999983769464218 0.6317934505968205 
-0.016011461838044694 0.6916304248813826 0.6979329548033184 
-0.175994206150766 0.699863703463489 0.669393639388103 
-0.7319252887412846 0.6999727018571752 0.6754058422890755 
-0.6802674650763008 0.6969474971049449 0.6997075886086929 
-0.4559579822046804 0.6968422976155293 0.6983500545246261 
0.025488466674448595 0.03414246723969542 0.6991667386561075 
-0.14123035395563988 0.651384168401421 0.6998644522465813 
-0.31504872533765127 0.6671811632304709 0.6999112092357817 
-0.5731863879056385 0.6996342817565226 0.6755591911351921 
-0.035739814993533736 0.6986195069054072 0.6905162784759807 
-0.0653940992399693 0.6990049457441152 0.6839181621406185 
-0.08971814410677803 0.6945842712872086 0.6941203078084818 
-0.13080468771156006 0.6994043588413215 0.6960400767662449 
-0.10395921615907211 0.6987464316730153 0.6930402382059123 
-0.07978392129995271 0.6990765967599127 0.6820066899829186 
-0.06970189670000737 0.6974118517556169 0.6925464790661878 
-0.08343973051848796 0.6975007465328661 0.6913012882518081 
-0.16993687947455371 0.6997523463432819 0.6501560099672721 
-0.3064856387133248 0.6998654841360882 0.6308180811976986 
-0.6797567880933502 0.6994790509597916 0.6966254786331386 
-0.5356787903889546 0.6994089031082924 0.6892336220999168 
-0.25817615142147377 0.6950345917723714 0.6968321386571497 
-0.02523600987962782 0.5440452185271166 0.699850115510314 
-0.17564872636064965 0.6843385880338603 0.6996967106955579 
-0.08259488702425855 0.6893791957241494 0.6981597642009314 
-0.12195001530984739 0.6902553561228651 0.6993633673416908 
-0.06953913449013327 0.6813950780962915 0.69979184405524 
-0.0454029217369718 0.6842741094485114 0.6988587170545109 
-0.09888716273153575 0.6932075048983388 0.6969658976880218 
-0.07161816715539127 0.6932950659664193 0.6962935505635429 
-0.0846693803677987 0.5315707179259168 0.6998578066551872 
-0.3710078403072765 0.6932093305247663 0.6982292051063765 
-0.1669678834324897 0.6996355608901735 0.6743687733013691 
-0.12233002318691955 0.6996060167081994 0.6588285058376472 
-0.012439382121167464 0.6927616459438091 0.6932968300163648 
0.0012387209568672786 0.560139791664316 0.6992061989358233 
-8.582614061776184E-4 0.5964505710570271 0.6990978061290734 
0.015567974025507803 0.630993303841158 0.6946979370981459 
-0.011785157471679852 0.6417968803022426 0.6986311579913864 
0.018049612746837362 0.5973490540098385 0.6963380988538398 
0.01244807504081602 0.641254519094583 0.6984976187004747 
-0.005713563039178693 0.6376628194632101 0.6995608600178734 
-0.014270701657377094 0.656551420008221 0.698640166001165 
0.022671221281746257 0.010961581638369241 0.699646678142844 
-0.02158248870766588 0.6573429169353083 0.6990602229699334 
0.009984952655275658 0.671297576752914 0.6950500635017476 
-0.006985411466237101 0.6760758416075889 0.6936753791890782 
-0.031314803710017936 0.6801778420958939 0.6985730369987101 
0.0036688481349047564 0.6598206029683962 0.6971445106394766 
-0.0074210286590628005 0.6795924809246525 0.6909966516818762 
-0.007025695794124598 0.665962269054798 0.6984563889517832 
-0.8231581260630849 0.6999815620180744 0.4970879875426298 
-0.4415034459021978 0.6999804992601891 0.5946335855335749 
-0.19072003276106164 0.691626316963732 0.6969689874117418 
-0.05906640823472742 0.6915629105246983 0.6962937006748727 
-0.0377784776791219 0.6883101552795842 0.6942208347959339 
-0.23596452360929066 0.69985978287549 0.6636983842006842 
-0.2753909187111905 0.5571611570309137 0.6998499026913733 
-0.1956814486507188 0.6979326572019224 0.6944339809779563 
-0.10610224196725349 0.6986860885699643 0.6859502722536749 
-0.14851502448384335 0.6947631328155013 0.692723338854971 
-0.09115166124328544 0.6966986525041867 0.676450310056778 
-0.20825544286621112 0.6997014631833471 0.6358411031305141 
-0.395161111781382 0.5893438674472143 0.6995926005190052 
-0.46776910703209973 0.6899006373863569 0.6979803069416617 
0.010929215257216796 0.10094017748269185 0.6982021416238308 
-0.016616288925320744 0.5728199646597362 0.6985886674939912 
-0.051764643563018575 0.07366150557306433 0.6988890163595869 
0.00315119272970954 0.6358750310223941 0.6952305094911821 
-0.02565399457524231 0.6605394986148824 0.698193988538681 
-0.05359404969710235 0.682238333138799 0.6912942867563064 
-0.06391138639809513 0.6878281239671582 0.6783564862331817 
-0.06748649135209916 0.6662761318373779 0.6919469325550031 
-0.6311048419936456 0.6998517610710056 0.6500352597785638 
-0.3691802374141899 0.6997549093814132 0.5971724950053602 
-0.5738468161563173 0.6997109253917824 0.6624718519911666 
