-0.1286374922439173 0.013514937955006086 0.6999921987964978 
-0.008541096013402028 0.29375149416332874 0.6999883260586457 
-0.4796940696581824 0.6994232509927125 0.69878572351833 
-0.6790370290539394 0.699980085777374 0.6711122986556296 
-0.2623916378511504 0.6999471040532621 0.6611579938784319 
0.039757750435812866 0.5858549396241015 0.6983817455292299 
-0.0031055718046737457 0.6863754223611734 0.6987060112290208 
-0.13812509181013266 0.6952235238301809 0.6999959180777693 
-0.02430501337863089 0.6870466243360966 0.6999729025348538 
-0.05832628598796896 0.6999125231546821 0.6897115077012873 
0.0028079855497519235 0.6981642175330799 0.6966472370974133 
0.016869723088050126 0.6749165074101904 0.6965445332680072 
-0.01003415508583072 0.699809118244095 0.6952070121564786 
-0.5017568165330266 0.6999680495812599 0.6736718758523861 
0.0020534608335858184 0.6898900823882147 0.6976684507162814 
0.005073926622787273 0.6951996140188602 0.6973579876502394 
-0.0069354500220644155 0.6372907199971356 0.6998974941356888 
-0.04214710871829297 0.6992022059495796 0.6991586591462893 
0.008231353158106525 0.688973915071812 0.6904411309517293 
-0.0950474126276315 0.6956449827295696 0.6998554703237353 
-0.05442857230256659 0.6996262953839639 0.6982256379411703 
-0.010722451200655181 0.6251463313324955 0.699961968212349 
0.01618140490232589 0.6836066078942045 0.6976608684923895 
-8.70773070907882E-4 0.698727723706704 0.6952218091213774 
9.358550923432851E-5 0.6798193637624428 0.699708971479775 
-0.3145364933629833 0.6999901365633161 0.6288547709450388 
0.04037530007588175 0.6194231496220409 0.6983806322093726 
-0.31007130705753116 0.6999814750958876 0.6133793542315159 
0.002042512023930687 0.6977936895107677 0.6979852535134142 
0.031129383585680848 0.6569855669562715 0.699474404305747 
0.03624475447265885 0.6206056101931348 0.6998295046519059 
0.010631231669837926 0.5748063638746579 0.699969382188129 
0.010660907187312496 0.5076904947614004 0.6998554284857841 
0.017644650926378014 0.6719874170050762 0.6989181334024658 
-0.2849640083243452 0.6999995183505876 0.6057396615656612 
-0.3609383220502542 0.5911509019472377 0.6999827382012302 
-0.5228394608302556 0.6627381323761096 0.6999817469856607 
-0.21866414414200364 0.6998979896452673 0.6707933345638242 
-0.23111354652117333 0.6998991091621152 0.6633726826729749 
-0.09572120197828227 0.6998529748234784 0.687381428287182 
-0.12674885221487742 0.699697917279362 0.6926763642762725 
-0.07822502272743326 0.6997371314455013 0.6777728993370482 
-0.4402729754836272 0.6997515074403905 0.6903872671537042 
-0.026001676464697532 0.6987743380784359 0.6829417929058748 
-0.7271747618130566 0.6999413109258196 0.6554949949684464 
-0.07473912314731579 0.6264296169808963 0.6998583944215926 
-0.1516966392457697 0.6958328543953329 0.6988075821609145 
-0.08548821164091969 0.6935240464764034 0.6985290145279469 
-0.09787153875281551 0.6667007711618279 0.6998545814946101 
-0.5246724716980522 0.6948684671748405 0.6990097086671574 
-0.6408303889670925 0.6950316371685786 0.699221008484499 
-0.09921516391861962 0.6925810167287797 0.6993621136428978 
-0.11452891874421534 0.6841104476717914 0.6998005809967287 
-0.23987828582204673 0.6794239629067981 0.6998444910716117 
-0.08285810023313878 0.6995120388734265 0.6954505232239419 
-0.07949122851834112 0.6992063489044119 0.6950233200699119 
-0.06890267388474558 0.6989497835714468 0.6807102827164535 
0.007566660236572487 0.6792025243479913 0.6951655839542283 
-0.04227604003480412 0.698403056942619 0.6935777164662761 
-0.07134625245664128 0.6777968953737776 0.699404063632499 
-0.042597778122762 0.6798101124720111 0.6987474589246079 
-0.03960132229420488 0.6572335250594754 0.69899895712243 
-0.04198506581964834 0.6643609121169954 0.6989938789998454 
-0.04742247063389793 0.6595474834380238 0.6990041835548978 
-0.001059622667960669 0.6759771910907562 0.698370425659234 
-0.01335959204993653 0.6558612257363425 0.6996575784210776 
-0.07597926079109718 0.6792171911165434 0.6995227688203313 
-1.2488093537078497 0.6999553118683964 0.6286562988756724 
-0.4051948178054223 0.6999400459154134 0.6141190830393477 
-0.019197416109462573 0.6913413999565251 0.6977134013360176 
-1.2644742254219743E-4 0.6931372229119838 0.6954519117275604 
-0.03391971589184806 0.6919236243878636 0.6970343169615906 
-0.0327746958996602 0.695691728094497 0.6877577773662883 
-0.1099911773942508 0.696091803882928 0.697263111124894 
-0.01566137123410427 0.695202778312848 0.6902038130700827 
-0.07667406460053106 0.6965458446348552 0.6971232975356352 
-0.18907113918842033 0.696125487448919 0.697131684473716 
-0.07622980258900824 0.6936337839859753 0.695771652005514 
0.021256854743317732 0.651502460844473 0.6940857529505706 
0.020566583205536393 0.6297377144039876 0.6942005598962424 
0.015233310251310805 0.6069019627824677 0.6997134267381652 
0.024404255112772777 0.585691579086308 0.6995602558988451 
0.003492061127030377 0.5830642137764191 0.6997888508913913 
0.028794218156384055 0.4568915461194082 0.6985103182511199 
0.02273148983021578 0.42545853105784814 0.6998020587082707 
0.021896119914631362 0.5017362076563608 0.6995926117781696 
-0.02904492412023041 -0.09404846918100457 0.6999291768235586 
-0.1405141290632428 0.354667328002809 0.6999623806614015 
-0.032821855611885775 0.4050652654128028 0.6998788578780116 
-0.044283362431444484 0.5553946884045732 0.6997897283363398 
-0.009074337143201827 0.3054692191056901 0.6998070511338411 
0.0021470230646941646 0.6542392923140757 0.6982911910306585 
-0.013206593524158539 0.6702088917578493 0.6986041608142532 
0.007168240989976149 0.622653726012067 0.6973890741633512 
0.011025291106827373 0.6543253848891467 0.6969343740535076 
-0.05954482201024747 0.6690944250217128 0.6988657505940288 
0.017526571049372164 0.6306326418766942 0.6956707746376976 
0.01225885923527359 0.6455231328294 0.6964056189635381 
0.012058891971936436 0.6451207175401893 0.697048178002325 
0.017561392864584913 0.6061879808248785 0.6974815553288117 
0.016945554218135483 0.6357927043764078 0.6957096315659057 
-0.4417018926955263 0.6999827868598598 0.570559502060379 
-0.3964437261110203 0.6999554800461779 0.5973256127087482 
-0.3685727483792738 0.6999311845543863 0.5956800496641053 
-0.6908520335755999 0.6999930531009263 0.5223316791729297 
