-0.14161591212201352 0.6999621672669325 0.6500279508667779 
-0.31468033086230185 0.699959956224648 0.6675271893779147 
0.03714682116938939 0.619771707448636 0.6995795922232789 
-0.18265397289429974 0.699937033464939 0.6841037402836768 
-0.06531011748877291 0.6997574247863894 0.6972018313338245 
-0.15244141145584345 0.6998601468793677 0.6895948240058356 
-0.3658857041359098 0.6999966050306602 0.6904772069357753 
-0.1912498083858003 0.6999540471513975 0.6524320429098784 
-0.003760460306182045 0.6876285985473669 0.6988850613084242 
0.003374228539820723 0.6576252444768774 0.699796330528668 
-0.09272306851165713 0.6998435528588676 0.6860200440152969 
-0.06308912622716889 0.5424037251848849 0.6999986895852285 
-0.014040718639129146 0.6971907990826968 0.6952054885293459 
0.015524014962511545 0.39928356555453176 0.6999250430833465 
-2.3995585216107784E-4 0.6768386589706987 0.6993173218939067 
0.012073553256085834 0.6995438087656567 0.6951507807525099 
-0.07584212745817265 0.699157342121824 0.6993510900459172 
0.006225205210570461 0.6869896301650885 0.6988210453365511 
0.008683263806848251 0.6762981772821989 0.6983948636178698 
-0.08078958708321782 0.699894686916652 0.6729245631141347 
-0.1147053586687985 0.6999352809913479 0.6694771181674198 
0.028317994975490035 0.6962944417992144 0.6979175455089628 
-0.0988331911638003 0.6997637927520413 0.6916626132240373 
-0.04953320069885048 0.6965389316718308 0.6996602006445222 
-0.0075564905785601155 0.6958223535823294 0.6999202917532923 
-0.27263163075666186 0.6976636785553486 0.6998544925514255 
-0.232234584816285 0.6999973431698641 0.6649473259553302 
0.027977384089454715 0.5633027021588656 0.699496735396086 
0.00663058293386265 0.5842127344877206 0.6990520489658125 
-0.08905425198819805 0.699706197120083 0.673359063110351 
-0.4220628231576886 0.6991899258756381 0.6966865370155598 
-0.24731676978195138 0.699238442352735 0.6955064325600574 
-0.003111145124761183 0.5312913986457382 0.6995601655928443 
-0.005589534804390839 0.4579412117937318 0.6995697641044383 
-0.1506659767559182 0.004143932245881025 0.6999765514245043 
-0.002053403408097676 0.6990576751500729 0.6884894216840447 
-0.04809136006445125 0.6994604483920103 0.6770770830918394 
-0.006577177381932975 0.6993781987419788 0.6899936406424492 
-0.047984644645538976 0.6993498172255578 0.690507693827819 
-0.32786364325119743 0.6985312987680363 0.6992478070963948 
-0.20535821306173263 0.6982995578243278 0.6969052676760282 
-0.08227918686709179 0.6982411117439614 0.690658704065269 
-0.0038766576665043573 0.6806021967478719 0.6979532619232036 
-0.006959832947355471 0.6376569339510695 0.6988072083859683 
0.002882984548402301 0.6774105282853373 0.6982056173110676 
-0.15375880540859344 0.6999268245678225 0.6582899495986374 
-0.1432746290507081 0.6998354702471795 0.6588330632449592 
-0.24426471809168526 0.6997750931914012 0.6679562088133998 
-0.1642568343614701 0.699851990568466 0.6612755480324265 
0.016257434613482946 0.6561911187433979 0.6962783567048446 
0.017177824269265063 0.6332102204686115 0.6971968735510318 
-0.004399078832049819 0.6951072820179063 0.6968864703232651 
0.003242266484713152 0.692838330854442 0.6964869721914227 
0.019066983054220166 0.634464986650803 0.6964881772290374 
0.02196961817604337 0.6779843073699597 0.6958436720776824 
0.020879887851873002 0.6925245061203124 0.6946721153590614 
-0.002993595755978795 0.6842211069219848 0.6974903575802311 
0.007551683410755183 0.6172287513982614 0.6978641254410154 
0.007324754934910249 0.590697606535315 0.697864678639977 
0.008038987341579595 0.6565915225564143 0.6972540450998227 
0.010405010922216129 0.6729116897419606 0.6966283623955386 
0.016301267296630506 0.6905061814969634 0.6958945822578644 
0.023031366963946587 0.5808985645801596 0.6973608452684946 
-0.17261602001003884 0.6997414778768595 0.6666334191781704 
-0.379289239956772 0.6996050965193545 0.6753416689651288 
-0.15548608689342913 0.6997091906259063 0.6724579926175536 
-0.09930212296741159 0.696220658474301 0.696667861702077 
-0.08760043836542875 0.6850477108792857 0.6997146586853825 
-0.04104472659470626 0.6893423180438218 0.6985483214856053 
-0.24381476498228905 0.6898603190821962 0.6997648763040063 
-0.034340758767103186 0.6823876978357504 0.6995105144836958 
-0.02633680584557463 0.6674787959246856 0.6999028768720532 
-0.011576559696561128 0.6669029893715395 0.699776845237897 
-0.030635110400595966 0.6721303461619056 0.6991337353229519 
-0.02037945747778669 0.6943172914758136 0.6974150931374301 
-0.03849916856718649 0.6951546298285007 0.6905794388792246 
-0.2381658863513625 0.6947783032432665 0.6985668845663046 
-0.06927759864519323 0.6952614796262042 0.6974409970577156 
-0.08863461483996216 0.6956298007869408 0.6977343077341579 
-0.3380786458443754 0.6975153433021598 0.6995639159778408 
-0.3503744668118767 0.6716051928745379 0.6998055468428219 
-0.3131481018267306 0.6920171239013652 0.6986253864677744 
-0.5501322466302399 0.6999552682606459 0.5545777898764226 
-0.5597822004741497 0.6999650719866841 0.5471666472185569 
-0.5956138433625184 0.699957913985334 0.5830739675402462 
-0.5781032221754001 0.6999669227980129 0.5353182555377729 
-0.26506229171711926 0.6999535244858026 0.6411608929287158 
-0.5093423345192929 0.6999336976826492 0.6480412894994366 
-0.46772459380663256 0.6724052885568742 0.6997389224868231 
-0.16541489662126851 0.6998342473460705 0.6490097799447929 
-0.30656383905380125 0.6947418964205867 0.6922969372083978 
-0.05308854690395837 0.6935530414146176 0.69655135517766 
-0.047053656368893026 0.6205284071621547 0.6977989036486483 
-0.12065775102483389 0.6996281207071501 0.6690680549673267 
-0.06796834862662648 0.6209187060080222 0.6996355271921731 
-0.05729038352641025 0.6973752300674352 0.6899240748398415 
-0.11328117793220205 0.6993428287324204 0.6609631050271737 
-0.23452929188141125 0.6602733770439239 0.6994999934184095 
-0.06226871947702728 0.6993192378056055 0.6876060653060208 
-0.1123326005157479 0.6814421108121085 0.6981484704693953 
-0.010536472394532925 0.6866361354498236 0.6954892375758928 
-0.03598889601465105 0.6985226476446867 0.6892491278016923 
-0.35509944252675374 0.695316650509472 0.699446413549811 
-0.02839753203912343 0.6657236653105448 0.696268705184927 
-0.03489875941110365 0.5150993911456858 0.6997944017108387 
