-0.019037360707569118 0.005686842893999632 0.6998643596521796 
-0.17280436427232537 0.13797870800789025 0.6999784143688492 
-0.2074910436498003 0.6932643957248449 0.6998083365141172 
-0.20145167317709878 0.6999994856566136 0.6991097894266065 
-0.17863510094813018 0.6999565394230978 0.6883531567619615 
-0.2807691080488448 0.6727918994292416 0.6999980570230253 
-0.16273111084020964 0.6903552504787612 0.6997843337763516 
0.014832195173131946 0.6286512284115289 0.6992019221863283 
-0.08320638462913132 0.6896971794754132 0.6999260026497033 
-0.1408848614567908 0.5334195265277467 0.6999674166325248 
0.023617629967564113 0.6933186553390271 0.698715073416708 
-0.16163563653785373 0.5573963611170063 0.6999625791566991 
0.013273693848032675 0.694567709535109 0.6997369463529891 
-0.0402808024080179 0.6997613503780955 0.6949906899597148 
-0.015997046638752233 0.6979216063961183 0.699312645418124 
0.004677861471084066 0.6975660687349998 0.6952547232860778 
-0.047584391016637584 0.6995343213852041 0.6982403681936523 
0.021427297331060857 0.5899336138577357 0.6995725664136884 
-0.07368787587777192 0.6825626415348621 0.6998872531683206 
-0.034385294039143366 0.6997437405438651 0.6945728546341787 
-0.15036587782272748 0.6990149973773899 0.6989850224260309 
-0.0012423319280132628 0.667883566569432 0.6998162882862201 
-0.01323991359456822 0.6991197529031273 0.6874783058786572 
-0.13757486334035907 0.6999948346113564 0.6554993853866674 
-0.2407780172798728 0.699963496514267 0.6741268924925162 
-0.30363822258232376 0.6991228400794415 0.6983185305046179 
-0.47385015948346587 0.6999645170292984 0.6569737063249181 
-0.2870646373736103 0.699785368919534 0.6965492441221136 
-0.27143805225657447 0.6999401533094844 0.6776403430957915 
-0.21124331662021545 0.6998464613256441 0.6609392697802913 
-0.7304559987335284 0.6708198469962688 0.6999528475090534 
-0.22502583973567192 0.576046239617607 0.6999049460297141 
-0.1504687254520123 0.3248544445722116 0.6999061511658135 
0.016240591774797086 0.6913709378678556 0.6958828499354835 
0.015369306756131684 0.6468617795403326 0.698370286570302 
0.017826004783111804 0.674969774064779 0.6983045967077404 
-0.35566947936396276 0.2156956738264347 0.6999579381216735 
0.0037468725106823975 0.6931809856014989 0.6988145867336945 
-0.02174557335820082 0.6848574513904833 0.6997278833220038 
0.0069552648561611585 0.6944625276094603 0.6898198287195437 
0.008612415893761605 0.6100306541137455 0.6991634542838076 
0.005383138533329834 0.6839939155277844 0.6974730717364908 
-0.702855976492019 0.6908461075953676 0.6997110215096798 
-0.03586660992101476 0.6945387686675393 0.6996148677207377 
-0.012367085927189603 0.6848037234878144 0.6995742155126394 
-0.14349323039346373 0.6997579795162867 0.6787411606054339 
-0.025891098608262997 0.696449200186319 0.6968463109079458 
-0.018183566339394774 0.6960756313913701 0.697900793231718 
-0.03263277284462518 0.6964744233038265 0.6987911421759481 
-0.031130776431845586 0.6934641807011549 0.6987552215796425 
-0.01866360262782729 0.6910906084449484 0.6993113805861857 
-0.09147654151506646 0.6973556221657442 0.6991184841673942 
-0.008358269781261418 0.6938218447349818 0.6939727650047404 
-0.05585900599785476 0.6982200490713106 0.697696826865286 
-0.1533823475329914 0.6994179972231461 0.6965342313129081 
-0.127587283332546 0.6703391376065536 0.6998074297423158 
-0.21408243612632227 0.34320735718731643 0.6998195048985637 
-0.16321283801892017 0.6996263554746543 0.6920238599093818 
-0.09235873048141463 0.6995587790072584 0.6626392079208917 
-0.13334507990105182 0.699702261952947 0.6835338702298384 
-0.04114528171960807 0.6969261040643704 0.6895477307907321 
-0.06015011906004264 0.6994587962314073 0.6762621641290167 
-0.05930628673055782 0.6989976876725852 0.6923764240082604 
-0.07808984081134818 0.6990715721408574 0.6939952943089034 
-0.11895366627638992 0.699724943221379 0.6791538162173228 
-0.06908736637624546 0.6625448656243776 0.6997796321835598 
-0.565998447074245 0.6469975763959701 0.6998112105859379 
-0.04484531442225803 0.6989680811982861 0.6871677312002639 
-0.13912014913707882 0.6999516355622182 0.6522923488198034 
-0.4012446756193424 0.6999730542363968 0.5944264043764099 
-0.6407163313315294 0.6999807136211513 0.5531961865464357 
-0.5627827336754176 0.6999779475504571 0.6310211466228951 
-0.2464424036498658 0.6999455402555894 0.6628155632551487 
-0.7791665900688209 0.6985307736139549 0.6974455804834069 
-0.5623026570157295 0.699665002124645 0.6961481463136631 
-0.49587288250287154 0.6998770602530148 0.6684757857083425 
0.0078728582558788 0.6491572219560819 0.6942991240531727 
0.010825130976094277 0.6204318957833922 0.6979955544016102 
-0.012920052067340482 0.6918630607749056 0.6963275105388895 
-0.14793552094897477 0.6795819217196964 0.699658901715102 
0.001026007036969978 0.6614132370881872 0.6964090404708922 
-0.009496464005094962 0.6804435093319162 0.6960791196815004 
-0.017169847109855807 0.46901317568813167 0.6991731562379613 
-0.031640943984297065 0.683053955368462 0.6994647225051173 
-0.3427100190488028 0.6997508367862695 0.6747601740564197 
-0.026021889842337886 0.6962050034238408 0.6862796448979578 
-0.0256371420393664 0.655468083814727 0.6988282763781178 
-0.09363231707852071 0.6972573780433736 0.6990755730869822 
-0.08683847470124317 0.6975306518032267 0.6949739864661512 
-0.07256634838464882 0.6966149920625523 0.697413473262997 
-0.4885461992217859 0.6982223191147965 0.6948091268127654 
-0.38288115097833675 0.6994375183896665 0.6916619430294 
-0.18862629836725997 0.6994625718118649 0.6913644771749711 
-0.14473447214442414 0.699475276945293 0.681107183025605 
-0.11570681028423668 0.6993724732081978 0.6673543669416024 
-0.05983000653524062 0.6973396429510915 0.6889412649841893 
-0.12587939541046955 0.6987845947515945 0.6924384580961289 
-0.12174682902160772 0.6984578588657947 0.6918693713566778 
-0.15170057585051033 0.6995210572909468 0.664700271014756 
-0.11984238967425198 0.6992709230688017 0.6698674900905413 
-0.12256142570086515 0.6992030238713933 0.6791137625060996 
-0.10260013840419413 0.5488620230971545 0.6997768241052131 
-0.147031563450001 0.6995558904534753 0.6492612062577565 
-0.19760787681684966 0.6997103195539218 0.6462072958082195 
-0.3721456962429559 0.6995323452575433 0.6600994475115469 
