-0.32001177267253733 0.6976463347708204 0.6989251326192337 
-0.2426429140587245 0.5433787912665282 0.6999952391295351 
0.0250542310809605 0.10897105922466732 0.6990726648287945 
-0.005136817469280963 0.1416409342298474 0.6999974364026154 
-0.1905546517727652 0.6871751363153596 0.6997059313556817 
0.018710226271470565 0.3545384212224548 0.6991487361098315 
0.022423359636351337 0.15371307201036238 0.6993872614452078 
0.003046974863283869 0.5725738105102107 0.6994961634620374 
-0.17703610662502656 0.6998369188479411 0.6931837732994327 
0.021695018536598054 0.237380048992899 0.6951857506611886 
0.02356032575120126 0.18489809418992734 0.6972383242157241 
0.008004961856997617 0.6894393243211009 0.6990011661909821 
-2.4222931074913134E-4 0.3311141459214747 0.699725040768517 
-0.025869710887999497 0.6993182566409037 0.6988481437931148 
0.013777450601690555 0.6932204496740583 0.6984448150887217 
0.011733287744394194 0.6954424603273119 0.6952234406734079 
-0.015031256606608645 0.6849010591082524 0.6996316098469026 
0.004068027670688479 0.6948683230329171 0.6962898294322919 
0.012757446955622975 0.22541027441315784 0.6999600525425074 
-0.054589310695613014 0.6999272753546923 0.6896925227526026 
0.005984725695707849 0.32387166772137066 0.6995569045845309 
-0.013492794263491925 0.6472471269011726 0.6999601528522975 
-0.0032938732421916583 0.6773818505778479 0.6998342438973724 
-0.1434436721616874 0.6947546174467072 0.6992214672621615 
0.01632084408336454 0.6698668592786251 0.6979005175654153 
0.018036462806198195 0.6864919153248414 0.6952243111897362 
-0.06209391720514912 0.6999775305007049 0.6852230143573376 
-0.044020127087938565 0.6830941770240108 0.6997540872075645 
-0.10204804287072844 0.6756903110689868 0.6999315298552404 
-0.052094154844147145 0.6999929879799335 0.6768710954392623 
-0.10869035098627378 0.6996387134403407 0.6957345103714119 
-0.08154868883934374 0.693671744074737 0.699204351805259 
0.004012847262926611 0.695571492364038 0.6977759612246742 
0.013085010629146354 0.6997223029726918 0.6936514442044144 
-0.008753603418042877 0.2646137313844163 0.6999276392928448 
0.01823077384097538 0.2674596556112791 0.6959255578820717 
0.015342625616473482 0.16291558538494527 0.6981592335781253 
0.01141458778625748 0.3309832334414941 0.698528777730409 
0.01703853683405354 0.3022652711914704 0.6953472581460685 
0.02178881351688189 0.022925707499653114 0.6978499041944057 
0.02132655906679648 0.053825718652027094 0.698335104083015 
-0.002002992148155025 0.36450506888168654 0.6988188612076816 
-0.06806146898045928 0.699093907321994 0.697151850739088 
-0.4363026436553148 0.6952263813128686 0.6984193407401104 
-0.08156718579158606 0.69821375870165 0.6980551583445579 
-0.1247690782406572 0.6938499937944599 0.6987182268730819 
-0.09865056804427597 0.6980284133514209 0.6983217049471218 
0.013257916979978912 0.24452281554782454 0.6981682726162791 
0.01196792500310917 0.6865347619816841 0.6983004361080636 
0.013591179618163363 0.690037559334155 0.697652039352339 
0.009252138199764559 -0.02194741900793725 0.6999531724094331 
0.008253260993256406 0.014814728298556127 0.6994200993017308 
0.009530280443202588 0.1905627701837561 0.6993151503708636 
0.002667025787176036 0.25761129709310676 0.6992637195410252 
0.004361498723865709 0.018016937051854275 0.6994165337176603 
0.0018656716837547327 0.27275208653999516 0.6988758463919749 
0.0048127056315018235 0.21803336580505203 0.6989277375125417 
-0.2555316081550918 0.5877092246804926 0.6999390356277257 
-0.00806120159675583 0.6542145344823483 0.6994702786571988 
-0.003887301494250872 0.64370238176435 0.6987285407130495 
-0.06926177176861348 0.4679812473610533 0.6997711165136196 
-0.042354553473631595 0.6281442486754746 0.6995558662362092 
-0.018923674893318365 0.6743449798438098 0.6994171621685036 
-0.0606508405479782 0.3003794935157291 0.6998142383476741 
-0.03879981780453168 0.6772575173307026 0.6992161594717748 
-0.0035551909545576965 0.01264464656320753 0.699751370740819 
0.015467522868697237 0.6234500279647377 0.6946583576475088 
0.015209583366600277 0.30984933119858693 0.6951744114303839 
-0.20507239719714088 0.6728550654071548 0.6999081848241862 
-0.11988250380520005 0.597634347542811 0.6998604672559416 
-0.12454629329049793 0.6041457676872437 0.6998807720002056 
-0.16164129411871309 0.6729629938828681 0.6994471404740306 
-0.8246603559030834 0.6999926336223504 0.6029850676487314 
-0.1620028638194866 0.699798396221583 0.6719696890454951 
-0.06757725114712976 0.6999889166457015 0.6712795731699164 
-0.208872007220394 0.6999730025553723 0.6726807107119768 
-0.34303126435937226 0.6865553580443919 0.698747321030902 
-0.01616530021866236 0.6912761452848354 0.6968296062635724 
-0.0022996448874008646 0.6917230009597212 0.6967850246558134 
-0.04760710284140535 0.693893363456312 0.6958997409056649 
-0.018389457490761485 0.6937522548307746 0.6941685281403535 
-0.0054529167721379945 0.6960020861845565 0.6914055627699572 
-0.02238369191805134 0.6989711493651153 0.6909133634897408 
-0.7094538315372585 0.6996561832750828 0.6917049648358959 
-0.053996403842146545 0.6983123705007349 0.6922974212313611 
-0.008929026649161953 0.6952202095074276 0.6936072206719054 
-0.05751244763186647 0.6991705232539068 0.679168210668225 
-0.1009430899778796 0.6994615027840956 0.6863889371520442 
-0.08261988197638614 0.6996780020623449 0.6829399450308701 
-0.17539812207161476 0.6994470096879395 0.6920898930310807 
-0.27727241221067866 0.6995097865283454 0.690238446344415 
-0.15165883196633412 0.6996296642768036 0.6859264697088011 
-0.10495565426783449 0.6997029328726515 0.6753163799064811 
-0.015295016957278307 0.16024469250460158 0.6998822175233296 
-0.01273865028025134 0.25937874018460205 0.6998244188417376 
-0.1199018579866491 0.6995447732431777 0.6743377521987918 
-0.052250928597620705 0.6987395572342949 0.6758258066105607 
-0.12925730842100824 0.6991497187549773 0.6789782388732608 
-0.15041128659499803 0.6996313872726353 0.6686733224732954 
-0.14226073736885247 0.6996135326632876 0.668138888880729 
-0.022092487605479105 0.6912706955932265 0.682809131219358 
-0.11666599180535298 0.6990881597641214 0.6841307713924148 
-0.03194848469159828 0.6972626792502112 0.6842123802137473 
-0.06375237952723323 0.6989462911359613 0.6883685249519291 
-0.1172147351951971 0.6913754454050227 0.6897983637675965 
