-0.2585304507074999 0.6979988607223195 0.6997781108105933 
0.03038760808468277 0.6745103974203367 0.6997996512406575 
0.027373130233802834 0.698073915492536 0.6985432286619981 
0.02151346574605939 0.6982533239517715 0.6974478905918338 
-0.018253331608378387 0.42208371877276296 0.6999989683517204 
0.01991062772553409 0.6998053164607455 0.6963417508332719 
-0.059020576158982374 0.6998126023034387 0.6808692918615046 
-0.10105828442042841 0.6999778448097302 0.6790292638082515 
-0.11236210080144238 0.6999557265494013 0.6974122603790375 
0.009873792544457194 0.6960186494968928 0.6998113931227904 
-0.050198097693404 0.6997151030968665 0.6992567756658356 
-0.022429747915221343 0.653282124531348 0.6999986359138077 
-0.5027539950719662 0.6638154843863008 0.6999769451236226 
0.022670595674745497 0.6961010677753768 0.6993590170162038 
-2.6083040835600535E-4 0.676709595076038 0.6999101249202793 
-0.832685847332816 0.6986712772954918 0.699525978672045 
-0.004667803030002915 0.6864436510719334 0.6999518166105446 
0.03112946116981241 0.6942222581499775 0.6990671438266971 
0.02377588221822169 0.6917544644366985 0.6997894734101797 
0.01700103430938782 0.6987877561302904 0.6978468916165614 
-0.01592653014473644 0.6991770757629605 0.6989376209332896 
0.0020138670931953984 0.6982588666151955 0.6989670853174088 
-0.06828687755170204 0.6999259369728956 0.676153466583992 
-0.03084482294639712 0.6901138294554228 0.6998664016577323 
-0.07012751401831996 0.6999151906752564 0.6949020346549958 
0.03886087156051243 0.6593471637517991 0.6999415573129343 
-0.03200036192427369 0.6974203065541771 0.6989699344305617 
0.027266219898863575 0.6672999094623518 0.6993966914972161 
0.027014903452385997 0.6615492681693529 0.6996389149678256 
-0.011582872893289187 0.6996019103843633 0.6921997605745767 
-0.0106717138556498 0.6993553545428697 0.6911711046622254 
-0.023368648730705655 0.6997842397922348 0.6931813903429652 
0.003854594911203324 0.6991448274045059 0.6921417604239363 
-0.40290856296870237 0.6999604486348215 0.5829869347553469 
-0.3114378013728549 0.6999474003481824 0.684295273217899 
-0.2262536676705218 0.6999424796668514 0.6653959421753632 
-0.15820872565169397 0.6999536870419022 0.6504339888359552 
-0.012250843258867272 0.6926959635095756 0.6997631546610457 
-0.033183483811239256 0.6958550144281855 0.6995687174781575 
-0.011755774365974192 0.6949419036111066 0.6997067680218454 
-0.0897598306903622 0.6838803963857871 0.699946797359652 
-0.0206508844192681 0.6827216645470274 0.6998523776904376 
0.028323637046409722 0.6834401912964334 0.6967632402761528 
0.019147174458247207 0.692059743316652 0.6970547227985093 
0.01732879008323096 0.6689342011995254 0.6993668162992893 
0.015491995158252503 0.670394543380944 0.6993539117231848 
0.021117153424229373 0.6840845383790493 0.6984597284930782 
0.011030411822185782 0.6866938878239827 0.6987868238387106 
0.006155773983590351 0.6930653309231032 0.6962955430700911 
0.008059641691840813 0.6970198153726588 0.6946395625135928 
0.00782622590046489 0.6904096077514508 0.6977674259156434 
0.01395304046250112 0.6938854669378257 0.6959290344455383 
-0.030717268451496693 0.698472699017474 0.693548206712548 
-0.10918149658665266 0.6986622303598471 0.6965829911877471 
-0.0537051162707467 0.6987582493047878 0.693214961329737 
-7.806413394417788E-4 0.6979336909784339 0.6987458171574954 
-0.006260640365298498 0.6927304918788498 0.6987941217030923 
-0.03106780295366174 0.6979614206191287 0.6973995408995951 
-0.09176962796444132 0.6998667130680849 0.6769714397410354 
-0.25288222588026477 0.6998615820408968 0.6777766420779512 
-0.16588707639616795 0.6987991929962254 0.6944291062830695 
-0.17036044263536265 0.699878848458086 0.6717729930939838 
0.004845749867630866 0.6193643642319616 0.6998228121284927 
-0.03856325415708595 0.629218080534889 0.6999112305426245 
0.016490903694753256 0.6259998749513834 0.6996908282157793 
-0.010682738920782642 0.6332688154232466 0.6998191291081829 
-0.10370582036043619 0.6972963165340071 0.698890138168527 
0.021170427936653358 0.44508547497984774 0.6989977927546268 
-0.022782039017789968 0.6995799553915457 0.6894771159993919 
-0.016560608769086826 0.6994931510957889 0.6851565674726201 
-0.07126816049782914 0.699745793480743 0.6747330874978305 
-0.2986972791696363 0.6996959278056478 0.6883606195300754 
-0.11535526524804096 0.698959869352134 0.6924716425965964 
-0.07772797141392007 0.6996701620214002 0.6768160892210651 
-0.20135559684899262 0.6996586520524967 0.6789417302806369 
-0.015407377681796897 0.6990967409844829 0.6832093259039271 
-0.0059654173613181705 0.698822999733507 0.691619507006121 
-0.37232626906422617 0.6999158646989934 0.6690650002878028 
-0.3978931274434254 0.6999367067346076 0.6798087196349841 
-0.242021302880844 0.6999059013798278 0.6541644087772791 
-0.18902597251293463 0.6998961554808488 0.6496274730886767 
-0.2006872155177597 0.6999126912519434 0.6393882911655547 
-0.3426793498944547 0.6999215064565152 0.5977512237732414 
-0.5020095371814102 0.6999494681205185 0.5735601404562714 
-0.5756584519256729 0.6999523254852127 0.569110281829093 
-0.015986984949691196 0.6847723173537318 0.6988061481119657 
0.017915002290271653 0.689402449466007 0.6938871459520141 
-6.407766437921403E-4 0.6965223661279306 0.690989104170243 
0.007090460138934884 0.6920659993547836 0.6939623144860979 
-1.940916847535945E-4 0.6935788515760803 0.693039192954002 
0.009839757294416218 0.6850739502260826 0.6942119568029995 
0.006488269489030696 0.6900817553371971 0.6948818036154607 
-0.00978930675552836 0.69792178028718 0.6934311307130736 
-9.191213331463111E-4 0.6973749921311819 0.6941162514223005 
-0.0160547047739259 0.6924375133341749 0.6941532362254484 
-0.01687610601714007 0.6870934335638873 0.6971513836076388 
-0.05078257269789477 0.6946350640750938 0.6954337559050757 
-0.12461498444940555 0.6997991643305914 0.6643607853353791 
-0.15937119324835036 0.6998252696993172 0.6752422489530184 
-0.11473533645611655 0.6997519623142011 0.6764484768130393 
-0.18757047785260506 0.6998650256638316 0.6398911078194187 
-0.2607291328660819 0.6998565409843378 0.6544623814006993 
-0.003859173202312105 0.4241986548130204 0.699756563171327 
-0.010597821090904347 0.6178768459303151 0.6991049682009257 
-0.015347477165698065 0.6090565877271806 0.699776466428217 
