-0.5295364607140962 0.6681451717249062 0.6999998256510525 
-0.1913942438802465 0.6831517023725601 0.6999566996922381 
-0.7936258683706181 0.6999996743349362 0.6238570334623804 
-0.6914354208161901 0.6976271533921823 0.6998684743899934 
-0.3099335571177706 0.6997153268536345 0.695768821405971 
-0.1920400357165144 0.6863675626943382 0.6995114172135615 
-0.16398261201026498 0.6998774900063945 0.6911273891479655 
-0.044704274068162464 0.6987221626526717 0.6988174861458092 
-0.025238219441749754 0.6984873345364971 0.69824482232505 
6.97696470322362E-4 0.6837405154722271 0.6977246425919845 
0.027992221566961017 0.6594220531079402 0.6970343089491597 
-0.07419932818984454 0.6997368399290508 0.6949961925028478 
-0.017297591773266063 0.6890464922044427 0.6986794126328933 
-0.015267811544355192 0.6981509915261204 0.6921341879463616 
-0.04370634095291215 0.6132667185273116 0.6999990662551092 
-0.09348255658834348 0.6610214962209428 0.6998939009601081 
-0.07386570187740382 0.6262549747046178 0.6999811974102819 
-0.055260289005164775 0.6998091519428937 0.687843573543411 
0.03329427788296613 0.6522273044833523 0.6987981319824232 
-0.048622313265107575 0.6684267453408921 0.6998756477168253 
-0.04997013789209537 0.6998988999059584 0.686396754136698 
0.02834948088681133 0.5297782408754763 0.6999946042814683 
-0.013142155941507694 0.6917880404514114 0.6986241188826661 
-0.30444652183077126 0.6999649796033787 0.6954302781110613 
-0.028580471664807705 0.6987477680661305 0.6953451181847639 
-0.31901500232270275 0.6955286009021325 0.699433594931386 
-0.08911020503038514 0.6902198732473469 0.6993983850592044 
-0.07833534292693023 0.682658801863363 0.6998775467977038 
0.010676800277699683 0.6642106729484845 0.6997898991181198 
-0.14914761299596235 0.6992849154191574 0.6965254016050679 
-0.29553538816641667 0.699276638020357 0.6970587349128372 
-0.057861430642421885 0.6987805294593693 0.6965215079423661 
0.02188727776921018 0.6963651456072246 0.6965654523945815 
-0.047888167661151115 0.6999991584464857 0.6782541397581621 
-0.03518562643000056 0.6991984079891619 0.6956167384822236 
-0.06405120531223907 0.694687675353855 0.6993018347391492 
0.021848950507020515 0.6835580866053207 0.6997359949759087 
-0.02464632118586385 0.6970612904320886 0.6924434902275501 
-0.3077559168791888 0.6842348635694451 0.6994967852770606 
-0.05995842443771937 0.6984987972588612 0.6986141613416111 
-0.04719918323839334 0.6976223520742455 0.6983145411492084 
-0.26176586365993426 0.6163576502816001 0.6999608034317333 
-0.05591370048201827 0.5901009353683846 0.6997963802198457 
-0.06318580220428038 0.6149012355769825 0.6998228663158619 
-0.1502519717632893 0.6997803307947784 0.6797228964865832 
-0.1154643247011371 0.6995292036483328 0.6856923203061693 
-0.08807524813613843 0.6997770365551184 0.684700158879887 
-0.0029349838762084968 0.5139557970560341 0.6999560135420166 
1.9382470255746576E-4 0.4731071851774361 0.6999888366806581 
-0.023029983745787463 0.6862667580940435 0.6969722827351439 
-0.5007477451694935 0.6999504458615107 0.690646844741006 
-0.42109264519405687 0.6999530042487733 0.6804595255948604 
-0.34308613709995894 0.6994389796103252 0.6878826025760094 
-0.21578704337190868 0.6185161665823665 0.6998335946357427 
-0.20655872311407952 0.6507711934987804 0.6998304637518544 
-0.08902391054747372 0.6434420124380158 0.6997901841657529 
-0.20104216325733404 0.6987285278394342 0.6963066612171286 
0.010665530686102542 0.6922288549479078 0.6962600075217174 
-0.022778095225644 0.6958091457668854 0.6880619870221205 
0.01009515798031324 0.6944554770584318 0.6950701386567025 
-0.17472202793903713 0.699997363763339 0.6582236557713248 
-0.13923060688100763 0.6999271373474371 0.6665978788081973 
-0.16997863761966836 0.6998120094413351 0.667957117875866 
-0.31333391695265833 0.6999857852774749 0.6679376863828943 
-0.05449658640002375 0.6990933995110329 0.6839838026843508 
-0.19036288619467756 0.6988844147314552 0.6932068609492303 
-0.9569983817913843 0.6935174823797958 0.6991611635170695 
-0.12478010657133498 0.6865149735277849 0.6987726835100635 
-0.29058827761809747 0.6869173536322885 0.6991150874455933 
-0.32100846253583626 0.6898961114437941 0.6986330858288821 
-0.03679240209850354 0.6772772602402773 0.6992494098218844 
-0.027031527282074252 0.6769810009843561 0.6987437080532298 
0.018736619997915205 0.6526173477862698 0.6990915416458208 
0.013880041543017252 0.6130899941336583 0.6997137739522783 
0.014561543221436879 0.5400183749726827 0.699553028280516 
-0.004775679693270307 0.6792867841880781 0.6984847468632545 
-0.030292760756194914 0.6428819646758243 0.6994029430884604 
0.006798997667228801 0.664164354775488 0.6987140247966361 
-6.964215610709701E-4 0.6475750978589709 0.6991791922407486 
-0.12593277032606065 0.6617170678786419 0.6995272050425809 
-0.0702576084791604 0.6223259774503918 0.6996669264216164 
-0.0029089039301075648 0.6554731002749439 0.6993249042833045 
-0.03148637287147493 0.657253319053436 0.699427675021379 
0.006751508068438494 0.669230110583794 0.6962712744896589 
0.019775527695477968 0.6673920212197688 0.6947789796917941 
0.02080358814231642 0.6080038816532793 0.6958675435559455 
-0.14879929661872948 0.6823818141568088 0.698962107061924 
-0.1072768891382383 0.6802290418786524 0.6990463422452594 
-0.04311892921581317 0.6968535577015517 0.6867883957473568 
-0.529058306444075 0.6999698803489302 0.5823552560802906 
-0.3188101332880977 0.6995292998514845 0.6170157101160358 
-0.48893611150428007 0.6999033011687897 0.5917235042871922 
-0.2709549395967934 0.697694426010909 0.6680284402398774 
-0.024128861670653867 0.6635997395260554 0.6968807548464526 
-0.2689215762509025 0.6939904533415274 0.6322507984035459 
-0.042214278836359975 0.6934835737192385 0.6918567822845937 
0.01753416637286853 0.6372808874020778 0.695902759229912 
-0.494684417269619 0.5734034524498772 0.6993274581105766 
-0.6227260818879308 0.6943311210267835 0.6960234161520376 
-0.018158706477357178 0.6781590239946306 0.6963080530197979 
-0.1982353045198244 0.6806406483317972 0.6985524982230505 
0.01772965433559681 0.5960761349989135 0.6967000281400542 
-0.003241708923046982 0.644851238285236 0.6984872842485926 
-0.026994062495221405 0.6930389642947229 0.6943306511115819 
2.3353485569810317E-5 0.6264986496122623 0.6990021336132517 
