-0.5394844358514101 0.6999932549160944 0.6672569479916997 
-0.17332922426477748 0.699962095109922 0.687209061251426 
-0.20869034617831628 0.697525548371921 0.6984575987451535 
-0.14733789391906504 0.6965322605648362 0.6993913868696874 
0.01375008483859419 0.5388480990046504 0.6996267407377825 
0.020695939618595505 0.5583862477147673 0.699396874644297 
0.016339162852513134 0.504053073066194 0.6994934530572634 
0.0160852641363759 0.22523792613690777 0.6998004602846637 
0.029401288400378367 0.570412236540838 0.6969041067607165 
-0.07133985286426703 0.6935255832865552 0.6994651825474046 
0.014483826903335162 0.64204090766724 0.6989012811470862 
0.015277065925745403 0.6236028055394764 0.6989494424916477 
0.02726268243489205 0.6688160779809089 0.698891193741501 
-0.2096194903165629 0.6969070698296698 0.6999805922082736 
-0.032056732367999 0.6809992066130369 0.6999194743114427 
0.00831826485431908 0.6900540085218076 0.6997482881921435 
-0.00816011873648792 0.69050518416753 0.6992344695417398 
0.020128175727448516 0.6998935003751321 0.6982904192258966 
0.014238055281270534 0.6236189197060479 0.6993790646858796 
-0.0767459208184067 0.6872492535155521 0.6999344944996316 
0.026381527171421948 0.6725799345589971 0.6988569986009298 
-0.3404545113769495 0.6984450712028593 0.6997648114277272 
-0.4309035412339055 0.6999981550880612 0.6041234231080153 
-5.66620742601387E-4 0.5022977101064224 0.6999807166566279 
-0.06515807830616183 0.699947916133637 0.6796883952289394 
0.02259956136446395 0.6778212399652617 0.6969025232363013 
-0.1615765671987921 0.6967813302716692 0.6983744672598545 
-0.3597480818648713 0.666665686763987 0.6999927088173669 
-0.097249488683262 0.6290345566739626 0.6999956064812107 
-0.013017947723051204 0.6961726332726096 0.6994130108052367 
-0.17612146999405587 0.6999855559878495 0.6511957859192034 
-0.0890222673278791 0.6999803416963102 0.6846525722421392 
-0.35474211763118846 0.6994165169366755 0.6996828938845483 
0.009937177504474981 0.6622164534446413 0.6990632640153779 
-0.0824019893068022 0.6999359468052414 0.6911644553167283 
-0.22311423958293575 0.695071722656624 0.6996292668512101 
-0.21889760182519424 0.6915702129323114 0.6996545265869077 
-0.2953678920403022 0.6895461672455765 0.6997773174538158 
-0.03459056251029513 0.6340976460984277 0.6998984831433687 
0.008195689326790156 0.6838381794316875 0.6991926101589828 
-0.013728742007681705 0.6418391117910871 0.6995969078134128 
0.006381873466029364 0.612598216693312 0.699645877896212 
-0.050249101338742275 0.6664553635403809 0.6994325011197735 
-0.06790896997155227 0.6970351519952608 0.6969157219404106 
-0.016365718296379228 0.6964125983401067 0.6890763456106798 
-0.04743897391018548 0.6968192292444991 0.6966654197185241 
-0.323434693271921 0.6981812408444097 0.6980190144026935 
-0.0436772550512583 0.6994579084888038 0.69181666113663 
0.005801577273340852 0.695308562387366 0.6929138110789269 
-0.060314080822686966 0.6988171316865732 0.692520205391882 
-0.1399641169660084 0.6983328001027331 0.6956663795141235 
-0.05302945236079504 0.697724171174284 0.6960768071581644 
-0.01473348307806277 0.6995038809698888 0.6889422284645562 
-0.07223052983168832 0.6997184800914399 0.6946113030333932 
0.011906248981409129 0.686203877033 0.6921928857234951 
-0.18469313349281435 0.6996297158509198 0.6949772641576079 
-0.07056865673069579 0.6993473487850799 0.6931297372027726 
-0.035153770970106635 0.6991717900497084 0.6902062040368332 
-0.14091537914833396 0.6981163865673377 0.6979214415007897 
-0.2092010588799944 0.6998549819548091 0.6939687503814855 
0.011058780223341724 0.20730903650094346 0.698983520207485 
-0.08226991165194475 0.6863963187036992 0.6994720955623029 
-0.19201403810639772 0.6663258931034984 0.6996160318385163 
-0.24960208351013846 0.665821721377187 0.6998641766905795 
-0.21134757403883286 0.6475100502700838 0.6998681695471565 
-0.16732688104531257 0.6637383754160773 0.6997636192305529 
0.022507845919527036 0.6509118490498847 0.6982831669157292 
0.02280820935607697 0.6570213904544898 0.6957774514112111 
0.024649925023994324 0.4963099614398015 0.6970171267078098 
0.023865149221007576 0.19587734317211666 0.698445128429764 
-0.03202385472865443 0.4532844355539611 0.6998119882701128 
-0.018394621392064714 0.4707581734622383 0.6997287653371659 
-0.07483227364922374 0.6997606628978464 0.6724638822879148 
0.017182446671145657 0.6687799998201961 0.6942468060790379 
0.008884784245618782 0.6774141473319031 0.6927587375374243 
-0.17037732662727811 0.3479463908425112 0.6999024805789509 
-0.3635299108611707 0.582019733177327 0.6999177267935074 
-0.23266110256310135 0.2536557175595524 0.6999061674134623 
-0.10656154535661555 0.045510000670517504 0.6999222930749468 
-0.1469888722818684 0.0818171841585722 0.6999506776953813 
-0.04692192038055487 0.692387896048466 0.6967157483103344 
-0.03896946049442551 0.6898827007639945 0.6991358474419179 
-0.023683258826216358 0.6877936621071393 0.6969416355923032 
-0.037207382278507284 0.6861132589384308 0.6975545057034854 
-0.03609577426593846 0.6811190557136612 0.6992911579267502 
-0.013337909976112172 0.6668839173052844 0.699294363785587 
-0.061045291252810996 0.6927940722362796 0.6991468843650644 
-0.3097811060005071 0.6951243794357617 0.6994074998451386 
-0.020129580005779246 0.6887282900332408 0.6963672724033935 
-0.0901372556594815 0.6960708980056115 0.6979000544075437 
-0.08717923583154685 0.6950420475431688 0.6971459596166509 
-0.029511360834272082 0.6956462464862183 0.6941597916156675 
-0.0350983030009131 0.6958730027137816 0.692406380288356 
-0.05546049775386064 0.6944229933294944 0.698771989053016 
-0.2989357019062622 0.699946491256255 0.643368512785591 
-0.29781904041896845 0.6999427939207651 0.656404331681332 
-0.2736482250757486 0.6999371779302433 0.6528262643104058 
-1.0560168496817588 0.69995958710768 0.5741284680649819 
-0.4664584101165272 0.6992558081476472 0.6982991199866025 
-0.39915189278618235 0.6952174222038898 0.698863208505782 
-0.10626017447371083 0.6997374962954419 0.6902043884852593 
-0.11313871461593283 0.6999254216019036 0.6713072574969109 
-0.14981984427178752 0.6999075890151092 0.6757132244101468 
-0.11026243155591686 0.6998598735814251 0.6860952655906697 
-0.021389298240705568 0.6602787622077593 0.6907790070727273 
