0.7186317358676808 2.5103378009894617 0.7144862204640494 
0.7771662838913267 1.1986731238302828 0.786090388863453 
0.8252499684700361 1.5965136715105128 0.7135396074806427 
0.8247273045917037 1.6213212774205923 0.7005294278917276 
0.7374163919035117 2.3799453974110434 0.7449752098081583 
0.8288252045280731 1.0790952004625973 0.7667801995621601 
0.7810214405885382 2.001598958776788 0.7173325463327945 
0.7110048945355076 2.5565038061407943 0.7096165661879404 
0.8446280578704652 1.127493478266538 0.7531552918194723 
0.816452930538332 1.4790968062284542 0.7543760038048406 
0.7455164392765377 1.3936713430996563 0.7794263424829609 
0.7889120453481312 1.599103157139265 0.7557541310776889 
0.7384233990808065 2.5091745635262366 0.7103014870115288 
0.7655644705525307 1.57503343707829 0.7646226003570784 
0.823551816758537 1.0326525152575008 0.7830848417196655 
0.8267249863576629 1.2892578530425345 0.728826432271264 
0.822350026436222 1.4788165464093581 0.745956219604492 
0.7986540925754939 1.9041181467920527 0.7152238793762928 
0.854293117474086 1.031067067903611 0.7386614800025806 
0.7633585334935102 1.9703719622922118 0.7426301933230784 
0.8035708768652916 1.0033419919233484 0.8036841779530034 
0.829285964174027 1.2150262440390067 0.7560887796619213 
0.8300658312893132 1.4327881875161177 0.7085366138188887 
0.7442205261917589 2.0379180885454113 0.7453666077357904 
0.7973187705426411 1.9049306923440792 0.7294951122322392 
0.84668388022107 1.19588686478357 0.7280001621710869 
0.8038316500799696 1.8143139555854597 0.7340127142659815 
0.7249891453312967 2.144754949177716 0.7528741375575776 
0.7889701923957325 1.7577017618042212 0.7447307533208803 
0.8159634715476662 1.6479767691269898 0.7221457466087808 
0.7374150304319239 1.436781924121614 0.7736790240779645 
0.8328564034420984 0.8521506730189541 0.8081024284085394 
0.8593883583925443 0.9566345996004259 0.7033686494604259 
0.7687734558602117 1.8458441427347367 0.7590694652616832 
0.8350314521524059 1.1963531370896916 0.7392624715093798 
0.8531926637984464 0.9588879282230041 0.7909220313780518 
0.7899557472634919 2.0687897977053167 0.7059447386487272 
0.7454231581214359 1.5275429496391846 0.7693170764486815 
0.854293117474086 1.093510061927338 0.7218595817050857 
0.7977605194589431 1.2345093616861043 0.7812133191354297 
0.7275193624586771 2.651195283281912 0.7005773660101206 
0.812978347665166 0.9046372027647852 0.8102994533925547 
0.7504128480021781 2.464225775811378 0.7172600656177649 
0.7623378702389365 2.1778541797727087 0.7082336120621001 
0.7655631090809432 1.436222032140364 0.7749113609385436 
0.8235059574357294 1.524461987229195 0.7286589589045093 
0.7356963362536169 2.555250123042251 0.7080860246342114 
0.7389800484991673 2.3794218369021785 0.7339081556429286 
0.8055263243639363 1.43508935794697 0.7654482160313767 
0.7228123613861345 2.2195878537196663 0.7512372059167359 
0.7594416450945519 2.1428689310600983 0.7315123184949592 
0.7597267509300661 2.1788242629423764 0.719410423182011 
0.8195382738753536 1.2717828746693258 0.779387751674793 
0.802844849582592 1.843094489669233 0.7209919823138362 
0.7443165302900361 2.2970443020685263 0.7371527935767292 
0.8084476449684137 1.649348503966087 0.7490668277512481 
0.7406657235661669 2.651192392346527 0.7033964516837774 
0.745519162219713 1.677275790913393 0.7590963271112379 
0.7655644705525307 1.57503343707829 0.7646226003570784 
0.7600574090952669 2.14239104180752 0.7232892893323315 
0.7434874416061523 2.602613754806379 0.7056248095943072 
0.7851566909486055 1.7302393644197391 0.7544693842696731 
0.8346744608641317 1.2516688920702073 0.7469433088815359 
0.7850797010598004 1.2722948605166982 0.78147408180895 
0.7926145834561495 2.001164250253816 0.7152215169342541 
0.8237121185288386 1.1283695681297794 0.7721791291130569 
0.8259135764049202 1.5011406106754956 0.730596147007692 
0.8525314730307965 1.1608171622516719 0.7346018095003227 
0.7600851752321824 2.3777388994675324 0.7180816635749666 
0.7384233990808065 2.5091745635262366 0.7103014870115288 
0.7442611124786634 1.8760944233052264 0.7430232574315021 
0.783687155543286 1.0644788674575856 0.7906987524336877 
0.7627427525125454 2.105855140471341 0.7265239988650958 
0.7228123613861345 2.2195878537196663 0.7512372059167359 
0.8136888619107768 0.9882376338481913 0.7923398306317374 
0.7124230936628416 2.5564727529581526 0.7102541779578238 
0.7275193624586771 2.651195283281912 0.7005773660101206 
0.7846847927619451 1.9373076977400328 0.7377022517435293 
0.783252413623625 1.9686687348123828 0.7240459340738657 
0.8459372013042453 0.9590723779579007 0.7973262654346799 
0.755798598180822 2.336660509625973 0.7287395838308419 
0.8489174091022477 1.0464270874474988 0.7350589459344647 
0.8255426506928276 1.2708111544250775 0.7566552980657839 
0.8031374851954798 1.5737364000372351 0.7494417770802536 
0.7426974441797276 2.338248650999224 0.7486123097234421 
0.8145451238541226 1.7011897768939728 0.7289691787590526 
0.7856577921289685 1.8150804022754248 0.742817365870912 
0.7249891453312967 2.144754949177716 0.7528741375575776 
0.8233456035986573 1.6213214383820473 0.7042916644836854 
0.745519162219713 1.677275790913393 0.7590963271112379 
0.7785782909247155 2.036600131381112 0.7407598751063267 
0.8467493851932063 1.111121702918177 0.7623792842594691 
0.8655272524788992 0.8513232018233766 0.7855343200946561 
0.737796245648596 2.4653834249294104 0.7276871192810219 
0.7427907253348294 1.415034194195683 0.7774912142787844 
0.8317025514397574 1.3903690467812007 0.7249276577171953 
0.8332142319554026 1.0173016207386316 0.7786743657045749 
0.7771662838913267 1.3110961505356677 0.7755573443191535 
0.8032989841835007 1.8430923797908194 0.721220777191942 
0.7855806886787027 1.6500106735919684 0.7538112986720724 
0.7899557472634919 2.0687897977053167 0.7059447386487272 
0.822389109601358 1.3914722444952796 0.7551747397951417 
0.802246505776619 1.3304787424732023 0.7736410519184519 
0.854293117474086 1.093510061927338 0.7218595817050857 
0.8159634715476662 1.6479767691269898 0.7221457466087808 
