0.7454990338733025 2.2578696589438216 0.7505294417523052 
0.7546627210607866 2.419300158443198 0.7050022036471134 
0.7533638272929457 1.8466102836352447 0.7558969872809758 
0.8307839737157953 1.2330763145318344 0.7438745764567793 
0.8172709293066196 1.6479785072445288 0.7233056891071178 
0.7297694204592751 2.5115307492572807 0.739744466231839 
0.7504127578772605 2.3777408200878387 0.7173829340736867 
0.7976027287319727 1.904929370007421 0.729612779236282 
0.7362352923991864 2.556474554468888 0.7234331198308738 
0.8054770721150762 1.7845810259550368 0.7226316809430132 
0.7409952290480772 2.465383801679122 0.7246990332695176 
0.8081263618755792 1.5256928906800318 0.7440550947816447 
0.7443266349159229 2.3371757058718092 0.7341300039023975 
0.753250091728656 1.2727938202163283 0.7707349993153729 
0.833026377024078 1.3903721268415543 0.7242103922533046 
0.7722455614839756 1.3928568603985456 0.7644688701423864 
0.7917626489958778 2.0015977082983056 0.7221947817203413 
0.7979979657126163 1.873283288261996 0.717655318058644 
0.7209412012891541 2.7531414688755187 0.7086913066652919 
0.7493320513959767 2.0383866233483974 0.7531463231416244 
0.781900941110607 2.177844331326919 0.7156360363823769 
0.7600562483299504 2.1072537235091113 0.7448006931577834 
0.7699931407097594 1.906970243360949 0.7507639996527371 
0.7838139810187307 2.1039904113587085 0.7019225466425658 
0.7829608793035355 2.1058518079607063 0.7320758560975795 
0.7749263473251461 2.216109462067092 0.7192208524773993 
0.8013684894490049 1.9033044436402977 0.7047355019915069 
0.7913923670050748 1.7302231545278186 0.7488718328648789 
0.7645990456823551 2.217110041388809 0.7308288488758662 
0.74153526806369 2.4642218113866017 0.7164501949499199 
0.7975650111012431 1.757318090492754 0.7416651723724753 
0.7412236480575429 2.5091515179122332 0.7091148490409167 
0.8265055655175837 1.572143475224982 0.720090282132062 
0.7257023776447005 2.752461655976995 0.7009904653162753 
0.7567148519506942 2.2181124624777375 0.7419418861446332 
0.7923199811431305 1.4803009431406742 0.762563898226798 
0.822844680396101 1.6226494611458924 0.734360320622217 
0.7567360523818258 2.3760850835903318 0.700203182365829 
0.7305857961795033 2.7011338637181916 0.7043949183082792 
0.8180635258994124 1.7554841164586883 0.7143869821554352 
0.7950474269264903 1.9347929062776712 0.7005736638827115 
0.78332882150419 1.815442676491149 0.743506351666266 
0.8461918609420157 1.232593912722307 0.734426299698907 
0.7492870243922283 2.463059502297783 0.7013925321523965 
0.7726537886115425 2.071066473456601 0.7369326820374544 
0.7672602944800181 2.335020813518488 0.7141184023281559 
0.8154045531718188 1.8123854828372983 0.7051357239796272 
0.8123929637256246 1.350205580247294 0.7555837442430801 
0.7936347924673036 1.2342816470637592 0.7629762546183899 
0.7572080975907338 2.2959931300038217 0.7313521507454018 
0.7452264428100921 2.508552537506701 0.7061906240053402 
0.746599342077622 2.4642241196940335 0.7126903702140306 
0.7316244194736933 2.42269912164537 0.741120401768496 
0.7238928417045518 2.604470710448855 0.723259336857386 
0.825550241493647 1.478518843784479 0.7368498030381309 
0.7205346311861978 2.860216948251448 0.7052062215971527 
0.7285692297830022 2.7024578303647138 0.7182283394608415 
0.8016056267585561 1.7295041137274236 0.7397727448226538 
0.8033736606155217 1.8430946470152703 0.7212200617165971 
0.7238928417045518 2.604470710448855 0.723259336857386 
0.7959927945460995 1.9347923480785494 0.701166138856385 
0.810197252137951 1.2712978244155007 0.7579301658866242 
0.7805279751180567 1.9699476943120817 0.7421902709010613 
0.7567148519506942 2.2181124624777375 0.7419418861446332 
0.8172709293066196 1.7554844703292494 0.7139499521344738 
0.8144391983795869 1.8123876445890028 0.704714766619049 
0.7266664336008952 2.702460258481292 0.7149185958606944 
0.7492870243922283 2.463059502297783 0.7013925321523965 
0.7243937255563696 2.5576985755741277 0.7360491063458936 
0.7822126591604579 2.03615651584867 0.7352243598905882 
0.7985468328019498 1.873282218170192 0.7179623665454055 
0.753250091728656 1.2727938202163283 0.7707349993153729 
0.7649877242297056 2.179310941662786 0.7317327873915555 
0.7722455614839756 1.3928568603985456 0.7644688701423864 
0.8294400484168056 1.3093048397735996 0.7429908585933739 
0.7319865061716802 2.7524581795567493 0.7000411400157476 
0.746599342077622 2.4642241196940335 0.7126903702140306 
0.747014489045208 2.256844983248291 0.7359203527623542 
0.7452264428100921 2.508552537506701 0.7061906240053402 
0.81422902803492 1.1623964524800738 0.760668165019502 
0.7635952290491372 1.9385386877466957 0.7465717709520988 
0.7492871926756013 2.377743155853432 0.714520649151766 
0.833026377024078 1.3903721268415543 0.7242103922533046 
0.7765252453248751 2.2156093559582146 0.712137261620785 
0.781900941110607 2.177844331326919 0.7156360363823769 
0.750204560209293 2.419870115887014 0.7041495468218147 
0.7493320513959767 2.0383866233483974 0.7531463231416244 
0.7424136807119219 2.338250974519478 0.7484668881758081 
0.7409396075987833 2.555862451479849 0.7136944115303441 
0.8002615649246303 1.8442628485718053 0.7389555549461068 
0.7443266349159229 2.42099947962414 0.7233096945122862 
0.7209412012891541 2.7531414688755187 0.7086913066652919 
0.8030064365934042 1.7287859673866468 0.730272070428901 
0.8298754050892383 1.349403277531569 0.7395842600189906 
0.8435040112268627 1.2700522232471163 0.7327258081618141 
0.8251616402185942 1.673805240604802 0.7192243162644301 
0.738119221370749 2.6032102621509927 0.7172568868863373 
0.8265434906091911 1.5241548999542918 0.7240796611991641 
0.7776409415020338 2.071065462229701 0.7395803989640095 
0.7864601947609123 1.5263100757010095 0.754539328695625 
0.7722184181836749 2.14191492160573 0.7256627682033376 
0.8251616402185942 1.5731004234762638 0.7435591251404804 
0.737435484841112 2.379947779338172 0.7450092568547867 
0.7949148790168199 1.9686675628109107 0.7278396048117922 
0.7320432347304326 2.6511932599589616 0.7034426337982911 
