0.8315127605557983 1.348338566043516 0.7221565186304028 
0.812603198324912 1.5250935572186428 0.745050837535183 
0.7449675067147978 1.5753210571430734 0.7598926323436631 
0.8304500768308465 1.4110992715221975 0.7194797882793734 
0.853016722853483 0.9167259888790444 0.7708289241576822 
0.7642469017017064 1.7864352607954896 0.7435457291121184 
0.7243732711471815 1.527835691696321 0.7644208709554764 
0.7697273591983793 1.457758710057996 0.761363559564218 
0.8105032866097499 1.8423122607720772 0.7094821728983203 
0.7496442076517893 2.1067844193952157 0.7332669589312353 
0.7901638942039199 1.967817982724397 0.7124547815983037 
0.8046354740409497 1.7565836457364923 0.7299911684389542 
0.7734096694368293 1.5746978619124072 0.7609002906319527 
0.7925691776238606 1.623995093612131 0.7550072674820353 
0.7500897199275047 2.336638431527215 0.72983931532527 
0.728768710623372 2.7011361868685153 0.7033888965651507 
0.8429555021128917 0.8902971448290842 0.7827432872531532 
0.8503856030129936 0.943357262763866 0.7287308803867565 
0.8406589370290006 1.1268488324292398 0.7290529328220876 
0.7675328425679044 1.624642481216379 0.752508864218259 
0.8098179758640147 1.2159725139880886 0.7811210609530509 
0.8404007636166891 1.110682520265435 0.7435415991603065 
0.7709009666103592 1.7576671180323866 0.7403334108088031 
0.8125488918224048 1.233570453262417 0.7592153251347105 
0.8102911973460014 1.412782968047356 0.7537952187464818 
0.8476208338434413 0.9302192420638676 0.7573703334148554 
0.7907860494039524 1.7845811238072535 0.7166645536487987 
0.8502896474401869 0.9865201563577743 0.7443557767790552 
0.7727674610469291 1.730242265952629 0.7500863124153555 
0.7689537729221422 1.9695183052107434 0.731134107978061 
0.810710171139892 1.647641092320169 0.7137561770027582 
0.8096500652550689 1.330217575088414 0.7700174077824211 
0.7288242428972032 2.6038417312667983 0.7216660398770532 
0.7778982437221522 2.140485892631184 0.7088936461954779 
0.786114432359953 1.9045236956927252 0.7189787536896406 
0.7447126635530115 1.730927796018664 0.7492319258024347 
0.7321265582900724 1.625310282315389 0.7524409230412042 
0.789736171952109 1.8438751468713426 0.7286806609511399 
0.8258705967586264 1.454846169524383 0.7136653691570034 
0.8309422184896315 1.3289071955161342 0.7440467963489957 
0.8303743627294949 1.179115770444901 0.7518422202815499 
0.7699836000576193 2.104925086455198 0.7152693049715806 
0.766378312389209 2.1793127827100927 0.7325732259333958 
0.7888010476620775 1.8442635454403786 0.7358634103871883 
0.7728722624817276 1.729881195200845 0.7424672249659771 
0.813230362023046 1.523863444216217 0.7152982200461647 
0.7907860494039524 1.7845811238072535 0.7166645536487987 
0.7706825940235333 1.599414805715996 0.7586246154062292 
0.7447140250245992 1.7587876934451676 0.74531169442396 
0.7733136653385522 1.5994148797064434 0.7557821814004984 
0.8151859649173123 0.9729827577372389 0.764188264395371 
0.8105032866097499 1.8423122607720772 0.7094821728983203 
0.7778982437221522 2.140485892631184 0.7088936461954779 
0.8046354740409497 1.7565836457364923 0.7299911684389542 
0.7896679049374296 1.649656231583218 0.7523693735233941 
0.853016722853483 0.9167259888790444 0.7708289241576822 
0.8467777529973768 0.9579606954439257 0.7489662540308456 
0.8256663163268693 1.5002093343496559 0.7101003021569032 
0.7642469017017064 1.7864352607954896 0.7435457291121184 
0.7444185794799991 1.575321571709301 0.7596281251397301 
0.8096500652550689 1.330217575088414 0.7700174077824211 
0.8126410234490713 1.4333627597608436 0.7226238889875362 
0.7858469581692833 2.0357126316572116 0.7292573725994725 
0.7831882452458455 2.104924125625788 0.7199855332577201 
0.8075112357161969 1.3502038613225935 0.7565510988466453 
0.7500897199275047 2.336638431527215 0.72983931532527 
0.8433177948359141 1.0941452679065375 0.738387759081541 
0.8131899120926953 1.370253246975059 0.7431185600525325 
0.8300842595509892 1.1970503160956703 0.7621240121915044 
0.8094975524048584 1.5731011099427217 0.7374449352303928 
0.849431076703743 1.1102540605533897 0.7333233215311361 
0.751353975135427 2.0716217524602345 0.7361233262811037 
0.8373249501928224 0.9871018446133651 0.7601695312815353 
0.7706825940235333 1.599414805715996 0.7586246154062292 
0.8129527108831683 1.3909228291438558 0.740956290894348 
0.8433935086307749 0.9722411278749913 0.7488694100220888 
0.8404007636166891 1.110682520265435 0.7435415991603065 
0.7642469017017064 1.7864352607954896 0.7435457291121184 
0.8094975524048584 1.5731011099427217 0.7374449352303928 
0.7898599102607851 1.8434837165140845 0.7214851164310188 
0.786114432359953 1.9045236956927252 0.7189787536896406 
0.8406589370290006 1.1268488324292398 0.7290529328220876 
0.8125450512773107 1.2710486988359213 0.759324890130972 
0.8258705967586264 1.454846169524383 0.7136653691570034 
0.7897449013942814 1.413627585466363 0.764844695311281 
0.7888010476620775 1.8442635454403786 0.7358634103871883 
0.844913951654455 0.9442605314276127 0.7649568894894841 
0.7499937158292276 1.5510451170558153 0.7635593418193236 
0.7878722349737346 1.6758742623707945 0.7465268509860864 
0.8319658548089144 1.3898205445751175 0.7210161440871726 
0.8101247463456273 1.7284267551727477 0.7260050278866486 
0.7902168321722282 1.5026246223510626 0.7560655487706178 
0.7500897199275047 2.336638431527215 0.72983931532527 
0.7490007230864764 2.071501903335424 0.7373546274114843 
0.7858469581692833 2.0357126316572116 0.7292573725994725 
0.7701336667887347 1.5994153299554454 0.7583741203145173 
0.8433935086307749 0.9722411278749913 0.7488694100220888 
0.8106028260838014 1.4125010138450476 0.7464643733686144 
0.844420549534265 0.9170723024009519 0.7822398076427642 
0.832563978679657 1.0318640287189524 0.7569333003027712 
0.7642469017017064 1.7864352607954896 0.7435457291121184 
0.7888010476620775 1.8442635454403786 0.7358634103871883 
0.8333664374975214 1.309045767638227 0.746027282358816 
0.8095380455988523 1.573099700664249 0.737223178552451 
0.7918561756981701 1.4136410249138938 0.7622787564818769 
