0.7768913289817809 1.5746841455814098 0.7603084084352695 
0.8307246186033698 1.2705399528178791 0.7478470260329451 
0.7621585428823617 2.255304300543994 0.7195419416622723 
0.7567172406594207 2.3350212794775036 0.7080942462262745 
0.7646483023571587 2.215610682318212 0.7060939794831245 
0.8024083058232897 1.8430966544673417 0.7205686087332861 
0.84637014297305 1.1102536884130985 0.7274603247018248 
0.7459167420205834 2.420438503585669 0.712901783399697 
0.7366026297262451 2.379947779338172 0.7445397542740824 
0.7441954103415558 2.555252798026292 0.708314885564416 
0.7599527115974551 2.255816514705613 0.7289818587581615 
0.8354966067045384 1.0472372960447545 0.7513026518391376 
0.8118063159750863 1.4791139934269468 0.7425156216837568 
0.7603983788508504 2.2553105468118426 0.7144496064578044 
0.8025975910766685 1.7291462715280985 0.7363526940500776 
0.7388197163214767 2.60258522050536 0.7047293646483624 
0.7885928934391644 2.068788336394811 0.7050793908303435 
0.7620905468535997 2.180290693512777 0.7455863374827795 
0.7520785043128717 2.217613179590923 0.7318544439797596 
0.7740934922102792 2.215609691803875 0.7111589557989432 
0.7827705664583731 2.036155624201716 0.7354134032645768 
0.8376557591947472 1.1436992843065044 0.7177188481555916 
0.8145540844784008 1.8123845484084522 0.7044919568345022 
0.7220830830274483 2.219588244897384 0.7508085442970798 
0.79700355120623 1.4796928221282708 0.75794158605547 
0.7939685892248962 2.0352654259046297 0.7236200283382396 
0.7719185658675881 1.1461336011166658 0.7655441549416299 
0.8250617307948436 1.4336981150105668 0.7348039434123004 
0.819758108589305 1.7834558673484646 0.7080728150408057 
0.8356581937153507 1.1441434862584186 0.732151305466512 
0.7366012682546574 2.108163488224792 0.7523228029340648 
0.8035244228581893 1.3103239542308458 0.7624170328084535 
0.8357262870149272 1.2506795859313153 0.7123334793823899 
0.7794691879960111 2.1778463838229416 0.7147224288086067 
0.8318340164627276 1.4776310743678176 0.7159558140774172 
0.8363403060948339 1.2138527850375178 0.7168837512899883 
0.7370114756860597 2.4653863285217885 0.7264559315555831 
0.8172130572059945 1.7554841164586883 0.7137449509828883 
0.8287865247661549 1.5241555173405807 0.7215250342597026 
0.8323476006602946 1.3898202076758055 0.7101732700506831 
0.7331223965625804 2.65119924747745 0.7063882710885993 
0.733150094805147 2.5558659155425345 0.7171494990240471 
0.8224738668929124 1.6223202430618895 0.7267718194612787 
0.7452542436337575 2.4648057075542433 0.7196664808388883 
0.7992963726990538 1.9037089991102083 0.7111275087247251 
0.742442792038259 2.337175410002123 0.7331841859070996 
0.7767524649378729 2.1419143826662985 0.7280696693011052 
0.7643416197517551 1.9069503023457286 0.7552797998733581 
0.8532368044381075 0.8761568799521808 0.7363915256234459 
0.7822771761931941 1.6493201716292216 0.7399902119451218 
0.7121771426579802 2.5564744088522016 0.7100964060187911 
0.8356858919579172 1.3286587926034765 0.7258712543754712 
0.8226252950956153 1.7273492672210096 0.7100210998520202 
0.7966184462972293 1.936452627643761 0.7289677093315329 
0.8199309443908522 1.7830796704947194 0.7004354872683433 
0.756954347219961 2.376636070201084 0.7044006116544037 
0.7103397369555682 2.510903506699346 0.7207230171112884 
0.8117495580183656 1.2521369272602214 0.7529765559175461 
0.8002704705671452 1.9033044774533026 0.7041676227028004 
0.7939685892248962 2.0352654259046297 0.7236200283382396 
0.8316825882600245 1.3488744217674602 0.7277901737240601 
0.762677331139074 2.179800375934842 0.7382839686377569 
0.7885928934391644 2.068788336394811 0.7050793908303435 
0.7405232836018862 2.55525293643565 0.7058672901273944 
0.7438724001092182 2.337173905154059 0.7319771959306554 
0.8199309443908522 1.7830796704947194 0.7004354872683433 
0.819758108589305 1.7834558673484646 0.7080728150408057 
0.8356858919579172 1.2143258618019608 0.7303440502907896 
0.8172130572059945 1.7554841164586883 0.7137449509828883 
0.79700355120623 1.4796928221282708 0.75794158605547 
0.7736221331479975 1.129246488894809 0.7667300537630215 
0.8268922658065913 1.179575726967554 0.7625811832872563 
0.7768080863871669 2.071065462229701 0.7391337133447363 
0.7502803326304912 2.3766426237489986 0.7023007746153173 
0.7366026297262451 2.379947779338172 0.7445397542740824 
0.8254928766193524 1.5011298084304883 0.7286593292491284 
0.7949426897414669 2.0348192774578324 0.7166148045878434 
0.7866726391231904 1.0960447047802706 0.7670838364721905 
0.7374746251301145 2.465385928798953 0.7275310273758068 
0.8171244838852691 1.4785057912496662 0.7387122434126242 
0.7536949051065817 1.9385198140380342 0.7485543212870336 
0.733150094805147 2.5558659155425345 0.7171494990240471 
0.8052057077154047 1.479165373782489 0.7486366767663462 
0.821518461445728 1.6476407720680535 0.7185233655990854 
0.8363403060948339 1.2138527850375178 0.7168837512899883 
0.8340398842100312 1.3688987345799681 0.7103508467586955 
0.7566024315730535 2.3350225961815445 0.7061441193873873 
0.7721035600506213 1.8450271674369152 0.7450083829644014 
0.7821281607236048 2.105852452475176 0.7316270911897232 
0.8041712979212521 1.8724856422622953 0.7053154728668244 
0.8025975910766685 1.7291462715280985 0.7363526940500776 
0.8354966067045384 1.0472372960447545 0.7513026518391376 
0.7366012682546574 2.108163488224792 0.7523228029340648 
0.8319569733491807 1.1111246199714597 0.7489426563716857 
0.7103397369555682 2.510903506699346 0.7207230171112884 
0.7599527115974551 2.255816514705613 0.7289818587581615 
0.8397078727573314 1.2504218876811886 0.715516327094926 
0.7949148790168199 1.9686675628109107 0.7278435546612622 
0.7621585428823617 2.255304300543994 0.7195419416622723 
0.7459167420205834 2.420438503585669 0.712901783399697 
0.7441954103415558 2.555252798026292 0.708314885564416 
0.7347589419467072 2.602585693885249 0.7029585944526314 
0.7821281607236048 2.105852452475176 0.7316270911897232 
0.7885928934391644 2.068788336394811 0.7050793908303435 
0.7599527115974551 2.255816514705613 0.7289818587581615 
