0.7918549381093893 1.9670869348005966 0.7004745320170307 
0.8093110224130677 1.8419249387433436 0.7011526778744676 
0.7695948621361792 1.6506737421877244 0.7627478197164118 
0.7227583690647421 2.701800329599808 0.7075335418531722 
0.769408139010133 2.254795044382106 0.7157105182120673 
0.7466082709734517 2.4204384188110035 0.7198202801949085 
0.8137288512337862 1.5021196133090682 0.7549533242816804 
0.7078540077033177 2.7538847526892356 0.7054365626693814 
0.7648932375222764 1.8159668040060792 0.7448863970458812 
0.7243746326187691 2.557695936529262 0.7360148056348007 
0.841089890076019 0.9730444986287936 0.7829932033615122 
0.7941480181280123 1.7569690625969492 0.7324686015976632 
0.7833585818754268 2.104922890178761 0.7166561120069043 
0.7143034490966028 2.298237428953143 0.747694637376869 
0.8446710693660471 1.0460779976172678 0.7188296581059833 
0.7735855939445642 1.392636126727633 0.7660669336529572 
0.7098652447280814 2.3804707505028895 0.7421623368950447 
0.749150832707813 1.5510459840888609 0.7630967166375964 
0.7289086219683527 2.701312838689481 0.7001819232667886 
0.7935004539139876 1.6233920128670292 0.7372424982445402 
0.7936219216230896 1.5741065738979916 0.7565276968861309 
0.8173441855313845 1.6214150583235278 0.7023864738253851 
0.7493879667925492 2.07195406502425 0.7449985783878137 
0.7243732711471815 2.257842254554627 0.7437743748507933 
0.793822135877188 1.457256106585373 0.7608294392366661 
0.7861119668186767 1.904523752714524 0.7190465803185302 
0.7662040589674051 2.217221220321566 0.7308033039902837 
0.7504114168354573 2.106784530515669 0.7335017640556751 
0.8552680615129797 0.9867743010417616 0.7564535271218613 
0.8151004395664683 1.2715476691680383 0.7741116179721643 
0.7309075239512492 2.5565018038428033 0.7234502246911297 
0.8176851045624574 1.5242714517429232 0.721403202797632 
0.828667289647845 1.2148236753461144 0.7528559550889534 
0.8146415016593355 1.3909504658883542 0.7404489984721957 
0.788573981785654 1.7857200238722393 0.7406524682798796 
0.7519662287769124 2.3783178741166653 0.7282367496304342 
0.7362528880337984 2.509308962745886 0.7104727420736535 
0.7314587335337246 2.181351224622013 0.7502976298803303 
0.7296557002552564 2.60400987442391 0.7216370587400017 
0.8318595996512557 1.4106117653257348 0.7072230138101318 
0.8066231726979147 1.6741510229444634 0.7176558394806094 
0.724849128990543 2.65248259606423 0.7188346722917822 
0.7846834805120947 2.035713346647022 0.728548869352761 
0.7971738391577012 1.842808161996912 0.7113526639993937 
0.7455937287124362 2.508123789885121 0.7011337207149767 
0.8260888921264575 1.369426787735946 0.7333930433441703 
0.8319976779320999 0.987373706243345 0.7678368596977259 
0.7488896891642596 2.463672186695042 0.7089976953493426 
0.826438473436752 1.454554219115049 0.7093189250740083 
0.7285869204073143 2.5570858701243204 0.726486894673408 
0.8317913899403397 1.3895892823016567 0.714351083286245 
0.8366513596426 1.1099029914539655 0.7124042194676695 
0.8145353548636985 1.7555032113384086 0.7125261572271718 
0.7637296803134931 1.9377268365601925 0.7398546830901929 
0.8342079943961995 1.2143791169953868 0.7424969539734493 
0.8136004471108484 1.5485822044815003 0.7306179068776474 
0.7447140250245992 2.3788448613574698 0.7336738746246251 
0.8151004395664683 1.2715476691680383 0.7741116179721643 
0.7285869204073143 2.5570858701243204 0.726486894673408 
0.7230888457941218 2.701796831709278 0.7052044018913984 
0.8163195215019011 1.72780818387738 0.7155141421696426 
0.7800270384465675 2.1409642776624906 0.7144395596578028 
0.7902837492692918 1.757416352910781 0.7434997269415635 
0.828432168800458 1.4325527453019211 0.7123046130564987 
0.7447126635530115 2.1072307874431964 0.7417516130686539 
0.793822135877188 1.457256106585373 0.7608294392366661 
0.7590908304439462 2.071520134649205 0.7368926045318047 
0.7874308470967935 2.000319706405613 0.7006568862274872 
0.8303386459665505 1.0631076642207518 0.7657738099621366 
0.7291298658925414 2.7011722579312747 0.7020450638263159 
0.7465905212879005 2.421027752664287 0.724601500644022 
0.7271016954459587 2.2191355564066226 0.7464159895445829 
0.8090458878874665 1.872106556923971 0.7013775391288007 
0.7631848315102264 1.9704554514523607 0.7411497135582463 
0.7916026596810152 1.9356452916777909 0.713823628999442 
0.7644692988028412 2.2944481794124427 0.7133836916050332 
0.749150832707813 1.5510459840888609 0.7630967166375964 
0.7224261831282901 2.702455101240496 0.7121458831556782 
0.8037447384769182 1.872486051311916 0.7049959700322501 
0.7858455966976956 1.7029360422535567 0.7546617934498885 
0.8106975083235028 1.573171800946345 0.739901443469677 
0.7893299080633271 1.8438739249185208 0.7285765634713227 
0.7297503275216746 2.511528178261112 0.7397194157257792 
0.744051450136851 1.7871842602171137 0.7460657699443295 
0.7387907444317429 2.5091495927051284 0.7074909696237507 
0.8388129840080241 1.0787021343869927 0.7610446192624214 
0.7754973228960345 1.7031191069700433 0.7521083394970202 
0.7722173005269392 1.4356529386792707 0.7636290337188714 
0.8210829238256788 1.4113798166526 0.7198568884728452 
0.7689033682437855 1.7588857537654223 0.7617138285991972 
0.8301815380142032 1.3088162528003793 0.7372796779538208 
0.8141238170901072 1.5969142564682461 0.7235535067390569 
0.8173441855313845 1.621414525172899 0.7024135362731013 
0.8146415016593355 1.3909504658883542 0.7404489984721957 
0.7662040589674051 2.217221220321566 0.7308033039902837 
0.746893513865118 2.4204645378806076 0.7133008654270021 
0.8446710693660471 1.0460779976172678 0.7188296581059833 
0.8173441855313845 1.6214150583235278 0.7023864738253851 
0.7358669941620559 2.554645497648822 0.703257341556211 
0.8144391851029678 1.572548943133551 0.7248176394288856 
0.7465905212879005 2.421027752664287 0.724601500644022 
0.7296543234233975 2.219086473223978 0.7474684618629068 
0.7286335218921602 2.556639596211916 0.7228463710949145 
0.7921123683935503 1.4797080494744224 0.7579608889224704 
0.7662040589674051 2.217221220321566 0.7308033039902837 
