0.807151026636158 1.6741475712151987 0.7160918447206459 
0.7770627671173715 1.7036402665650883 0.7650748134237199 
0.7382241791257899 2.752461675322202 0.7017774200143961 
0.7476986844861904 2.508587107193 0.703517977791544 
0.7408550767138946 2.6511939672948523 0.7034780549002695 
0.7090892354812757 2.379920668360895 0.7342566585071928 
0.7853662906300333 1.8446721677767897 0.7434054651436364 
0.7623872430470573 2.335029801837354 0.7089963436947327 
0.8055035526283679 1.7845784587414277 0.7227801680799848 
0.7922359758406993 2.0011647465831204 0.7150258422285637 
0.7976799824159754 2.0683603930781147 0.7000856269680793 
0.7793354619576606 2.1414383162117008 0.7216455211258127 
0.7340132804063195 2.6032452971537996 0.7096045373824873 
0.7313254361013934 2.701830914538885 0.707803317553029 
0.7770641525818494 2.1778542168877295 0.7105023530586818 
0.7476387134265277 2.4637958050251623 0.7069757683647634 
0.8096590633360217 1.8419219718566118 0.701541274923354 
0.8402229680602645 1.1268702247850328 0.7200706648769808 
0.7576968644812221 2.4194171746157247 0.7003802684194083 
0.8400236129043943 1.232136454059258 0.7156575806576989 
0.8294522278886058 1.5017756811084941 0.7474450799700116 
0.7776726374579345 2.2151175241081913 0.7025670294529124 
0.7974400053618304 1.8732801057462247 0.7174316558973738 
0.7292810820603264 2.753172901793276 0.7061904163114909 
0.7985994239693883 1.1803183223472622 0.7674534176745456 
0.7420262363677205 2.337714125377145 0.7408118750483677 
0.7423228413450689 2.5558943652949857 0.7149190436673533 
0.7422559711483482 2.4654133302843517 0.7283268531996978 
0.7276431362018554 2.702491324128412 0.7179272669576149 
0.8385851877034306 1.1615134634123754 0.7390986557819588 
0.7651143184603533 2.2944531725223962 0.7111807992673524 
0.8267055082569774 1.5718214107315824 0.712386972097577 
0.7573454605595771 1.1989753670724 0.779493792331912 
0.7680468515630714 2.14241786495181 0.7316519615617427 
0.8384527283011216 1.3088267682420345 0.7287983579673049 
0.8056149885506687 1.7555380661314082 0.7090553554141255 
0.747055039691062 2.421030680368044 0.7183164732418806 
0.725949729495208 2.753174565949228 0.7041898324795611 
0.7379578326594083 2.5564755328725526 0.7245583801087021 
0.8402229680602645 1.1603883072252072 0.7011678637371441 
0.7653082783862408 2.293489426373204 0.7000923455488637 
0.7977238564311542 1.599087463977599 0.7628860993983259 
0.7950941524043831 2.03437674142481 0.7093790339272041 
0.7640223932971069 2.334491824615318 0.7018850555413427 
0.8004130702663741 1.8438728285186823 0.731674650337734 
0.8368829818946089 1.1448399840436823 0.7563802034961872 
0.7488094656209798 1.907481046139477 0.755585699347469 
0.7586743726438779 2.295470637839094 0.724364009795996 
0.8293642666709615 1.5241543246728668 0.7216091548329324 
0.7853662906300333 2.0706317119501874 0.7340743893344754 
0.8217873901276048 1.572506165164593 0.7260550216019827 
0.8293933606206096 1.5238473487216 0.7141124961711167 
0.7770627671173715 1.7036402665650883 0.7650748134237199 
0.7420262363677205 2.337714125377145 0.7408118750483677 
0.8027880020221692 1.7287841215674091 0.7302328042776002 
0.7797912279951454 2.1409909714525246 0.7126647327157675 
0.8200129596032493 1.783456439974988 0.7082938584737486 
0.7793354619576606 2.1414383162117008 0.7216455211258127 
0.7467798744356282 2.421030517951386 0.7248688379558068 
0.7654144010947992 2.14289394492745 0.7407123675164317 
0.7382241791257899 2.752461675322202 0.7017774200143961 
0.747726382728757 2.4204661999649275 0.7144564795888739 
0.8537223516600297 1.0460432581882704 0.7182019988173499 
0.7249160733746658 2.753820349590776 0.71570482253798 
0.8293642666709615 1.5241543246728668 0.7216091548329324 
0.7850682450298786 1.5990882865569322 0.7578892201220074 
0.8336575988387419 1.4551926986864807 0.717921787200624 
0.8386609420798383 1.1787031420673637 0.7390831231055934 
0.7440528116084387 2.464806042771963 0.7226543034902112 
0.8281393181352937 1.2519375956267274 0.756124099102321 
0.7562616810082791 2.3777415952148337 0.7158716947536559 
0.8096590633360217 1.8419219718566118 0.701541274923354 
0.8400236129043943 1.232136454059258 0.7156575806576989 
0.8057699179820864 1.7019102643772843 0.7399623407800332 
0.7780065498733597 1.1293087322334314 0.7778981684226162 
0.725949729495208 2.753174565949228 0.7041898324795611 
0.7776726374579345 2.2151175241081913 0.7025670294529124 
0.785775407774136 2.1405137286186653 0.7082309120302461 
0.8369322882075773 1.3904111146527516 0.7276119569772376 
0.7362644259527609 2.6032147619545 0.710745479101662 
0.7950941524043831 2.03437674142481 0.7093790339272041 
0.8402229680602645 1.1603883072252072 0.7011678637371441 
0.7236087821800725 2.5570888309172934 0.7281634882119973 
0.7034308671165104 2.466516988797347 0.7287285839519639 
0.8005671127664542 1.8732994535409533 0.7169491036941315 
0.7563022029173002 2.419335545689909 0.7011972460937715 
0.7956844918058122 1.3507900316955668 0.7670647660616347 
0.7651143184603533 2.2944531725223962 0.7111807992673524 
0.8004988073871369 1.8434810413703695 0.7240519372906047 
0.8322920157781858 1.5005390952799862 0.7163104702242002 
0.7985994239693883 1.1628911365719188 0.7723074088474499 
0.7766368886910937 1.1632995334818537 0.7750871393001038 
0.7776726374579345 2.2151175241081913 0.7025670294529124 
0.8005671127664542 1.8732994535409533 0.7169491036941315 
0.7393776042920046 2.3377405003269836 0.7393665412824513 
0.7770627671173715 1.7036402665650883 0.7650748134237199 
0.8372427591650136 1.196851547547451 0.7492260086464014 
0.7474288981588877 2.3789789178714855 0.7328034175526443 
0.7563022029173002 2.419335545689909 0.7011972460937715 
0.7440528116084387 2.464806042771963 0.7226543034902112 
0.7034308671165104 2.466516988797347 0.7287285839519639 
0.8109515534235295 1.597537511854317 0.7276940593145688 
0.7589887564215752 2.3361254637669346 0.7180427955151527 
0.829564946657943 1.5238463302609526 0.7141972920837852 
0.8375731575127325 1.0943886735254835 0.7421653617904531 
