0.8321461693656168 1.2325853469860655 0.7362502699735273 
0.7808965295414205 1.9695240542886572 0.7349462804781521 
0.7426974441797276 2.338248650999224 0.7486123097234421 
0.7841068045603781 2.1044597648952617 0.7097479898333139 
0.8257672812957467 1.4125025562414983 0.7531529040913094 
0.7625534560374281 1.7580348504009484 0.7434338283647519 
0.8334806903190488 1.2695577811476784 0.7150038448626164 
0.8004597929292165 1.9033035296144922 0.7041744717948416 
0.7600372575103813 2.377189585768967 0.7105569453913569 
0.7728329813920565 2.071068088709255 0.7370314501483394 
0.7546615634903023 2.420434321758187 0.7144442191686119 
0.7415340370653674 2.379394764019954 0.73529064864576 
0.7827718011512409 2.105389967995628 0.7246011084836378 
0.8326275108469858 0.9314728280601148 0.8060198093400757 
0.8232017779566878 1.2521344108626389 0.7643288907026929 
0.7600574090952669 2.3766419891135557 0.7029265814270063 
0.853648266987922 1.0774303516221897 0.7211806120230236 
0.7124609806496616 2.6524835937466293 0.7078790409963123 
0.7826744758564324 1.5029286650198919 0.7597049291598995 
0.783042926396112 1.3713246004361572 0.7632543698919484 
0.8218795619881392 1.7273499376436319 0.7097015925861513 
0.8323537485160046 1.348873898598209 0.7280736409089402 
0.7426974441797276 1.7313046854092935 0.7523975198508126 
0.8035627772142255 1.2157343323801155 0.7703044569943022 
0.8543977329641373 1.015732685156693 0.7309036891643191 
0.769636739621991 2.25377576320958 0.7007846304372994 
0.7160007844105072 2.7017962998055336 0.7026484295188425 
0.8497123225535076 1.0468241358534516 0.7509147544971354 
0.7450004919770563 2.554645053923399 0.70126837813507 
0.7778679336374654 1.7029351089640836 0.7505256254185306 
0.7578692838891319 2.18028955912362 0.7432596287686551 
0.8266961343191115 1.30930748678688 0.7407773284037859 
0.7458597911494809 2.337172751502688 0.7331863422647865 
0.7979523614960562 1.9682463612984624 0.7188039153479662 
0.751660929952105 2.3360997193057487 0.7157116145395147 
0.8272084996314006 1.5715033623538026 0.7067184742590439 
0.8143722653456135 1.7011903074592594 0.7290222115418761 
0.8257686427673344 1.5724609483951009 0.7289186723231248 
0.8296202280376537 1.2147865988649298 0.7499395167404146 
0.8245917734222687 1.032652842855665 0.7838588727399705 
0.7127523849762105 2.33875953066098 0.742515229531179 
0.8053697795022065 1.3707816541111746 0.7593411315492469 
0.7351097921602262 2.6518416231358635 0.715162294052353 
0.80176733976369 1.842704472441095 0.7130004938969512 
0.8013873398909956 1.549475128756827 0.7530532885731466 
0.762953538174811 2.2558203830871073 0.7277167607980196 
0.8630863761091639 0.9583345836703838 0.7748509869572052 
0.7377684795116805 2.5564740385782034 0.7244701190873041 
0.7627981766169714 1.5994162319815126 0.754283195038987 
0.8231665056303696 1.622981666626686 0.7419456429047585 
0.7746715852801166 2.2156149255626656 0.7117965811290488 
0.7351677546656084 2.6505516644027667 0.7001090895019296 
0.7186581102903737 2.4659337540233057 0.7263870536426519 
0.7255002155154195 2.1447554696005877 0.7531173274821299 
0.802010634030392 1.729144424444218 0.7371876115604487 
0.7600574090952669 2.3766419891135557 0.7029265814270063 
0.7829306804898063 1.8446528155188762 0.7405667407997086 
0.7458396070384232 1.816193314089076 0.7470363366503331 
0.853648266987922 1.0774303516221897 0.7211806120230236 
0.7755222147512174 2.1053921758337335 0.7238024211620181 
0.7546615634903023 2.420434321758187 0.7144442191686119 
0.8321461693656168 1.3087788743687427 0.7349162329742696 
0.7748230813771686 2.2151148774160925 0.7042667441980835 
0.7974312192373558 1.9690981105999719 0.7335396695365348 
0.8323537485160046 1.348873898598209 0.7280736409089402 
0.8019829331726603 1.5737376832577885 0.7488372459738949 
0.7426974441797276 2.338248650999224 0.7486123097234421 
0.7448376516640616 2.465383311876667 0.7271942082239199 
0.7404854888287845 2.6032148208842467 0.7188010449300628 
0.8061938770044095 1.3917501208994965 0.7552583515116997 
0.7447823031647087 2.5546476017204016 0.7011276319344818 
0.7826744758564324 1.5029286650198919 0.7597049291598995 
0.8231739672320408 1.1800340568486831 0.7809587473851552 
0.7774239349826415 2.1778559129396973 0.7107490744168159 
0.8027765697652637 1.4130664665729447 0.7574518230220295 
0.776702004887371 1.6762051741842185 0.7522475660321607 
0.7600372575103813 2.377189585768967 0.7105569453913569 
0.76233644492219 1.7868273813392297 0.7466434761220585 
0.8326275108469858 0.9314728280601148 0.8060198093400757 
0.8045384777620714 1.674840275409367 0.7314626183103377 
0.7160007844105072 2.7017962998055336 0.7026484295188425 
0.7831375690228014 1.3713266068340193 0.7632378701985669 
0.8031186446929333 1.8427030279537275 0.7134780050998901 
0.7451290962908038 2.0041913478650355 0.7506428654088969 
0.8200344323846662 1.783458473227712 0.7082409109079076 
0.8494171194378887 1.0474287761238275 0.7732387460928904 
0.8004597929292165 1.9033035296144922 0.7041744717948416 
0.7228123613861345 2.2195878537196663 0.7512372059167359 
0.8543977329641373 1.015732685156693 0.7309036891643191 
0.7963916448607846 1.7573189617153209 0.7411308113796591 
0.7351677546656084 2.6505516644027667 0.7001090895019296 
0.8368681589055427 1.3686143135020454 0.7136679914522022 
0.770146519848312 2.1414433562756123 0.7201887936817634 
0.7431719423171543 2.4215657025842288 0.7313577128453436 
0.8223223521865456 1.5250780160409017 0.7435132150087476 
0.8245917734222687 1.032652842855665 0.7838588727399705 
0.8297718392401282 1.2330754446695107 0.745041381405818 
0.7576611416826523 2.218113006382939 0.7425057294966879 
0.8257118571913208 1.4782223697548862 0.730267533755497 
0.7841068045603781 2.1044597648952617 0.7097479898333139 
0.8272084996314006 1.5715033623538026 0.7067184742590439 
0.7659518283800458 1.8752578972828255 0.7413591962409833 
0.8236005981853148 1.2900041194523921 0.7545833677093 
0.8286993164234888 1.0788886211810036 0.7627610917015443 
0.853648266987922 1.0774303516221897 0.7211806120230236 
