0.7922177967526166 1.411673747592951 0.7021259572788234 
0.7839252575013683 2.000298372288239 0.7007791997661617 
0.7516922534018957 2.4193040498618 0.7008999463242196 
0.75391586104522 2.4630661659127893 0.7000421809785732 
0.7228149292168591 2.752453820368313 0.702173481295513 
0.8650874697875466 0.8622210500195407 0.7004217733212048 
0.8543712025740299 0.9425986318042701 0.7003520340765674 
0.7852100428353058 1.3915266930848695 0.7362642633387744 
0.7308218652705983 2.701133650111749 0.7045154717798647 
0.7211494150678708 2.752458624658987 0.7011871149513431 
0.7249918839939309 2.7524580925442943 0.7006124524689259 
0.7211494150678708 2.752458624658987 0.7011871149513431 
0.7452667019766446 2.4630907281645333 0.7022854516942129 
0.8650874697875466 0.8622210500195407 0.7004217733212048 
0.7516922534018957 2.4193040498618 0.7008999463242196 
0.75391586104522 2.4630661659127893 0.7000421809785732 
0.723543166628097 2.7017942922992293 0.7052418813434794 
0.7439507108847325 2.464253481471597 0.7111892019146352 
0.8543712025740299 0.9425986318042701 0.7003520340765674 
0.8543712025740299 0.9425986318042701 0.7003520340765674 
0.75391586104522 2.4630661659127893 0.7000421809785732 
0.8650874697875466 0.8622210500195407 0.7004217733212048 
0.7442409400775486 2.3782912496121957 0.7257320309123558 
0.7211494150678708 2.752458624658987 0.7011871149513431 
0.723543166628097 2.7017942922992293 0.7052418813434794 
0.7516922534018957 2.4193040498618 0.7008999463242196 
0.7398507015538024 2.5546435123116864 0.7025365789076127 
0.7273009851945368 2.701129494002305 0.7053531764307612 
0.8650874697875466 0.8622210500195407 0.7004217733212048 
0.75391586104522 2.4630661659127893 0.7000421809785732 
0.7299776342379918 2.5109329851916695 0.7322413381796652 
0.7516922534018957 2.4193040498618 0.7008999463242196 
0.8543712025740299 0.9425986318042701 0.7003520340765674 
0.7228149292168591 2.752453820368313 0.702173481295513 
0.7211494150678708 2.752458624658987 0.7011871149513431 
0.7596421978179404 2.2944183344422853 0.7061900667502211 
0.7211494150678708 2.752458624658987 0.7011871149513431 
0.7246019393350863 2.5570849913564575 0.7285467655989107 
0.8650874697875466 0.8622210500195407 0.7004217733212048 
0.8543712025740299 0.9425986318042701 0.7003520340765674 
0.7246523513531681 2.701161904105562 0.703908988630098 
0.8650874697875466 0.8622210500195407 0.7004217733212048 
0.7211494150678708 2.752458624658987 0.7011871149513431 
0.7235595089699152 2.257844467492363 0.7432262101004856 
0.723543166628097 2.7017942922992293 0.7052418813434794 
0.7585899407554797 2.217111811040121 0.7274078490338658 
0.7211494150678708 2.752458624658987 0.7011871149513431 
0.7246523513531681 2.701161904105562 0.703908988630098 
0.7514918154459421 2.256333197090365 0.7262235233042016 
0.7211494150678708 2.752458624658987 0.7011871149513431 
0.7211494150678708 2.752458624658987 0.7011871149513431 
0.7354984157458019 2.5546439898031936 0.7029317323151053 
0.7442409400775486 2.3782912496121957 0.7257320309123558 
0.7211494150678708 2.752458624658987 0.7011871149513431 
0.723543166628097 2.7017942922992293 0.7052418813434794 
0.7398229354168868 2.464225163758753 0.713302142242885 
0.7211494150678708 2.752458624658987 0.7011871149513431 
0.7585899407554797 2.217111811040121 0.7274078490338658 
0.7265251117364291 2.7011341677699323 0.7048684105518803 
0.7211494150678708 2.752458624658987 0.7011871149513431 
0.7300280606078329 2.6512220378468685 0.7075897302772948 
0.7439507108847325 2.464253481471597 0.7111892019146352 
0.7487269942895736 2.336635054551798 0.7288997454798475 
0.7300280606078329 2.6512220378468685 0.7075897302772948 
0.7211494150678708 2.752458624658987 0.7011871149513431 
0.7384500561611996 2.4210032949935805 0.7174191537540802 
0.7211494150678708 2.752458624658987 0.7011871149513431 
0.7238764778950604 2.701166577955044 0.7034238087043585 
0.7451986320854451 2.420436542511376 0.7169545785518138 
0.7246523513531681 2.701161904105562 0.703908988630098 
0.7211494150678708 2.752458624658987 0.7011871149513431 
0.7211494150678708 2.752458624658987 0.7011871149513431 
0.7724167095685353 2.105853096878076 0.7284399024506191 
0.7300280606078329 2.6512220378468685 0.7075897302772948 
0.7211494150678708 2.752458624658987 0.7011871149513431 
0.7443266349159229 2.3371738041207655 0.7340117953855742 
0.723543166628097 2.7017942922992293 0.7052418813434794 
0.7211494150678708 2.752458624658987 0.7011871149513431 
0.7485401643766617 2.3771904671551356 0.7117979206286507 
0.7300280606078329 2.6512220378468685 0.7075897302772948 
0.7881096337798033 1.8442632894372744 0.7308013990142588 
0.7211494150678708 2.752458624658987 0.7011871149513431 
0.723543166628097 2.7017942922992293 0.7052418813434794 
0.7211494150678708 2.752458624658987 0.7011871149513431 
0.723543166628097 2.7017942922992293 0.7052418813434794 
0.7299776342379918 2.5109329851916695 0.7322413381796652 
0.7211494150678708 2.752458624658987 0.7011871149513431 
0.75020567852565 2.3771865757305704 0.7127671192854023 
0.7300280606078329 2.6512220378468685 0.7075897302772948 
0.723543166628097 2.7017942922992293 0.7052418813434794 
0.7443266349159229 2.3371738041207655 0.7340117953855742 
0.7211494150678708 2.752458624658987 0.7011871149513431 
0.7211494150678708 2.752458624658987 0.7011871149513431 
0.723543166628097 2.7017942922992293 0.7052418813434794 
0.7389509400130174 2.378843536295173 0.7303377289928957 
0.7371639298947902 2.554639678687254 0.7039088496130373 
0.7211494150678708 2.752458624658987 0.7011871149513431 
0.7679974115553543 1.9699474687702356 0.7337637463274398 
0.7211494150678708 2.752458624658987 0.7011871149513431 
0.7354984157458019 2.5546439898031936 0.7029317323151053 
0.7398229354168868 2.464225163758753 0.713302142242885 
0.7354984157458019 2.5546439898031936 0.7029317323151053 
0.7211494150678708 2.752458624658987 0.7011871149513431 
0.7443266349159229 2.3371738041207655 0.7340117953855742 
0.7238081642171745 2.6518372666069108 0.7105229753846384 
