0.7528646947016293 2.295470436825101 0.7222219034895014 
0.8319291608488866 1.5235367840128848 0.7064521214617264 
0.789661671925464 2.0687878174464878 0.7057650041989879 
0.7875126879692949 1.8438896855369251 0.7277880291766946 
0.7274968169005123 2.511099259675327 0.7278697083082235 
0.8332947376163895 1.3090722908299202 0.7400843142937531 
0.7259103278547561 2.8059237509591055 0.708865350759829 
0.7316636407577042 2.466574515037629 0.7415178536640564 
0.7766199232946042 2.215110936657886 0.7047513494919515 
0.7472809644923784 2.337201561908788 0.7345773927315922 
0.7794691879960111 2.178334483769923 0.7223459241516375 
0.802181067147904 1.8430898778168254 0.7206726519986629 
0.7297529410646364 2.7011338637181916 0.7039351778744948 
0.7229765753770415 2.8059279870543716 0.701711042671927 
0.8501222571070486 0.9572491630954173 0.7142409895160202 
0.7447054000424467 2.2975964023945186 0.750459982008873 
0.74863345400508 2.6019586699244472 0.7006081999637217 
0.8175231707453239 1.755480430488468 0.714168316249148 
0.7941288283744876 1.9682421576801494 0.716206400284818 
0.7950373668283695 2.034375808230307 0.7092786101279528 
0.8006490781825953 1.903709672137582 0.7120074420477988 
0.8292439004221374 1.5473083879031615 0.708428903777843 
0.7513605168322695 2.5546725358834195 0.7027717363283046 
0.8501335105950865 0.9023892853697261 0.7236782510167894 
0.7231935331144439 2.7538192595935764 0.7145727069372653 
0.847445651938401 0.9295193283673904 0.7219139986621758 
0.8253406471824689 1.4342186699910675 0.7480530853944399 
0.810076856892443 1.8721034204332831 0.7021606017198417 
0.723059986589685 2.604470710448855 0.7227956586120458 
0.7819956181975096 2.1773592735124656 0.7083024521273372 
0.7483368322631154 2.508686369764436 0.7044172056802276 
0.7724166677873741 1.7580692420977755 0.7452964205608632 
0.7745947212287536 2.1063431036121356 0.7351556714337139 
0.7382506073024662 2.555865771588208 0.7166995010651308 
0.765431962511786 2.2558220084700373 0.7286179207829774 
0.7329783347135118 2.7526441514535827 0.7004491559283659 
0.7889777685516275 1.457480726664167 0.7598369799221778 
0.8259755335838668 1.4548589832735324 0.7100359027430856 
0.7224288388985205 2.8059580223813834 0.706969145766858 
0.7442510317908497 2.465385815746046 0.7268900523935944 
0.7205346311861978 2.860216948251448 0.7052062215971527 
0.770013889066226 2.2547957634945255 0.7160632022380633 
0.7563197985295009 2.508580050809347 0.7060231136511351 
0.7985681879242591 1.9673923786831007 0.7039401266908302 
0.814562987675653 1.59715090286389 0.7222829626956633 
0.7486260530352613 2.4642524934618812 0.7116346101857011 
0.732295563663141 2.651338394285775 0.707238044635882 
0.7347866799131313 2.510338419587155 0.720623897087719 
0.7712354082134443 2.2537703555176662 0.7011092465584899 
0.8298809282769608 1.4331367655089666 0.7181605654171369 
0.7328633305176597 2.701282791366528 0.7023927705749061 
0.7619792766640153 2.3760868777178907 0.703139999547805 
0.830122781139184 1.432802823451888 0.7089466159592648 
0.8058910607626084 1.6751822811107275 0.7396080452331617 
0.8434410682336594 1.1959083866420863 0.722132935111994 
0.7476189813441008 2.5548083133895405 0.7020120722032536 
0.8426514781494029 1.369436955855347 0.7321813891612758 
0.7589509731452054 2.419897940150325 0.7077762585783124 
0.8208180893326498 1.7277239733840872 0.7166732697949656 
0.8116541246987157 1.8420286577775458 0.7049245252563928 
0.7469942904939568 1.730944567189312 0.7470460756989663 
0.768099605103943 1.5507462935739629 0.7617461940959253 
0.7441954103415558 2.555252798026292 0.708314885564416 
0.8172217514165785 1.5485491928956783 0.7315491466100116 
0.7623959875003076 2.335585786147792 0.7124725260622752 
0.8102926268585207 1.8423134885016001 0.7095027480900139 
0.7449878173822788 2.65072357425366 0.700248265487158 
0.7529327413528396 2.335583791721016 0.7150496836526433 
0.8076337093592153 1.9028962420953939 0.7001993471751263 
0.7347310584638373 2.6032112165397954 0.709655868737639 
0.8456327208901193 1.0941442652462232 0.7346627490224192 
0.8257299567950427 1.3697085232250006 0.7295121737136956 
0.8501335105950865 0.9023892853697261 0.7236782510167894 
0.8252852986831161 1.4785199080376066 0.7368243015744405 
0.7381192213707491 2.752456160068905 0.701901534516644 
0.7513605168322695 2.5546725358834195 0.7027717363283046 
0.7897386866285057 1.8736785925373511 0.7187257664587386 
0.7469942904939568 1.730944567189312 0.7470460756989663 
0.8076337093592153 1.9028962420953939 0.7001993471751263 
0.7449196438972288 2.464932491216308 0.7228734022973319 
0.723059986589685 2.604470710448855 0.7227956586120458 
0.8228346776432347 1.7551344122175336 0.7105149811775437 
0.7563197985295009 2.508580050809347 0.7060231136511351 
0.7712354082134443 2.2537703555176662 0.7011092465584899 
0.7950373668283695 2.034375808230307 0.7092786101279528 
0.7519926992977599 2.00334184954116 0.7355398136942849 
0.8210263031113665 1.7277209359032066 0.7166809551195342 
0.8116541246987157 1.8420286577775458 0.7049245252563928 
0.7407503959864536 2.651195171922585 0.7036787782049327 
0.7443077308831882 2.509745211767929 0.7206990936146279 
0.7895669939557349 2.0696959885231054 0.7206503213614159 
0.7366026297262451 2.379947779338172 0.7445397542740824 
0.7745947212287536 2.1063431036121356 0.7351556714337139 
0.74863345400508 2.6019586699244472 0.7006081999637217 
0.7589509731452054 2.419897940150325 0.7077762585783124 
0.736500439002701 2.602587376145365 0.7042602353173232 
0.7227684980732954 2.805931426889227 0.7016624671654365 
0.8292439004221374 1.5473083879031615 0.708428903777843 
0.7449878173822788 2.65072357425366 0.700248265487158 
0.7409674020427784 2.6025856160920418 0.7109789486266279 
0.78999351006162 2.068787185056933 0.7058576105547089 
0.7941288283744876 1.9682421576801494 0.716206400284818 
0.7766199232946042 2.215110936657886 0.7047513494919515 
0.8207715376934253 1.5724609772425848 0.7262400466367335 
0.8318350703527442 1.390091921832892 0.7136786822166901 
