0.7076890276713557 3.948202312689182 0.7984910352020681 
0.7507024187976998 4.359455155587016 0.731700230643406 
0.8030444071768216 3.13048396995511 0.7461236556927895 
0.714481624140003 4.487978470315341 0.7195698208949652 
0.8638904219767713 1.9066758881854227 0.7955666607355154 
0.8101444051767388 2.81354309697722 0.7669462102836151 
0.7934415298186337 2.7548147648108947 0.7914568532697841 
0.7056324694820572 3.313086560141446 0.8150256752384742 
0.7061834128411526 4.197001555553048 0.7822599252470273 
0.7057419506592768 4.552175183976092 0.7712415146163568 
0.7927144523587895 3.18310501524225 0.7759226275145321 
0.7523116464434033 2.924150221711238 0.7991481495050295 
0.709962456271918 3.231573053939297 0.8150598161644589 
0.7955962332492166 2.3178094359699264 0.7982559097611052 
0.7727154719147122 3.67958496134341 0.7607791631321453 
0.7344933929938444 3.2321144803435313 0.809854804714111 
0.8284647421946384 2.3271952050705034 0.7906620311657852 
0.7068911825976646 4.769022980635824 0.7266000682704659 
0.7297132872280484 4.123849145793858 0.761163862552272 
0.7449405733868977 3.903405958688806 0.7591954476516838 
0.7724211178661383 3.585041559812068 0.7716566303322402 
0.7317920041022786 4.264009338204743 0.751064101983433 
0.7245704970709754 2.7841924255644996 0.8200254299211405 
0.740554904125097 4.362513368044141 0.7357158487228871 
0.7889060610807341 2.589742190700342 0.797584668953584 
0.753507834515732 3.4966817127847083 0.7831384750156304 
0.7100258007035071 4.466555079605362 0.7324129855588061 
0.7280925461864873 4.361580050946464 0.7443007488699982 
0.7099783648176794 4.654929902808844 0.7218240644637057 
0.7762967614249903 3.064857035997489 0.7851780649446499 
0.873373593394554 1.4037065718716633 0.8032495191601368 
0.7440104692593493 3.6055678930247463 0.7706639823205587 
0.7807333827630811 3.6038191158150017 0.7557359933966488 
0.7220070943937024 4.0815573177634565 0.7747620293828796 
0.7304084297108561 3.6464577405784593 0.80626833123867 
0.7614376511688451 3.985350668020653 0.7442244556049762 
0.7819832617139524 3.424315964915259 0.7594017555989598 
0.8372049132110595 2.304322583464862 0.7729271687848132 
0.8650566185235544 1.619410820198261 0.7880073881100624 
0.8309131261928309 2.689941960633236 0.7813591421772155 
0.7252447110986513 3.8421884581642596 0.7858365874614647 
0.7252407416465902 3.591327255009084 0.8095800933461015 
0.7189940566922144 4.314579031061098 0.7540941876916525 
0.8279374100795156 2.4576779864356486 0.7847092537507271 
0.7582096387929977 3.443716697817833 0.7724472451001525 
0.757654242779632 2.7688490119699516 0.7985891813727256 
0.7182674330012059 4.464839410192065 0.7442779641876469 
0.8381065034042104 2.0568056665267322 0.7908008555477056 
0.7288939175104259 3.3122590711376874 0.8108484349773792 
0.7728548324514921 3.923069446624355 0.7546101126473135 
0.7132860750219681 4.71221374698431 0.7201344608587564 
0.7062548420413516 4.0339698539460125 0.8004110356834319 
0.873373593394554 1.5426247891797797 0.799226911109796 
0.7938076656207324 2.6001779904846063 0.795489979692093 
0.7260439868173227 3.7008554397540845 0.791298456184919 
0.7093859009981243 4.544221889298594 0.7389513466676015 
0.7446505561493906 4.192235043281787 0.757204760429013 
0.8103688711651212 2.7391238960922086 0.7740431896218475 
0.7696559673257335 3.1690098115037384 0.7809228835166038 
0.7527285480101766 2.9780988021426515 0.7876824589621637 
0.8372049132110595 2.304322583464862 0.7729271687848132 
0.7607766984503277 3.62311464069271 0.7681667561542713 
0.7183914774410316 4.078000400567471 0.7846090529682056 
0.7733142236237875 3.7975228374885104 0.7598141925180425 
0.7935577545263484 2.3973996984955317 0.7992367363290989 
0.7794422038996105 3.458684034573127 0.7621887490819954 
0.705269366894855 4.661910970286919 0.768840606959063 
0.7132872558415166 4.57269609705255 0.7239858021811405 
0.7395936097736024 3.6262002361545664 0.7949746061507806 
0.8062962337122093 3.032713210485132 0.7799360332091514 
0.7467133768764316 4.055667842567008 0.739385358262493 
0.8030444071768216 3.13048396995511 0.7461236556927895 
0.7514439689220838 3.293833423965782 0.794522703459485 
0.8324319183675383 2.257509504699873 0.7800944463325281 
0.7924776937820168 2.85835315121514 0.7959856360022344 
0.706312101860256 4.499392653506927 0.7758904000853777 
0.7072576538441686 3.9053633165647863 0.8094828304721012 
0.7382143329940437 3.3118014640870834 0.8075346176842794 
0.7546522157371083 4.048852841939639 0.7519800549592892 
0.7469154579074517 3.428548981391413 0.7961087235238797 
0.7055412081075757 4.316047406651084 0.7849083713809395 
0.7071129561521355 4.544978511875644 0.7276126204677834 
0.751190749840476 4.052341320164288 0.7588443665816785 
0.7650950241051828 3.1987734583788647 0.7752595057474037 
0.7757128252589613 2.952060559355176 0.785557393636578 
0.7066004914493523 4.544800921289973 0.7392411646840408 
0.7796638443741399 3.4792555340741056 0.7605353074035477 
0.8114978498257629 2.755975643276973 0.768768947345385 
0.741428727144713 3.4468700776018255 0.8020210933284284 
0.8655158985292126 1.6008996776102222 0.7980154724971629 
0.7168511558386818 4.363185670360341 0.7509171910620358 
0.8716041282369804 1.4825753749382986 0.8002497809641987 
0.7456199682666385 4.14540339601131 0.7413278717820003 
0.8103227781097097 2.269691410925623 0.7941733396858414 
0.7595078925767483 3.6623416633453383 0.7670668126444239 
0.735189102024343 4.0568537440769745 0.7820121504165772 
0.7890673051128829 3.3104321030853368 0.7719368626507145 
0.8485667255354725 2.220647034801825 0.7866393704995005 
0.8465423778589152 1.9366679041953136 0.7881893763938452 
0.7405560849446453 4.412357063088071 0.7352586971734161 
0.8289847283576502 2.4164422218559056 0.7875856623685317 
0.8650566185235544 1.6935394317563457 0.7873962653596169 
0.7215332148564628 3.9498377964849394 0.7863083850688933 
0.7388143847173676 4.010315275586087 0.7603888348039204 
0.7874683499358759 3.1681367911042218 0.7848255779667603 
