0.8134226220012732 2.8505951108838263 0.7369132605827177 
0.7918007622661369 2.512277320840574 0.7993613738400868 
0.7318108544356935 3.720905410873577 0.7695760612623528 
0.8617376290252421 1.6369901467705712 0.7910792644509989 
0.7507580088017031 3.2301978574084305 0.7770443056373795 
0.7750715404049043 3.2443796003934686 0.7749565867002636 
0.7732137045510568 3.3227252174791317 0.7446276675354181 
0.71012562515896 3.92457973343019 0.7550804943701432 
0.7619161911763586 3.4448299477828423 0.7618231124141096 
0.7548757161174751 3.6214898974750884 0.725416572107391 
0.8252381823150575 1.5499130351940844 0.8095563214198961 
0.7476829380858804 3.6760378758220167 0.7399621442420139 
0.7386658204282288 4.120900848918674 0.7444555899807319 
0.7320379834372195 3.359027497929348 0.7739054087138875 
0.7745072362152927 2.532584481475619 0.7930747114040058 
0.7458143545289369 3.7523915418600553 0.7245143656281118 
0.7302320110041338 4.487147847218443 0.7312617474116192 
0.8493293222016828 2.106976583654428 0.7723014385609157 
0.8324018303194355 2.4222397959203206 0.7388023617935202 
0.7604181556548751 3.581171047453433 0.7181282948275411 
0.7594397859539028 3.442033089070052 0.7712801111064257 
0.8257198926054733 2.1443271351584996 0.8025826091751221 
0.8369018708085387 2.063061974518233 0.7866982563105154 
0.7719666245466059 2.729703143512693 0.7895223400632324 
0.7871150670844377 3.3677827742221873 0.7318273550817117 
0.7215692963781645 3.9868673270344877 0.7509643500576422 
0.7146182813425649 4.595393451688973 0.7266426586429555 
0.8182305622980285 2.862990110307301 0.7220739572554437 
0.8172734268867459 2.6470681630715003 0.7904635285246959 
0.8021028933572116 2.827516159920533 0.7486560154115475 
0.7840096471878748 2.7819925014604316 0.7791098681762084 
0.8356710105154401 2.3839862339197273 0.7682566785445382 
0.77180949850938 3.6155038953870697 0.7091989218680905 
0.7450474479107789 3.6211701945647925 0.7512675896150245 
0.7304750303347471 3.8420621960621597 0.7557377174347112 
0.75389332300998 3.8764794470989763 0.7215967777287501 
0.7995893435668329 2.9439819717757514 0.7424153535560654 
0.8067686034275592 2.944161453181204 0.7340330329423027 
0.8532982621067775 2.0623569726933355 0.7580374413356477 
0.7148073608296412 4.677932125701332 0.717611290893206 
0.7563149351248553 3.5997766255838863 0.7395093959817093 
0.782042038566238 3.259889205967189 0.7644882116018854 
0.8361622188427891 2.4137690607806364 0.7475217597102978 
0.8300636570495625 2.5380419047367027 0.7235240764636246 
0.844553540723841 1.6428132787357186 0.8062608812603494 
0.8001002661295041 2.8657038496034715 0.7589652703753572 
0.7927337992502321 2.9843960922353627 0.7221673380743518 
0.7897902743063222 3.011618186622599 0.7112611465207213 
0.7085436842073266 4.734575616229107 0.7114556497899462 
0.7108805840467706 4.241221714622722 0.7316513435910241 
0.8607179277153937 1.8062908129673003 0.7914714603486905 
0.7524676077814937 3.530019569740715 0.7613012570716301 
0.8134226220012732 2.8376569760377666 0.738340593545174 
0.8384311782610131 2.330906868401558 0.7594987472842969 
0.7459920663386742 3.6970798214494787 0.742900794578805 
0.7803421549077287 3.3701706566772187 0.7428617725542409 
0.7320545005050573 3.4610591155770245 0.767120201744487 
0.7146424478812258 4.541805473878508 0.7254312626523279 
0.8390108709173741 2.1667717436491754 0.7649775665811297 
0.7375768201398687 3.184401969899818 0.7835120518456086 
0.7558465119494184 3.8326061380296514 0.7206329359664927 
0.8326711194678307 2.130703220141767 0.7893547557857138 
0.7882160883918669 2.5579099637904092 0.792519278018813 
0.7715195940930818 3.5616581993804006 0.7108796098032767 
0.7930458158300929 2.6572828356093563 0.7841956223435619 
0.822798235651406 1.7739195639965812 0.8026429988194689 
0.7675506146088603 3.168641136742522 0.7884008400034701 
0.8014683405055995 2.876906663545752 0.735024913778732 
0.787585039368196 3.269798993447845 0.7329695897323968 
0.7188767957426903 4.1676931095124905 0.7466488428502192 
0.8251593991954423 1.5671443487532164 0.8065823626481069 
0.782042038566238 3.259889205967189 0.7644882116018854 
0.7643752446171431 3.2145909957909202 0.7793639340065803 
0.7541737453557209 3.6379902618384246 0.7387370004024513 
0.8125632026465541 2.8027779715945758 0.7621518219325562 
0.7459076740442235 3.621169513568339 0.7475184127871577 
0.7669532595462568 3.5651960766107456 0.7206692772665171 
0.8002500781738426 2.8783226825060284 0.748069246777726 
0.8232072188793509 2.4919111545485944 0.7853211487414031 
0.8356710105154401 2.3839862339197273 0.7682566785445382 
0.7367891482189827 3.6217804932627864 0.7514141574200965 
0.7657220837536135 3.261115200119878 0.7566200080834952 
0.8228426901180157 2.3783620666354213 0.7899832140781158 
0.7451105209013691 3.836687999238249 0.7504278025067371 
0.7705995607380989 3.692117413594032 0.7148766721250591 
0.8518796011561334 2.254925242640343 0.7615087214545736 
0.7705995607380989 3.8114905671924837 0.712786716568641 
0.7593399067032146 3.020763808426758 0.7884729093935522 
0.7537494654601259 3.656043313995637 0.7388217660671983 
0.7310207935461617 3.7403577649487416 0.7605850880822578 
0.7146424478812258 4.541805473878508 0.7254312626523279 
0.8615318490879318 1.6618945102277356 0.7930549130343681 
0.7844665892816428 3.0211446909012136 0.7689012313843758 
0.8293114232890195 2.7518313834310595 0.7706267341456047 
0.8276017651545768 2.0767851014212764 0.8012273395232374 
0.7797069579051621 3.387517687025648 0.744221612700365 
0.759308612648159 3.442143496800518 0.7648012931695525 
0.759308612648159 3.2764713938147474 0.7717285010770353 
0.7459920663386742 3.6970798214494787 0.742900794578805 
0.8101137309774361 2.838162724305553 0.7373700219788818 
0.789096758431736 3.021497676002556 0.7681390157991776 
0.7468266587323535 3.8785649367740183 0.7233500985684557 
0.8389795335278212 2.0260537622003705 0.783752462922394 
0.827509525684262 1.7253080832652934 0.8022231301980525 
0.7869863750360291 3.1446310947694265 0.7335009989297299 
