0.7634600840470169 2.9285668924192128 0.8169045969172564 
0.8529343189720098 2.203473430108223 0.7590929393728562 
0.7096818098266477 4.316809791121292 0.7685345206399641 
0.8736565326716351 1.4453447920894285 0.7730004246505094 
0.726491684885053 4.1909711301981645 0.7251180538936189 
0.728993359804722 4.1227628581015425 0.7148432774015405 
0.7856078627360976 3.587411547541788 0.7623477778056069 
0.8166221627191318 2.764857049626537 0.7464847258922267 
0.8393436503149546 1.6902487562930084 0.8033875631483985 
0.7705669938944759 2.4403667794779724 0.8440223690611974 
0.7347057710854912 3.8632632280749513 0.7901319411861093 
0.7463098826630562 4.099740361114592 0.7130866467923928 
0.7937236140076847 2.8091494944378237 0.7968065858345599 
0.837891193203259 2.125833255354919 0.7665368127087484 
0.8736565326716351 1.3071332708727232 0.7777825655609023 
0.7711359368850959 3.7197367968725956 0.7515177385570397 
0.7266443707820456 4.123815659653666 0.7574377670708253 
0.7017101215604502 3.0576746120523106 0.8459329949666191 
0.8295988167660326 2.478446769677758 0.7478485432053207 
0.8222758930386468 2.5215440486852763 0.7597797404362943 
0.7877248070984917 2.1139096246000415 0.8585806130004475 
0.750381262287622 3.8437453088206897 0.7532739016550547 
0.7034382186044532 4.057260691407725 0.7934272881564027 
0.8483164934877351 1.7280914584410885 0.7879291704737684 
0.7279104874456446 4.168523460250909 0.7093993351242962 
0.7413709151347971 4.055629006546901 0.7431195177406317 
0.7108585323470462 4.1963070023115545 0.75123588196823 
0.7614371733246443 3.6257383148707736 0.7763165756897408 
0.700898689689365 3.4869335475427596 0.8327447932205534 
0.8163856589206654 2.635875878534277 0.7814413059839868 
0.7279797262633492 4.146602423495824 0.7246142717541547 
0.720803451066697 4.415209556379853 0.7350140540675401 
0.7618146508195183 3.552118459857388 0.7925766141162982 
0.8719513928496927 1.568460940686913 0.8129057302303238 
0.8101697187076193 3.0048851783785815 0.7639765457779313 
0.7033049742223461 3.8891950590429936 0.8066681898827918 
0.7265135995949241 4.124282611268077 0.7390427077290926 
0.8002129814248778 2.686662264867805 0.8171783016600632 
0.817391761523633 2.3287230467653357 0.7908354273681845 
0.8681136809621302 1.601217643755728 0.7696891401074236 
0.7822797054251509 3.123821781084392 0.7777225981045423 
0.7462868846769708 4.14508875638498 0.7081704223283075 
0.8092551593018567 2.0716224647425663 0.847023248062606 
0.7312021040157746 3.687727762369426 0.8201232190155485 
0.8452303192832396 1.7554911423330464 0.7998533117978401 
0.7213009498555516 3.8055514633875993 0.811755409437922 
0.7823756000820409 2.1562835800854807 0.8377489624392588 
0.8066646725304443 2.1830745951522634 0.8308872697418898 
0.7762209518440123 3.3596478464055286 0.7792686877991983 
0.8394140393878866 1.683309147977251 0.8018177047474424 
0.8134753789388325 2.882967803701984 0.7643599778879978 
0.7299432503291486 4.119046045947051 0.7131940052347651 
0.8343413515041982 2.317118521560731 0.7517227056079965 
0.729995681131316 4.015002140229802 0.754481424928565 
0.7658553242510195 2.9683885976010895 0.8051190476229301 
0.8552651086337096 1.6403324676649917 0.8143278182323209 
0.7799485532012657 3.346601251781787 0.8005713105240906 
0.8167272803860004 2.7288669687433957 0.7490056895711593 
0.8736565326716351 1.3692559446050385 0.7759885512399617 
0.7366382771830431 3.803296254556841 0.8024882110003195 
0.7087449127084358 4.551065808956133 0.7641684748123005 
0.8054215195609706 3.123073621843855 0.7932131511698689 
0.7623772544297357 2.120967547496025 0.8491545197520446 
0.7150835779101921 4.417051328805504 0.7471067655073842 
0.7736789007903349 3.461379317700854 0.7731379110724895 
0.8243370726114555 2.4806111778763924 0.7870141958604915 
0.8018350046310798 2.2248797392120068 0.7965962480122655 
0.750303445114853 3.626472637050982 0.7638205023517938 
0.7385757268053821 3.7395336910433143 0.7682737698775536 
0.8279309152616569 2.565023074530219 0.7469475125040774 
0.7088563944172185 4.4711205133625995 0.7365259565327511 
0.7162935590784927 4.151636019604374 0.7885884736247528 
0.8167514387312168 2.587850099615803 0.7558857456212073 
0.786780230954316 3.4100397350359386 0.7601039319330857 
0.7017175048255071 3.23651692242632 0.825903011154352 
0.7646066092754876 3.607370771239757 0.7518783402499077 
0.7447645149131537 3.054660872982203 0.8171198310959686 
0.8547414898276919 1.8567861839826938 0.7616597094827935 
0.7359348241709702 3.8040907188592485 0.8077278600245681 
0.8279634521308868 2.542905141682664 0.7480486776301853 
0.7256576355972417 4.338124388571624 0.734584503705878 
0.853013102091625 2.2397014882510176 0.7566953988372667 
0.7025232851871118 3.631030544813356 0.8218786556299019 
0.7084974230794111 3.8884600719646 0.8190305528603993 
0.7415003259600523 3.681312222985583 0.7666362516112547 
0.8089250561209662 2.948606238409498 0.76427725925797 
0.8073044414747564 2.128269831452409 0.807487759227493 
0.8736565326716351 1.4453447920894285 0.7730004246505094 
0.7295497194833748 4.059414981924841 0.7545305710587896 
0.762618372662915 2.8620002649868437 0.8252784899526786 
0.7595106596357956 3.6104198601022075 0.8147902822502389 
0.7629687337360995 3.5504598997333816 0.7715160206847539 
0.815781349863442 2.1718722112536395 0.8034157460294535 
0.7433172640945462 3.7203278770145127 0.763268900260298 
0.7712735813061982 2.3995332357723074 0.8463622302751788 
0.7646066092754876 3.861953812246318 0.7505861390411904 
0.7435448586385094 2.9999789420992697 0.842093870327648 
0.7732502752617283 3.6062631214366005 0.7618924517224471 
0.7842552128146288 3.357475014707991 0.7711309771156281 
0.8462923495100385 1.9248934556792825 0.79282810866586 
0.8093910566098426 2.845438380331966 0.7927391064295495 
0.7266583504765297 3.992111945482477 0.7938713281987042 
0.7487700406953637 3.626240603784091 0.7702502566820362 
0.7397193657196 3.1906766380714915 0.835408929954824 
0.8403894205320163 1.9211666266334206 0.7446963035651591 
