0.7292126254537512 4.0309222523148645 0.7308335452853176 
0.7980453264036391 3.272662073343021 0.7266670477372499 
0.7746925627473293 3.656675791858517 0.7086655149231823 
0.7908940184892083 3.0065572666498768 0.7721371336991304 
0.8653131167494449 1.6221439778884819 0.7933973018205925 
0.7629816198308815 3.8757373987374693 0.7265280612435808 
0.8116258908954308 3.0446620801681887 0.7273118968674802 
0.781396381664513 3.5096424090866867 0.7399079401690029 
0.7885287899426745 3.289992445670054 0.7512684424310491 
0.8407650672070243 2.295194743905749 0.7727653064916832 
0.7924504779511568 3.541152999595331 0.7053072865016624 
0.7070986871579688 4.288220601285325 0.7084932485606433 
0.8651714319626502 1.5179769254966404 0.8041254194996263 
0.7136719602349805 4.212893587582646 0.7007885687871068 
0.7649038751484147 3.532039834345671 0.7524595862620078 
0.7225538762809377 4.167498497509286 0.7096997826193112 
0.7940509512390461 3.368155840326848 0.7015231567597757 
0.8542733272564783 1.9045575222970157 0.797984902088515 
0.8198072898643283 2.9069842798568852 0.7406666877831382 
0.7222723031785305 4.18933532017403 0.7153252070441105 
0.8255298017856669 2.8401792460543875 0.7303626374029506 
0.8084572935327854 2.793010959558998 0.7922930421795141 
0.8579957982032838 1.9009915135757491 0.7779170079373334 
0.7607789223866157 3.623368900773082 0.7373250936903714 
0.7845483866769445 3.6155989967384023 0.7024380038261425 
0.769108851971612 3.5635151752759064 0.723340705093711 
0.7378196135401591 3.9200967688115327 0.7229151306686112 
0.8262043886296869 2.791119841890666 0.7790205432740377 
0.7378196135401591 3.8175526082181057 0.7372227423365043 
0.7112241835986728 4.4651018493548795 0.7014224113402819 
0.8284143397704004 2.5777351376237148 0.7544932327119996 
0.7990537039749441 3.1486636209142027 0.7405252506844738 
0.7486227333393427 3.697290459670032 0.74138248678817 
0.8333548063639431 2.3372381474000568 0.7972942139503473 
0.7534575038547227 3.981974019504401 0.7134002155675215 
0.8077586534082131 3.0763116950755403 0.7593166536472783 
0.7683614407993556 3.0930815897211774 0.7673796079597847 
0.8105519345573812 3.2080485123268527 0.726488182030164 
0.7261730343775211 4.165826648586866 0.7094743251620907 
0.7746925627473293 3.6000432406811167 0.7095700555593879 
0.763358597985486 3.7152177316905255 0.7266649397318963 
0.8541419336917878 1.9087238013580636 0.7814707370926823 
0.7605810320067063 3.655870380344104 0.7320409308178245 
0.8186240931705258 2.68065847496953 0.7840815366803281 
0.815030057082177 2.853227294087723 0.7423725258958307 
0.7312418262824121 3.9862271704728927 0.7273057032297153 
0.728072675158387 4.1205415127909655 0.7263545907305577 
0.8426483700784128 2.267461385933001 0.7742636488220936 
0.8457113160048144 1.9347078712427066 0.7993069862282344 
0.7793007724321847 3.530671278154505 0.7476230686791172 
0.836434588125273 2.4475797616205455 0.7578703121236011 
0.7990537039749441 3.133746494793975 0.7444527899956068 
0.81089582737182 3.0439286671185055 0.7470856756330587 
0.7501570833367752 3.796521157425274 0.7325322859464216 
0.8647802930185232 1.5863280830913837 0.8015473593260255 
0.8018274294518561 2.871116678497698 0.7843625792768436 
0.7324161209463125 3.961868490656201 0.7216585174939563 
0.7875685559343215 3.1965230628671484 0.7543005201893936 
0.8327643190782347 2.2986839483013064 0.7973508950042179 
0.7849945666050525 3.1504595460162994 0.7647386042961404 
0.7113418494430106 4.213674794565058 0.7038381657060067 
0.7517338469673399 3.5856773357165235 0.7444646440785122 
0.7924673713360825 3.451387129661927 0.7028427919930041 
0.7990537039749441 3.1051965629144154 0.7510515827481832 
0.822652126735881 2.366105098990584 0.7823089634660753 
0.7848597731668101 3.091941787123138 0.7697982426758491 
0.8147678071654346 2.624271249525793 0.7884998684160034 
0.8457676666289546 2.2288336334306345 0.7647695957531756 
0.753158096089618 3.736968976684869 0.73824198576464 
0.8146278891013161 2.97360683581582 0.7277900726140831 
0.7770435348923901 3.372702079751922 0.7520635153747359 
0.7631391860701119 3.7346505783140596 0.7228570535149936 
0.7125785823611925 4.236104237029346 0.7007982062166509 
0.7931055784439986 3.4068717601845995 0.7396033841925583 
0.7413550176973296 3.878139451263732 0.725495110691066 
0.7304406231378704 3.903311932719567 0.7329739806767923 
0.8542594464856087 2.0561525137603636 0.7718581991765949 
0.8184518157107132 2.8040398807046856 0.782375116945583 
0.7306682264304154 4.118847931790052 0.7183082624005938 
0.854250224172955 1.8464583755148922 0.7991682530990843 
0.7490482487080379 3.795123310216563 0.7386801273725498 
0.7310594196176657 3.922302846064518 0.729402195893637 
0.7565121169803123 3.713564559171347 0.7299943020474946 
0.8173691972851348 2.817823767926915 0.7654190101552841 
0.8018274294518561 2.871116678497698 0.7843625792768436 
0.7887646093003731 3.2116653332373537 0.7516803984621273 
0.7839677930406928 3.1066091447836146 0.7653535494720226 
0.8646023260903886 1.8326163360981413 0.8050789308334181 
0.7378196135401591 3.8175526082181057 0.7372227423365043 
0.7421775326188556 4.119231712536891 0.7170033880213289 
0.8326723977691994 2.530405389770512 0.7727634154693719 
0.7113418494430106 4.213674794565058 0.7038381657060067 
0.8395663088980664 2.2164605424251342 0.795068022017388 
0.7835602164020277 3.356505880804135 0.7537210349327486 
0.836899825364295 2.384641058555801 0.7751543685684447 
0.8108118180218191 2.907600304176942 0.7680696779053677 
0.7368596148719846 3.982385701047716 0.7172807450196947 
0.7607789223866157 3.623368900773082 0.7373250936903714 
0.8209307627922443 2.3971468986415028 0.7839297366684853 
0.8106401206215696 3.060881724695775 0.7689445839932182 
0.842367933796253 2.142656277183987 0.7819942470189224 
0.7631841316724539 3.600879806801308 0.7286494422742398 
0.7964634223953644 3.195744482376159 0.764132108877611 
0.8369228211152087 2.317681859608107 0.7846771633138049 
0.7557581361868225 3.659668686002776 0.7397683996446889 
