0.7005840921311431 4.625952093243964 0.7357700689091791 
0.8015461415473671 3.1235895353230942 0.7762611433450426 
0.7003106326302027 3.8650721404682034 0.7873211731176102 
0.8034485324684478 3.2249372675282917 0.734355154120122 
0.7341003460365123 4.288047266819447 0.7358731455164069 
0.7152941378409705 4.70943966093011 0.72510130463437 
0.8144105634935404 2.6943023533366763 0.7899656025441929 
0.701397615521866 4.492806809321424 0.7550108289533416 
0.7920990872834414 3.4094951786175285 0.7750584798892318 
0.7226717639949272 4.571335687261338 0.7286711089400602 
0.7477649919672543 4.008533213386974 0.7490054460352163 
0.7996959208378441 2.784053279060769 0.8041933103649185 
0.8039331281481397 2.358459069593874 0.8238012127349492 
0.7406763744539289 3.82097206779817 0.7779295687565271 
0.7461041673611819 4.0987887423784235 0.7421388701546618 
0.7259840056605559 3.1110898409651906 0.8333848491717817 
0.7855718856966953 3.69841960896905 0.7446327594690783 
0.8402170075808685 1.8812696744913666 0.808565918171698 
0.7183167632297919 4.316000457529604 0.7798029091239138 
0.7746866322266113 2.4200524080196106 0.8251390539569422 
0.758601685642619 3.7601178564647486 0.7718451073005689 
0.7851443008179714 2.9657009877993152 0.7852584741690207 
0.8219142971094041 2.634700939462032 0.7570719086321742 
0.8574550027750503 1.9947496870303036 0.780931664243623 
0.7091863646212787 3.127686734854375 0.8296098985372576 
0.7846868701985241 3.4279847074329957 0.7573274556164207 
0.8485474855972199 2.0994007077826202 0.750184442813188 
0.7719639438625978 3.5133601615830337 0.7517503702454224 
0.8329614638710868 2.5115718981521056 0.7648075444882046 
0.7483088152090134 2.8372855328131705 0.8388444249507113 
0.7659590225191035 3.2019403123909034 0.8056635249938295 
0.7442621513770853 3.499932737532092 0.8010184708363856 
0.7469541205302898 4.262532395126951 0.7282321414977285 
0.7168128548419598 4.4651354501456115 0.7352889840427266 
0.7667984422247793 3.7772839127835303 0.7382061378742991 
0.7329148413086559 2.4966969113419655 0.8420948371646811 
0.7493631311107253 4.16717617654433 0.7138931909293641 
0.7199711166615128 3.8649070433398265 0.7906276426578022 
0.7253404636055827 4.2401564390375315 0.7496167079430539 
0.7168128548419597 4.490204285890006 0.750991315218735 
0.7387230886863809 4.100947225360542 0.7650442414156989 
0.759956837687983 4.097538860526915 0.7245487716780505 
0.7000251248293005 4.914128714861024 0.7097553865164531 
0.7437830475179026 3.1698938622682515 0.8212581284505803 
0.7222512285064666 3.34363056428357 0.8062542913206768 
0.8463886869469686 2.3781258408374932 0.7852180136449016 
0.7080074856697507 3.8457562320134 0.7970830472200422 
0.7711049999742159 2.7085633972992147 0.8189715123541633 
0.8608015268534136 1.8312273669959882 0.7907715287385011 
0.7187180018098462 4.415171228203061 0.7663060077819648 
0.8310641326727096 2.3482390708385226 0.810891115641506 
0.7585094728073011 3.4285002192574687 0.7769349432140357 
0.7614911667162483 3.311219407099281 0.7858194912149302 
0.7950451824400303 3.3265634675204696 0.7644324103522886 
0.7209265772939277 4.338122800165046 0.7458523882191164 
0.7168128548419597 4.5162002555620715 0.7373648717836998 
0.7615141647023336 3.231460174105909 0.804252099819482 
0.739487546296601 4.239135752366703 0.738457411882403 
0.7517805335800688 3.3461575348083623 0.8060936012261855 
0.8038080182963295 2.38757482028503 0.8216994061595905 
0.8182932793169879 3.064319574892237 0.7736708110254638 
0.7859755357521572 3.532486928265796 0.7489373144665813 
0.7643369122201167 2.583915222275803 0.8385731048986229 
0.7589798446167717 3.82078643329523 0.7512226853040058 
0.8485474855972199 2.0994007077826202 0.750184442813188 
0.8220184885565396 2.5780075222905188 0.7585780382187832 
0.8528383878961416 1.747768507743841 0.7918580345716195 
0.8396970859577445 1.9406154479639393 0.8082802174786652 
0.7091863646212787 3.219785825884094 0.8290197003793236 
0.7465986530955513 4.053066291464788 0.74402851629663 
0.7010888515959994 4.46735347834279 0.7657077609286977 
0.8040787182867801 2.4496646091532073 0.8103022753608506 
0.7765914547406527 3.2944126412414256 0.7759991128730913 
0.7689030704994805 2.940642044091952 0.8159455821113656 
0.7950451468630861 2.938468817153304 0.7882780112873998 
0.7280750732204957 4.195752702911789 0.7555260396246027 
0.7160332777683764 3.5510645157716985 0.7931817042538042 
0.7496168828990817 3.803351635556342 0.782990714768368 
0.8158307919519567 2.660415384272229 0.7904326428489147 
0.7113163731578016 3.764892779606414 0.79773405451328 
0.7152941378409705 4.767859025154718 0.7230208151412908 
0.710196529101638 4.083122435031187 0.7869477835335078 
0.7556056282521996 3.094957267271313 0.8093458282521235 
0.735712229601097 3.1118759514375203 0.8263151634626058 
0.7589798446167717 3.643373811015782 0.7598102975911384 
0.7234960433883271 4.2162271473814465 0.7577013365155072 
0.827744661465664 2.4700653103291685 0.8044888378729704 
0.74378840018322 4.099454800866057 0.7589466292012881 
0.7612666939164663 3.740477714784451 0.7514941108163024 
0.7221249892470811 3.2636155524196018 0.8107659566751036 
0.7642727748834464 3.8605317762315754 0.7468340347656232 
0.7387230886863809 3.9899559735613455 0.7792084015924229 
0.8485486664167683 2.017833594073214 0.7510002544690667 
0.77709468252477 3.6442225724972137 0.7465917901557475 
0.7168128548419597 4.5162002555620715 0.7373648717836998 
0.7271997944774045 3.200464867313271 0.8089684802773934 
0.7688810102994988 3.2635691715733626 0.7881289802673761 
0.7862809187814975 3.6600795487067397 0.7460996998364604 
0.734057895601705 2.8496787441778197 0.8305991034427834 
0.7038208939413186 4.174639008293796 0.7810702249008352 
0.8129352966632131 2.5340756495273755 0.7920379182714677 
0.8503646062297221 1.70284993026494 0.7988212394602665 
0.7341003460365123 4.190044744337909 0.7436220476407805 
0.754288294892795 3.294401101422136 0.8005953171251048 
0.7315934890070214 3.18910438107655 0.8127382111506999 
