0.8025943350220094 2.3177265513245806 0.8095726323856688 
0.7117353246263045 3.4326076211792587 0.8091163751638638 
0.8543024035500779 1.5986003556657933 0.7932995197692535 
0.7614626513453508 3.5845555529301856 0.7323205492479047 
0.8629741584003647 1.7794052458630765 0.7729997523658529 
0.8503734596982134 2.079340487920052 0.7419692414822802 
0.8180853736260645 2.4539417850603136 0.7584955567245996 
0.730510956880094 3.781215226202808 0.7617572767574599 
0.7236442573562866 4.441431837746522 0.7406802447403671 
0.8462697317935586 1.742954558360012 0.8068107360705837 
0.7309866848304154 3.589292997445794 0.7826417932421676 
0.7567948685697834 3.7743454074663916 0.7487753533097476 
0.806026349772438 2.77771646156888 0.7486942487596515 
0.7423686129596864 4.14206615265838 0.716638658201275 
0.8161354871678552 2.6693575097638833 0.7658753117949746 
0.7077306201451328 3.907105591365556 0.8008783550624259 
0.7479634025479427 4.157652125042173 0.7014703426521973 
0.7075730539059024 3.991772149175769 0.7772421532499154 
0.7097818887520813 4.314352632884722 0.7478293099060712 
0.8349037709562894 2.570282969606869 0.7223446346241875 
0.7387695856155769 4.006626063675184 0.7462876119979329 
0.7926873753248782 2.8083229565350227 0.7901379764332684 
0.8173553313280126 2.557939434330681 0.7876577533372664 
0.8730219855125759 1.450804886267756 0.7638275745639387 
0.7720767269497746 3.5276756520856125 0.7570813443754607 
0.7688875946356541 2.7485558471189315 0.8386532906521457 
0.7666017278232272 2.983086857730245 0.8133684690117928 
0.8410874892271175 2.040122805908963 0.7491232275626876 
0.7555440194820646 3.9839234243335393 0.7403638573919323 
0.8300057299346097 2.332234517127762 0.765123054537525 
0.7249369942564119 4.098012276749186 0.7257494860472824 
0.7061347109042901 4.515120217144979 0.7241065666485134 
0.872907289911598 1.4058342436242615 0.7847511366705371 
0.7290704056304967 4.2071238148065735 0.7052334024595209 
0.7496309780563412 3.430323083079487 0.7757624613753958 
0.8682368541451084 1.3382152791915003 0.8194417609511371 
0.8353275037047573 2.3213068207534073 0.7393044916443227 
0.7630987426734708 3.3626556945580584 0.7687464392990835 
0.7065017874343171 4.4659659570141015 0.738226412746713 
0.8345886440574383 2.4299854835915964 0.7256154401388273 
0.8646016062821766 1.6568628592130992 0.7536251021548516 
0.7863197584639136 3.1831327097707227 0.7729505977517895 
0.7347368075915959 2.942662584744272 0.8298720022953627 
0.7283305769825719 3.483973395645802 0.8065502552462674 
0.8070206206773411 2.698570099987525 0.7028553910775536 
0.7150411490980106 2.7742514842069945 0.8375343683856814 
0.7576653049798996 3.6576273515230238 0.7280519903143852 
0.8181591612283194 2.6607906222618634 0.7113226237789808 
0.8026097571328066 2.9378464287234034 0.7795189374019063 
0.818789379728663 2.3519210068340244 0.7616421906316738 
0.7558670682174625 3.8795007565399384 0.7267734464418376 
0.8479275568527321 1.66979749772481 0.7794678869158128 
0.7236442573562866 4.364261334839442 0.7415526277015111 
0.7243855530606069 3.570582040260965 0.7911534216461583 
0.8345874632378899 2.4934746809916155 0.7268320091410052 
0.7234842691061396 4.078915472144131 0.7586405783789374 
0.8652728949660639 1.6449557599849316 0.7604068568819649 
0.7458658642588707 4.113866069685491 0.714592264947496 
0.7119129504142032 3.235179879665581 0.826595786252737 
0.7475629863171835 3.5001695398301984 0.7807907479922641 
0.7115407428343876 4.217170923596748 0.7483718903523754 
0.7510831212895334 3.7018652372662735 0.758395051795289 
0.7481187190811157 4.088564459000122 0.7044632946642218 
0.752077999161019 3.481552325867075 0.77513067463001 
0.7646531715341675 3.0975203877741966 0.8290323454772136 
0.7507591626423818 3.2969997243194955 0.7998187738077707 
0.8812475282229213 1.265947528658634 0.7780769773263158 
0.8343353122781535 2.1524758990770496 0.8061139047571658 
0.755265542941224 3.898821506460933 0.7427328940391402 
0.8672630703265862 1.5299162209780168 0.8161227451947227 
0.8415181444468733 1.9592666901977545 0.7530611861013651 
0.8353052239686168 2.450030874043957 0.7206279025590142 
0.7161423439163741 3.9499898476756545 0.7836806347448566 
0.7858149056268166 2.733325148499387 0.808550504549121 
0.8819689131627007 1.3258744637215965 0.7744844605779401 
0.749463178430136 3.1122671025191853 0.8156898083728059 
0.7782181312328642 3.5118646944106566 0.7396348330002503 
0.7635928806198217 3.5515882998922845 0.7515547209779642 
0.7921771370945692 2.7956668674121103 0.7916386676649902 
0.8257003691679925 2.371220269733735 0.7307976071392642 
0.7903260659125723 3.151487749938463 0.7806555059058485 
0.8435754668798281 2.1323288754680494 0.7402057694762836 
0.8343353122781535 2.2057980774425356 0.8035411742306692 
0.8728461473903014 1.6033369790243752 0.7755632461387041 
0.7940041806190574 2.6286764846799047 0.8323866346661781 
0.708288286590945 3.5925508254028453 0.8061540484613707 
0.7296492767387555 3.86312145421616 0.7800145099376932 
0.8471900545447807 1.9079530433373642 0.7517000384617357 
0.837774017926659 2.3172024499465738 0.7892638803192823 
0.7383914266414242 4.0734907044563355 0.7433683878737054 
0.7458658642588707 4.002603611209475 0.7156547198542368 
0.8181977624109126 2.4126726396123535 0.7646295533961102 
0.8007636636513359 2.4726758511057056 0.8255946635757511 
0.7421819410865101 3.430320940446547 0.8098353415844585 
0.7692625648286281 2.9688831293742504 0.8178966918900515 
0.7584516736419329 3.898057943201778 0.7240836626206227 
0.7051220515271578 4.198683214932779 0.7917102205000326 
0.7110371790464418 3.6291240355336956 0.8010621377348813 
0.8255083666012913 2.529333276531801 0.7384801968102742 
0.8332639241495486 2.5148352832116703 0.724323701825242 
0.8265970435783507 2.2151753304125252 0.809722266862245 
0.7776364122592883 2.9835387844946686 0.7962096248313975 
0.7568024375454352 3.835249140224965 0.743745463911409 
0.8583591111991477 1.9600978321882663 0.7450357119070697 
0.7326366114391494 3.1721425529933196 0.8233025919956878 
