0.8101764131545922 2.4812479534285905 0.807507919510971 
0.7518396100585503 3.8613154491962054 0.7506462600826569 
0.7483775328654152 3.738433155525597 0.7588060577567483 
0.8204951307931574 2.8679998298220526 0.7440410388503871 
0.7890723426139568 3.837644087128245 0.754893569080501 
0.8178607203254579 2.190071923376729 0.8298334038811898 
0.7652113830719387 3.8755423857070106 0.7136512067377003 
0.7357578790941834 2.699227471776516 0.8353586504262042 
0.7801638239282186 3.327006223180622 0.7651772914073225 
0.7116009221966261 4.467498262884222 0.7383947673399266 
0.8438032504584034 2.250566745955086 0.7547837838736635 
0.8624891419220054 1.3382542579118284 0.7608361697834618 
0.7602387560298693 3.8813045093665237 0.730163041082378 
0.7346824801071268 3.60858004060285 0.7942033834383271 
0.7062345985740576 4.514588481910157 0.71913138703175 
0.8283874919010796 2.4155731461602588 0.7380975966464707 
0.8223196453520265 2.43817084591509 0.7465178241018741 
0.7738763368548426 2.65074983465412 0.8264608328616626 
0.7110961191857555 4.599381011407193 0.7150968071622863 
0.7262059111262049 4.340651590252243 0.7471286837887805 
0.7027662682220267 4.441478946045014 0.750659559274787 
0.7005692194513011 3.4002017474125372 0.8301321410976886 
0.729891110346611 4.4061368149560876 0.7105095001018591 
0.8695490700744979 1.2817298003922724 0.7678146438460659 
0.7547835645159271 3.551247551961846 0.7727758007696272 
0.8145302732717549 3.1778086130018615 0.7272122591772986 
0.8369872610221685 2.327986148136797 0.7654376663223137 
0.760492506515342 3.1694104717417946 0.8000601021800288 
0.7046535555808248 4.390650268893434 0.7593436303790616 
0.7570647350968466 4.073402271449046 0.7202269497127575 
0.8140248727545789 2.9767499070404186 0.7679840327213815 
0.7039441173813725 3.686407122644514 0.8064964909995447 
0.8449339395585562 1.883206330970542 0.8107793135560895 
0.7948045962129968 3.1274478404546544 0.7882910239134875 
0.7019133151780304 4.268613962234766 0.7690383377508324 
0.7153745168910386 4.265766041388363 0.7601613403725037 
0.7387682702974866 3.3158893262473397 0.8204469438554263 
0.8196875160229582 2.40794083354481 0.7789076432699366 
0.7588639405250928 3.9037354143638354 0.741476948563661 
0.8109602376752347 3.3736923956318803 0.7613694549642864 
0.8614092710863376 1.8680696216857513 0.7907449297416574 
0.7233395406783536 4.078799518033073 0.7772711330944442 
0.7027213946572044 3.928412115072425 0.7876855388927889 
0.7481697468204618 4.098427940087213 0.7370311546469731 
0.7583297289605682 3.1838616541644367 0.7979112500524109 
0.8728329012412843 1.1893758018430272 0.768656029808894 
0.7268847306975721 4.364098194927585 0.7429130444615637 
0.7370635276672597 4.144055788712823 0.7351214784312352 
0.8137844237614372 2.7190229913261903 0.780845578232221 
0.7591273992569966 3.9877493959511785 0.7302144424566867 
0.7643795005170637 3.6220174984307683 0.7649119046834086 
0.705290533387195 4.242198722387908 0.7686666781344731 
0.848739985554907 1.9644961156458631 0.8031057826675773 
0.8535712323226956 2.143355005609902 0.7623533862333749 
0.7698480450333791 2.9011809987027743 0.8198291603510806 
0.8272709964270015 2.619931656808306 0.7387186667284812 
0.7218980436738345 4.147389499257483 0.769600782266865 
0.8140503709997315 2.235652527944954 0.8281275403228948 
0.7862486427933033 3.275532834304157 0.7616616282030191 
0.7331893146389318 3.466416176820486 0.8242918725341473 
0.7805329021096633 3.4610950193482073 0.7552146142651021 
0.822044251158261 2.7657641919687475 0.7700592427000769 
0.8318128084491647 2.3847111120616753 0.7492526555107628 
0.8705254307406245 1.3238882801716005 0.7661560701578889 
0.8144767899866066 2.9629380467685764 0.7540868406746021 
0.7288140295602913 3.610608782098123 0.8055157492851012 
0.753057561511613 3.861314799541907 0.7433577020777737 
0.70315194630552 4.059055413680528 0.7832835043792334 
0.8207160315884814 2.778027456387237 0.7437076935244751 
0.7492099659705957 2.6860270070840175 0.8213548126841295 
0.827849904302901 1.996021544929032 0.7693277864875753 
0.7420546953955871 3.801240022353852 0.7808961492504928 
0.7177746077878506 3.364556039912032 0.824845428560057 
0.7692580612166798 3.5180620980347084 0.7907468584969369 
0.7351134172766675 3.9457782578050327 0.7436878013837761 
0.7050364677747905 3.7450698607379427 0.8063370813325058 
0.7735299515976304 2.884072061846965 0.8031570821257016 
0.7160405681674213 3.92796727064772 0.7824260396820285 
0.7183439699177763 3.330466480924823 0.8277215533233329 
0.8106306458467076 2.4928847933569913 0.788122295941356 
0.7317177225379312 4.033662723718133 0.7639412307117811 
0.7372550878217431 3.8443476394195573 0.7856537397668344 
0.7516333947354683 4.009034563185882 0.7403206767462887 
0.7895159079292363 2.440249942085094 0.8185381872675422 
0.7009687281527084 4.196762992154723 0.779507490237397 
0.7352328554124503 3.346097395743866 0.8118033088640123 
0.7268835498780236 4.265169014190294 0.7431965417424409 
0.7322167960291583 3.6464457773213566 0.7974075934415348 
0.7530673946982397 3.7034006476202483 0.7873465462606737 
0.7808293463485199 3.260106791921704 0.7617443252321462 
0.7561580413614429 3.6799349333124844 0.7554477337457046 
0.8339785007449058 2.366058250028231 0.7572396582560728 
0.8128861712127537 2.7312449067993385 0.7721600642177433 
0.7029356469554003 3.8048263587786217 0.7947357462694364 
0.7571638543521165 3.1717868287242106 0.8114106315511346 
0.7428420992849555 3.3448648855884184 0.8139276916067653 
0.721761069025974 3.763608490147162 0.8028233765450308 
0.7103633388926947 4.415711841661028 0.7522976882583953 
0.8013635900447085 2.8314351454282742 0.7710941461518558 
0.787698050083125 2.53586238338145 0.8167888277305575 
0.7476157017618796 3.782173202659813 0.7847433798887566 
0.715640467933108 4.149893218284536 0.7789519720308509 
0.720888673220176 3.6107205126938147 0.8093873449933888 
0.7171528159599817 3.3479410113268155 0.8262319421191592 
0.7496649182147834 2.982219816542942 0.8140985423334048 
