0.7636556404065442 3.5325574169663607 0.7685141000783864 
0.805094540832636 2.2377106013895562 0.8169999970952152 
0.8203742673701505 2.4378083568203452 0.7902628937880238 
0.7184536276891864 4.014230782975202 0.7809516220039815 
0.7648641918203027 3.231817719518372 0.7745678602842001 
0.7426795161185165 3.7800299664620476 0.7690382655526645 
0.8315488131021134 2.455194987018543 0.7432909325709978 
0.7549271622277078 3.983044207798127 0.714484629814769 
0.756919172610703 3.9224695897243342 0.7372202092525577 
0.702398414321185 4.548461765284229 0.766223440557338 
0.7981823409981968 2.460909534431031 0.8113205148171578 
0.7176793162499018 4.339914528144201 0.7487109599180625 
0.7436438106017955 4.386166339922127 0.720830318123764 
0.7143988975322179 4.54493732870864 0.7254139041240252 
0.8181624771437723 3.0428060219120057 0.7439303722653486 
0.7178439313587965 4.26686145467763 0.7635800136025346 
0.7468662857926792 3.7202560159299223 0.7862037804742444 
0.83606126282249 2.3148952603241093 0.7692323239950748 
0.7426806969380648 4.030768994472154 0.7526913359628804 
0.8546092458974204 1.8558667436241392 0.7497101214648266 
0.8436198843314809 2.012596687461676 0.7949068555785854 
0.8270222634483293 2.343650078596726 0.752828944832397 
0.7266846387943529 4.2406429448867415 0.7371346096363797 
0.7249467628255021 4.464791698489547 0.7123509527679166 
0.7106600211458179 3.267743080135462 0.8273048054985597 
0.7284358202423384 4.310366596788409 0.7308806948406967 
0.7739982568996546 2.8732316385936993 0.8058809753095463 
0.7209111613229198 4.414792891676174 0.7369925546962289 
0.7236047647874438 3.666368275973533 0.796688065240526 
0.7240992772689974 3.346744226113227 0.8160923085287123 
0.8603415763260109 1.506072164597837 0.7993635198453427 
0.7978833500424347 2.938166447758891 0.7977394764951239 
0.796744222820162 3.1976807927894755 0.7703512280632263 
0.7472633561577947 4.050895884884915 0.7243776614119246 
0.7569078051587467 3.1877737461006377 0.8255558294963031 
0.8553035364069672 1.7216226333106215 0.7623777755379617 
0.7613642480647693 3.813050694546595 0.7077354977460868 
0.7017915596432127 4.103560489098901 0.7761050569653519 
0.7467702008870347 3.5191716092721808 0.8081846961778786 
0.7318124715090144 2.761077076980161 0.8291172849546141 
0.7837576100050812 2.528401066667789 0.831217717810799 
0.7486539571538899 2.7004590346030577 0.8373789765718855 
0.8599944829739349 1.6270063181875378 0.7932622474123139 
0.7531430824580774 3.6996966504800928 0.7549114132426079 
0.812421325608275 2.803254405789493 0.777809448502089 
0.7017546098954819 4.6552294938199825 0.7532635437793626 
0.7072506547772848 3.906916578549026 0.7996793527145234 
0.7751579580499957 3.755827378006538 0.7439322058493837 
0.8290605882425955 2.189583493462161 0.8008638954324513 
0.7771240499490979 3.373805585116594 0.7552387602311847 
0.8224388125752244 2.6769891315726215 0.7465825541439661 
0.7612583860249859 2.6049213798037485 0.8168381316393316 
0.7466672389617858 3.2505101718646463 0.8276023964710951 
0.8205965260950221 2.418039013532097 0.7896469128935135 
0.7178523778460452 4.240958419007064 0.770593635992173 
0.714020566898093 3.667395262764595 0.8000721232186404 
0.7249467628255021 4.464791698489547 0.7123509527679166 
0.7639583572109108 3.3478265926356956 0.8018519248081736 
0.7219971565152763 4.388412061821775 0.747751101207541 
0.7047523417566955 4.243444119408419 0.7701095152551225 
0.7648226728379406 3.48050488347039 0.7852266940678712 
0.7516288407229961 4.0730330049343495 0.7232981007087262 
0.7787502753881593 3.5650835250818407 0.7349202280683553 
0.8571397894555289 1.7585783479809673 0.7532848914935729 
0.7574497505737149 3.9200011594448587 0.7352336472930635 
0.7523304326138287 3.678998633567115 0.7564422625396983 
0.8273088928566477 2.6200150377994937 0.7453189094845543 
0.7187347181644381 4.100528541214951 0.7719146655858634 
0.7983605129711863 2.6465490897262236 0.7826103503759775 
0.8383335370053029 2.1981824256409483 0.7931655117648874 
0.7473294565688775 3.6432350758057006 0.7847520965918096 
0.7240992772689974 3.346744226113227 0.8160923085287123 
0.8202066465743156 2.90337681726097 0.7369558312810538 
0.7017513523024792 4.219960492291308 0.7871464938932097 
0.7773966729096975 3.621521056877173 0.7539865047765961 
0.8393129976936551 2.306761797442734 0.7836743781304598 
0.7160494585573381 4.65338172197087 0.7216862513044454 
0.8374492780592866 2.0370265255562936 0.8021015327176308 
0.7052881608972047 4.521444858526292 0.7556950772645458 
0.8575866599064615 1.67069206692573 0.7920431524811181 
0.8156596671925476 3.1050544707954884 0.7769683435579116 
0.8277297468396723 2.5523059692884797 0.7497752409801727 
0.7648641918203027 3.2627863391638945 0.7677514399492725 
0.7983969962686462 3.1500955036916243 0.7688569956714901 
0.7092609482547292 4.572165556301581 0.7451710175031652 
0.783016851455415 2.9122166956900197 0.8037218083231399 
0.7903742112332071 2.5608924171196064 0.8141249312894364 
0.7429769657333427 3.9222646771919716 0.7466985846363554 
0.8575866599064615 1.67069206692573 0.7920431524811181 
0.7762178475332119 2.9928788382459586 0.7860643384683328 
0.7516750922827333 3.984319711203988 0.7334118575286781 
0.7337832280724258 4.031120256559057 0.7591714248245409 
0.8206693637183196 2.726514988721499 0.7417338797643955 
0.7669865666597696 3.3416803951453273 0.7610930849192581 
0.7193943217299736 3.5532456991439014 0.8001513846748955 
0.7777061782273254 2.6045425156836512 0.8048083267417958 
0.7808934794213216 3.3386974910123146 0.748621823113587 
0.7226905247011357 3.3806205242831417 0.8113403291952459 
0.7045959677972473 4.4957462884215476 0.7713221812648519 
0.8505933690595326 1.7345698835247954 0.7550468976727689 
0.8205271477926235 2.419108621090182 0.7941543719068772 
0.7697762013293471 2.5947111861135004 0.8257774318395336 
0.7022408480819546 4.317493212746127 0.772687639664924 
0.7607311464920037 3.2483793817198063 0.8029445873402338 
0.791601623464712 3.2911480864016536 0.7618790180051754 
