0.8621519788957644 1.6509896916321123 0.7921825499929681 
0.7510605606896806 3.701954400048954 0.7520865697472948 
0.7690364762919389 2.7689675057825736 0.8075247575175137 
0.8132380721666763 2.818850680875069 0.7775392313028665 
0.7104626802339231 2.760508820886008 0.8340752895995253 
0.7498796267912781 2.913444794487481 0.8177425771779244 
0.7140492029536369 3.552475131317816 0.8154457021269788 
0.7137980935609447 4.494119400130059 0.7433736193348405 
0.7992748762957225 3.369054993561602 0.7148581028663408 
0.7860353586274602 3.6756445229042214 0.7156677729460661 
0.7490398810891208 2.462864707027143 0.8341432414599889 
0.8621519788957644 1.720150729653777 0.7805179614118782 
0.7338506008384533 3.463386878844545 0.8047241719155814 
0.8426751924101538 2.1576516707350026 0.7623498649452908 
0.7673901346781801 3.6789565340541777 0.7382818589865943 
0.8184156652786144 2.8125398203338823 0.7363550487461559 
0.8254357990558558 2.365002320949622 0.7951621161137696 
0.8621824710291686 1.5058494903780526 0.8064434631346197 
0.7323026486356653 4.168988307548984 0.7727579663153249 
0.7644795235793408 3.7947698178826665 0.7125883585709231 
0.8284860553249277 2.3545319814559513 0.770249825885874 
0.7687647950976924 3.411617733483889 0.7725453076793753 
0.8037811363072371 3.101984631911953 0.7214844040732812 
0.7618362332537041 4.053135916566686 0.7384785320742159 
0.7287733349370131 3.921661925288901 0.7860806506228002 
0.7450157890737448 3.8816847568640216 0.7712328656103642 
0.7043482075271559 4.543714338506045 0.709066481181233 
0.7658480707275167 3.960441451817508 0.7068857361946649 
0.8270315298581009 2.553644745708492 0.7480506335872149 
0.7507042435755936 3.515105022726617 0.775525233884034 
0.8726892197506517 1.618881162669779 0.7667967963782977 
0.7945065499159996 3.3565179456074783 0.7465652350853588 
0.7491803693299959 3.98741720054023 0.7493543654035957 
0.8334863083856359 1.9104012447349632 0.8210945744929156 
0.8560419448995374 1.880076674297806 0.797715077001706 
0.785261933242888 3.3769220875614496 0.7585766971599891 
0.8003736162300619 3.0500505430715186 0.759522260836842 
0.7999782179021616 2.734063896122097 0.7962061631549853 
0.7672931921387391 3.699465492149248 0.7285544143478933 
0.8338265606643868 2.3416882991746255 0.734837608136659 
0.7517683407268225 3.233303512690055 0.8111749456605886 
0.7326385945932992 3.429554718057465 0.8223784327595418 
0.7832219207339437 3.1244245721840804 0.7712081772676715 
0.8651546606325671 1.7510137069467238 0.7580164646395363 
0.7298968380853776 2.8881841608866408 0.8334779522498407 
0.7312227244135304 4.1914905539021845 0.7512187149565626 
0.7991419715734849 2.3673168123817443 0.8093124493618454 
0.8235491979237444 2.58684669870421 0.7596338629261585 
0.7741656888849994 2.5357982800262246 0.8131596180589848 
0.7689199695101512 3.078344626000361 0.7862982083946275 
0.8010078732670687 3.148308788995747 0.7400295553353561 
0.7860187915934771 3.6365128316318303 0.7180448403359989 
0.8002014405328293 3.093310654840113 0.7523758468311432 
0.7143680728657285 3.330124035303847 0.8245510297531694 
0.8495092446576893 2.098620363961929 0.7835373224608978 
0.8236415340734263 2.498660363429772 0.7631247722639695 
0.7493817324075477 3.361792246905512 0.80829827043948 
0.8726892197506517 1.7120796834669187 0.7620512643728835 
0.7882045404569856 3.107404080273985 0.7641053664275175 
0.8004062400297205 2.8590945457247847 0.7755026846987173 
0.7695198845678304 3.007092754697474 0.7886496892790442 
0.7545362982913754 3.394699700085845 0.7928486634876116 
0.7421740491542707 2.6169815186365017 0.8346080395398756 
0.7310943415035283 2.8881841608866408 0.8325912963771934 
0.7806087353079298 2.9663485022500193 0.7969039927274053 
0.7624500757647178 3.343450267653498 0.7749491929932927 
0.7299620653352042 4.241645120399284 0.7619823897829782 
0.7140492029536369 3.666008129590041 0.8072036650002703 
0.7715038319913999 2.9255579285795594 0.7976438850383701 
0.8050052048543194 2.4769332135993265 0.7928751663213924 
0.8432053183274744 2.1156146750627323 0.7862753468938856 
0.8222665942468702 2.4908198523198375 0.7811926487101405 
0.8262774236345736 2.802976142487001 0.7470042250743648 
0.7629769464845467 3.73944485671656 0.7479851406125944 
0.8146395832942228 3.044222964642579 0.7323847486960599 
0.8333960637321454 2.3227383878310004 0.7451738065812098 
0.7569389232203805 2.6139017802932827 0.8079244053847974 
0.7980965877436325 3.3202323055353 0.7201678117167538 
0.7732684530830218 3.6410559758037913 0.7309535096899955 
0.808253599371886 2.459338767835404 0.8063441322702349 
0.7742711669653541 3.6048419769010347 0.7498249280975094 
0.7127974151903846 4.389736333858397 0.7588898342994032 
0.7320937904399347 3.7185502679832396 0.7809910141563849 
0.8603993854109931 1.6640553812856518 0.7979059838554693 
0.8207639204951463 2.2626267940079465 0.8121524714355765 
0.790620134251957 3.1829637803672757 0.7519617943824524 
0.7287733349370131 4.008987292257465 0.7847309205047254 
0.7860187915934771 3.6365128316318303 0.7180448403359989 
0.7559448264818871 2.9258312265372304 0.8013216296392736 
0.8246319680553585 2.386527056453124 0.7818575218159443 
0.7844132399711601 3.588142814877848 0.7597473833497169 
0.7309076023621732 4.362429226949024 0.7503632230915718 
0.7308530031896412 3.519263626172978 0.821173894932385 
0.8103306774105027 2.989090907559305 0.7336750330869509 
0.7553240777929432 3.1989227281482298 0.7808753704551858 
0.7335558584687651 2.80936014689287 0.8230845081841858 
0.8390398709002573 2.074179640626758 0.7958145145738517 
0.7189342607304856 4.339344497270453 0.7663322371890661 
0.8184156652786144 2.8125398203338823 0.7363550487461559 
0.7317425299060503 3.7844199970324435 0.8004665597161562 
0.8260071544516501 2.5985281757987146 0.7491390202081528 
0.8246793318139167 2.20657052110346 0.8185781807104994 
0.8501883582945504 2.0715139242215193 0.7554841489149585 
0.7518470813935549 2.8340075935908833 0.8105314423898785 
0.7517707023659194 3.280192200300364 0.7944024371643399 
