0.5326896275848405 0.699990156283591 0.6995261697677989 
0.5090508923404623 0.6480884138072839 0.6999902163927291 
0.5455212859490839 0.6996174383355446 0.6994634139246045 
0.45056961123120887 0.6236682569975688 0.6999911981670803 
0.5307153522726499 0.681246690010867 0.6999813096477596 
0.5405376413988103 0.6112571042274928 0.6999994364929091 
0.43715024514198253 0.6999979938346009 0.6658551992729425 
0.5457212906945466 0.6990921627582483 0.698682044375224 
0.5457866856914377 0.5678395849246132 0.6999991380716939 
0.5610006815079974 0.6985511777442582 0.6999563996010215 
0.5474185213856747 0.676628965067299 0.6999778714133469 
0.5417932049473173 0.699752795327887 0.6996935464504519 
0.5457234989955355 0.6359398558023318 0.6999808911960497 
0.5460757528295792 0.6999148357570466 0.6982686738388141 
0.5548018377852002 0.656425033171735 0.6999687199104888 
0.5407146678217749 0.6997716152315301 0.69892990386129 
0.5573489600383995 0.6989377715416302 0.697567965166806 
0.5307032685823281 0.6999722472930354 0.6889074077237591 
0.5437419327933951 0.6994538495594612 0.6987852494655682 
0.3910413133219356 0.699978148899801 0.6479123610805874 
0.38930132125639016 0.6999919848325189 0.6628989475436988 
0.38214304901657814 0.4935894841667716 0.6999876555114781 
0.507878395679574 0.6924455127182367 0.6999411406113382 
0.5474185213856747 0.6922796772455104 0.6999505372734736 
0.547417785285345 0.6978227570984171 0.6999301337976417 
0.5476722378987373 0.6900514107011063 0.6998450588299192 
0.5594136917781392 0.660319536855402 0.6987085946063448 
0.5578643545033748 0.6430807250649824 0.6994312923992863 
0.5581372698859421 0.6940254803134099 0.6962383640195353 
0.5573482239380698 0.6960955824635267 0.699795377279028 
0.5405376413988103 0.6989615417860207 0.6995685994570283 
0.5416827001741752 0.6984198800682273 0.6995372528690926 
0.5381389141279671 0.5707421491266483 0.699973292283166 
0.46800469996257965 0.4800635573140782 0.6999737972079562 
0.5371494828696283 0.6997969850880226 0.6965900957760622 
0.39285900289364273 0.6998465460465125 0.6943917317398423 
0.5437467636276745 0.6980403950897159 0.6980740573503771 
0.5478497501413097 0.5855867286850509 0.6998154994529998 
0.5356786186420035 0.6268422095036784 0.6999641270125802 
0.5372044237114895 0.6996479595607507 0.6984535143634224 
0.5471994668930662 0.6988553410069951 0.6965328314961028 
0.5481835450327968 0.6986313209832655 0.6952256697544161 
0.5472303734180646 0.6986496534354156 0.6961234204835669 
0.5496831160787317 0.6970390587037454 0.695404850513666 
0.4383620114115484 0.6999661963612525 0.6656579619809726 
0.5056350534297223 0.6999583579165032 0.6868160571440132 
0.5303440423463763 0.6997978102044025 0.6886992837020993 
0.5436349565591734 0.6981270301379143 0.6970072580646511 
0.5442588336058218 0.6901616956202409 0.6999478025971326 
0.5372041731674938 0.6973691381361647 0.699910583929738 
0.5473238637290112 0.6973305552184174 0.6976205454966399 
0.5372041731674938 0.6977671857643711 0.6998179837429116 
0.5416467257318458 0.6962497150924536 0.6997046040309867 
0.5469474291228396 0.6968706557005928 0.6995086709350004 
0.5416148920758329 0.6969894354881767 0.6996858729127937 
0.5448177573060675 0.6918339893262614 0.6998752196017705 
0.5460583622216444 0.6880507993665305 0.6998616891729544 
0.5370280158175205 0.6978213296697426 0.6998441135615613 
0.5476722378987373 0.6844484621641014 0.699838395398523 
0.5578665628043639 0.6455263063890568 0.6967522268096907 
0.5578680350050231 0.6911262192365745 0.6952237350458268 
0.5552788881947373 0.6885056301010424 0.6996845243433439 
0.5517227611766444 0.6938626281194993 0.6989974873419055 
0.5476722378987373 0.6953815783910409 0.6977127208271418 
0.555279624295067 0.6606222174633986 0.6997533126396596 
0.5557892736163669 0.6921190533135311 0.6996690544404501 
0.5524940750329792 0.6856617955074181 0.699793685917754 
0.5558258777531127 0.6617961172035195 0.6972353487184978 
0.5561279343549277 0.6809110995345341 0.696455727644207 
0.5457212906945466 0.6933672992473907 0.6996820400112265 
0.540951621169115 0.69535627053787 0.6997263986581304 
0.5421839429129975 0.6940795690290267 0.6996413540020969 
0.5561294065555871 0.6559170734488357 0.695370155149021 
0.5399771334179762 0.6989240745502847 0.6989087835535279 
0.536270049602632 0.6988189915331601 0.6993848897343309 
0.5405369052984806 0.6971070134960653 0.6987597292132877 
0.5404805631845219 0.6979341765849831 0.6991319722307388 
0.5362707857029616 0.698184302403713 0.699217941433838 
0.5158028513975332 0.6997611985397104 0.6949395680373319 
0.5203050886886028 0.6996783453014703 0.6926418238531289 
0.5170404432589604 0.6996846056934822 0.6921289990858869 
0.5367913357352607 0.6996285529515378 0.6980053630590034 
0.43851353849484154 0.6998462013463597 0.656170610085775 
0.43202158490865505 0.6999484585190355 0.6785128928830113 
0.4344453172210272 0.699921189976884 0.6827188923814557 
0.5487630648590667 0.6923917136080981 0.6958298853334299 
0.5481835450327968 0.6928106014347543 0.6951934002282991 
0.5476722378987373 0.6919892034148485 0.6994425575163684 
0.554558877030586 0.686803236702731 0.6993791416623595 
0.5536670492018668 0.6635433775133676 0.6995123061512531 
0.5487211218608261 0.6900997856382549 0.6968752935332898 
0.5500144503648476 0.6897689891733636 0.6976036373272804 
0.5556316745397079 0.5833076175655694 0.6977283217785617 
0.5554347573907157 0.6885109860646138 0.6945211826083347 
0.5505607090767919 0.6116110673834261 0.6997440619768932 
0.5481512420982364 0.6599563387670644 0.699593392427658 
0.5505607090767919 0.6340481112039937 0.6995233947135211 
0.5509336718293084 0.6660556413253156 0.6994781172145068 
0.5416149455472914 0.5863414467502863 0.6997913953812002 
0.5546356547927092 0.6414285887217975 0.695644107483295 
0.5387501086638591 0.6780188755636364 0.6995495614769002 
0.5366636551228247 0.6995104979509944 0.6963263310526783 
0.4350776115006032 0.6991804753911939 0.6669715483655363 
0.5303234325402001 0.6988097166078137 0.6954686505527454 
0.5388192231959992 0.6399637654809497 0.6986956493171496 
