0.5282883946298121 0.612474692151964 0.699999260516276 
0.4127056023005824 0.6377294086467196 0.6999910344342513 
0.5492173745508503 0.5472454048926988 0.6999939590197792 
0.531321095796165 0.6995923108033772 0.6993873069291074 
0.5545768476544881 0.6328504264205941 0.6999927380248587 
0.5489399778188881 0.6452314166643427 0.6999890277812537 
0.5605566060584949 0.6957667674884846 0.6996381028712586 
0.5612981532057029 0.6670260502068988 0.6999494204549955 
0.558332014480172 0.6987388387825484 0.6992477987269283 
0.5573604654201121 0.6901190826501513 0.6999851656136612 
0.5502899492161091 0.6993871473747919 0.6994910195810762 
0.5444037663923746 0.699991183289586 0.6984970366579268 
0.5624595170624183 0.676065877213174 0.699735850529921 
0.5603363494818521 0.697867348156296 0.6999661032148707 
0.5624602531627478 0.6372993870302431 0.6995720125021437 
0.5624253218983934 0.6986329885536524 0.6996141668275837 
0.5624936237604886 0.6944278305200923 0.6982489313673591 
0.5604100766156203 0.6933321732013692 0.6998296995382862 
0.5624595170624183 0.6731609570890246 0.6998529771236774 
0.5605566060584949 0.6999659707526764 0.6989913817121134 
0.522873334256142 0.6884687070964315 0.6999791812260014 
0.5556414852645268 0.6095716149347038 0.6999735011579219 
0.5526270502645966 0.6619139315001503 0.6999771672911282 
0.5254200626712329 0.6999890715512348 0.6891322998175186 
0.31332683503354575 0.6999907245556881 0.6261198276534735 
0.5457767167786804 0.6947857997691306 0.6998371543186572 
0.5375002742026898 0.6957913763075905 0.6998104486054005 
0.5583312783798423 0.6724419890410366 0.6999081301131704 
0.5535541295751027 0.6967205285972815 0.6996294888354391 
0.5577821688411648 0.694699729131763 0.6999226353868471 
0.5588015083023989 0.6560055477067516 0.6998853999908295 
0.5583312783798423 0.6435183192155586 0.6999455750476462 
0.558334222781161 0.6938464344271883 0.6996270787546851 
0.5624602531627478 0.6260953559993616 0.6995501726562473 
0.5617905470520681 0.6768231408115246 0.6988779642767091 
0.5610409083878655 0.6922120724936047 0.6995703129878638 
0.5612952088043843 0.689778890243859 0.6993896989423438 
0.5528525190736627 0.6982808753468333 0.699154734781763 
0.5356925368155872 0.697928885870209 0.69944101253183 
0.5458208770064377 0.6982656381194328 0.6992517178990254 
0.5583305422795126 0.695462663077065 0.6993340232174668 
0.558332014480172 0.69387657875643 0.69950068391979 
0.5594859275538816 0.694061501783735 0.6993759994552795 
0.5568863611890849 0.6978492457513807 0.6990720741500744 
0.5610109193700124 0.6978793148047668 0.6984374576848594 
0.5610751035518903 0.6927993430661955 0.6978919298078808 
0.5612996254063622 0.6770053100119299 0.6968295496314232 
0.5583829784473383 0.675096079400825 0.6997655150245501 
0.5612974171053733 0.6280819103993116 0.699263402539686 
0.5624253218983934 0.6313677370503799 0.6990574662185266 
0.5613308761690684 0.6241099985321386 0.6996116836476591 
0.5603915617705244 0.6109733727871318 0.6997712558669966 
0.562391172043594 0.6299274088919338 0.6992564327269791 
0.5605922521693321 0.645625627395492 0.6996739044887071 
0.547994298932831 0.6994118734177921 0.6986150980628122 
0.5461782700202278 0.6997142856222927 0.6970603151317116 
0.5602494464682981 0.699592448381614 0.6985512520702216 
0.5444037663923746 0.6999537693828162 0.6982487153330985 
0.5542053136471516 0.6983526897259252 0.698699124935482 
0.558332014480172 0.6982220725669878 0.6989342628030127 
0.4599876742322677 0.6864444329399054 0.6999441914277668 
0.4641247677740924 0.6475647472260008 0.6999366248183652 
0.5488283888112568 0.6065883693322403 0.6999699433442239 
0.5361773434340591 0.6523564022354233 0.6999284654857332 
0.45686057504683397 0.6999543057243202 0.6666767804131515 
0.22788269892633228 0.6999756579341685 0.5957005459347763 
0.528751593891154 0.6955177044404094 0.6997602723843073 
0.5481641724272652 0.6954869912339348 0.6992351708407227 
0.5490117375695531 0.6645296435373685 0.6999207139084856 
0.5541478068795902 0.6937620196629619 0.6996985730772523 
0.5341598898502968 0.6914152976315152 0.6999006258664877 
0.5543842339143262 0.692086402741538 0.699781167382588 
0.5557481353148981 0.6893656182474078 0.6998850274068411 
0.554017516446438 0.6248750418552358 0.6999031079755097 
0.5373933740952859 0.626856518986602 0.6999330720988134 
0.5503578879882289 0.6134056251097706 0.6999262631583381 
0.558332014480172 0.6824739970148056 0.6996027087926687 
0.5567689189349629 0.6829566756920219 0.6995940208412225 
0.5612988893060327 0.6411079430056398 0.6984355700887857 
0.5612981532057029 0.6550700705232247 0.6986389147340402 
0.5573612015204418 0.6868584849835505 0.6995335226899871 
0.5611529955702987 0.6725627473643743 0.6987574364251243 
0.5605573421588246 0.6534646060176685 0.6988975386806012 
0.558383714547668 0.6559879541951072 0.6989780120370596 
0.5586345279269183 0.6667631728614044 0.6988562764704831 
0.5323065411429839 0.6972328415356795 0.6990418536170755 
0.5603356133815223 0.6945267252394203 0.6983589778053001 
0.5583327505805016 0.6403306295653477 0.6997399181304705 
0.5569509948707431 0.6706300291270819 0.6997295834827619 
0.5612974171053733 0.624953244782824 0.6986689702109391 
0.5605238045525414 0.5993519124466089 0.6995448025927363 
0.5605573421588246 0.621786623967145 0.6993908816587868 
0.5586492212680417 0.6990362853495851 0.6954074657253859 
0.5533548459689256 0.6986557036125973 0.6981989758781937 
0.5588497758732377 0.6969157343153094 0.6984660589523826 
0.5506900754396269 0.699523140336606 0.6978423844871828 
0.5479812783524414 0.6985188300986271 0.6983562237510473 
0.559264873231641 0.6976991939251599 0.6979048280622406 
0.5414434762819571 0.6990788664758568 0.6982605266598872 
0.5409401224614854 0.6997602583025997 0.6962758054043999 
0.43658617108648656 0.6999284206896917 0.6733823104996228 
0.5415951189248738 0.6996787794312594 0.6971962599382134 
0.5311579671036708 0.6999096715890168 0.6965855847715494 
0.5380157384232584 0.6998765367626025 0.693734821270808 
0.5457526250625389 0.6971894485193583 0.6989210377306837 
