0.5387681228112062 0.6982098754972222 0.699406844571491 
0.530395594413321 0.6801545966416617 0.6999819793174856 
0.5336964879185828 0.6999467315276601 0.6983582219737839 
0.532925633865555 0.6974677151758566 0.6996834894649803 
0.53473689614533 0.6840520000520627 0.6999715154583325 
0.5639838677617863 0.686552125144797 0.6995178377529455 
0.5347594994521121 0.6998879987871374 0.6981617473603307 
0.537741527173693 0.699747135961595 0.6982998060685865 
0.5635045348947008 0.647865586737829 0.6996799477553942 
0.5520388972122553 0.6597000992228592 0.699995783209406 
0.5387681228112062 0.6996050366877639 0.697684366217536 
0.5387337554392625 0.6996050967217662 0.698842503090074 
0.5577191912148672 0.6972636653128578 0.6999704079700757 
0.5064085944703087 0.6999505991918561 0.6889251617050032 
0.5578396488507773 0.6764892208664779 0.699943645729083 
0.5589764314653719 0.6891149674597511 0.6994893480476528 
0.5631313449201348 0.6995542526369751 0.6984949429969832 
0.5335371760897214 0.6982781150159483 0.6993595233908972 
0.48953020721978924 0.6999911242132115 0.68058871716493 
0.5241557450461616 0.6999220614258165 0.6895721888179479 
0.5170127851440129 0.6998405460736918 0.6908563779999637 
0.4431389771491673 0.6996169510082705 0.691378086527513 
0.5384121804790876 0.5594823845756086 0.699981830093125 
0.49273167062038337 0.6292564244524119 0.6999713197683143 
0.5377415271736932 0.6995725187341706 0.6983921368974122 
0.5355003644544243 0.6995733716722013 0.6980483023135347 
0.5536759350680411 0.6971329193104651 0.6986388642000472 
0.5350885717122164 0.6968726857435248 0.6990066637258101 
0.548530447808116 0.6080027161218381 0.699950159318692 
0.5388758596888459 0.6566504624307702 0.6999670601312209 
0.5449290973941582 0.6282821415802027 0.6999633675196901 
0.556164544441287 0.6960762221833406 0.6985055344731741 
0.5572040360933633 0.6926998804117103 0.6988347748433724 
0.5544660832486176 0.6968092097485554 0.6999455339183434 
0.5577773722167885 0.6501320080334089 0.699625086911081 
0.5586923095104478 0.6381837685136587 0.6987329571356087 
0.545198406104505 0.698401232710366 0.6975370004223167 
0.5414378279647645 0.6978465413389006 0.6978250334340943 
0.5377535852114423 0.6993056930461332 0.6980842478274089 
0.534175017093445 0.6985199675919499 0.6984917729504937 
0.5441200763367274 0.6987817617214582 0.6978050680999506 
0.5384666544114916 0.6992663895270733 0.6980237014229314 
0.5575773638437496 0.6976740425617227 0.6977320316600932 
0.5066525026399658 0.6982460598801672 0.6986954321277716 
0.4960402646814973 0.696877977303517 0.699001355032901 
0.47303474869222584 0.6999717194404398 0.6721073018893874 
0.33921199012133796 0.6999854869437456 0.6337435612922443 
0.4366401934853672 0.6998107526075735 0.6808019235827708 
0.467667027811715 0.6997724874563972 0.685521793423363 
0.47536423061711186 0.6997653751110063 0.675565975454164 
0.5073805989103026 0.6993676861653093 0.692484864656062 
0.4635218242856428 0.632349387552878 0.6999470236704165 
0.5572040360933633 0.6838424436669013 0.6986692899710045 
0.5492327984695295 0.6922985777755453 0.6997194353108996 
0.5452319798420292 0.6954429727602617 0.6988586184971185 
0.5360100034707044 0.6934170384717047 0.699829849568194 
0.5407121105710383 0.6785593297486769 0.699898534077111 
0.5456719721606721 0.6951840493952387 0.6997622405183975 
0.5367729225149518 0.6851221327164202 0.6999108694763946 
0.5336950157179237 0.6918773144718504 0.6999197757590292 
0.5407866559659644 0.6958346000578408 0.6998112717869421 
0.5529935034149775 0.6921384696732353 0.6998457519612528 
0.5499331848391595 0.5608799514233629 0.6999122014476938 
0.5407859198656347 0.6327576900509643 0.6999335359674125 
0.5499324487388297 0.5851424974389922 0.6998746421865268 
0.55331693547643 0.6839278719546275 0.6991393706685495 
0.537640684468688 0.596050458670341 0.6999361344254243 
0.5506240723464759 0.6927189607323891 0.6985552929329144 
0.5533268601360444 0.6621527559108931 0.6991310889296632 
0.5548499639750487 0.6392265684854881 0.6993414094738383 
0.5548840604446539 0.6249989721545555 0.6987411732062341 
0.5561652805416166 0.6257517756038962 0.6986698170084187 
0.5427749427234658 0.6978539223714751 0.6916767343508675 
0.5344343815950745 0.6989374361094562 0.6942506814967597 
0.5328151362105134 0.6991989964636951 0.6968742112502311 
0.53787173375509 0.6980472574040579 0.6951338696304604 
0.5343001285267898 0.698944400756537 0.696224816603611 
0.5509332642871478 0.6975121046901688 0.6976475083860114 
0.5561304479716818 0.6904210380800146 0.6976758043006374 
0.33754723079312365 0.6999604897803605 0.6347080740761321 
0.2416890695589532 0.6999597572992731 0.6379180863634869 
0.4509520665121579 0.6999528454103646 0.669974336884969 
0.43176409056107945 0.6999596064855732 0.6638675507983905 
0.5129730562611903 0.6989749997060373 0.6832020987093016 
0.5232651858955445 0.6975925390556366 0.693644715325757 
0.2573555967181055 0.6999288489080241 0.6511819372093552 
0.47084500181310196 0.5975480111566551 0.699933178970997 
0.500455795933336 0.6954574049569797 0.6995745574409263 
0.5517899435110043 0.6585770897953469 0.6994434873716155 
0.551521032187547 0.6572433558421941 0.6998294081081105 
0.5490673038086806 0.493020061398192 0.6998953887360964 
0.5333662775477244 0.6911308283620019 0.6999174806211665 
0.4575394627245466 0.6995535261535013 0.680340923693551 
0.5412341711329199 0.6972384212251046 0.6928309465707675 
0.538875941212589 0.6104905977111761 0.6999132704673618 
0.540580700251277 0.5051495193935003 0.6998777095267184 
0.5508990250051646 0.693256780181148 0.6960839238046436 
0.5514558436398462 0.6740962145078194 0.6996902800629727 
0.5529464322590115 0.6747208208840489 0.6990723768396226 
0.5520388972122553 0.6892874534490329 0.6994098606294878 
0.5524589868473879 0.6868153683536353 0.6993129937953456 
0.5529100176371659 0.6839832118395713 0.6992432017343253 
0.3003079675437207 0.6998968603006914 0.6285969247533535 
0.5517899435110043 0.6332870881524875 0.6995110980690114 
0.3361513062959528 0.6998411833191681 0.6354824546083901 
