0.49313067170563407 0.6999221841443684 0.6879887144096116 
0.5470819006291667 0.6994096190032445 0.6991440394843785 
0.5310345334433435 0.6998439755278961 0.6992900969854248 
0.5492212937095913 0.6985755048031257 0.6997044256993074 
0.538460751253651 0.6994601499715961 0.6998996629402001 
0.5575683588195035 0.6992116869416838 0.6981010961184547 
0.5028821114660664 0.6695920841398861 0.699998131185925 
0.5044381431178184 0.6999980015417738 0.6806012380212644 
0.556627472656517 0.6939866891947292 0.6999666437495615 
0.5436394078837845 0.698841459707852 0.6997007465458921 
0.5595989637612491 0.696429922567489 0.6997813719551591 
0.491052388502767 0.6945469705411239 0.6999465112423192 
0.563130480495699 0.6898306996517203 0.6996602152025919 
0.5394404352883009 0.6845955633749481 0.6999766646880344 
0.5739995950054328 0.6117737479061918 0.6998976075596152 
0.5605200395041701 0.6960635030441409 0.6994813437529758 
0.5615544195929825 0.6907554383696647 0.6992458681465793 
0.5506539378056643 0.6999157355616298 0.6987842556266737 
0.5559503260790546 0.6993734339828352 0.69802878974007 
0.5651305132581566 0.6839153543816069 0.6997774551656344 
0.5657705072809835 0.6704810556561946 0.6987222876712651 
0.5532869765393766 0.6993742173685007 0.6982615449443984 
0.5588601544078314 0.6630472899454928 0.699998800054443 
0.5566023517263654 0.6993289352123211 0.6976736047577099 
0.5618223830021102 0.6935484565350157 0.696730044037481 
0.5683575224145179 0.6522732047793258 0.6967671346387219 
0.5595989637612491 0.6982951616332133 0.699424737633343 
0.5565595243613561 0.698911538463534 0.6996423460002176 
0.5423286868172541 0.6994594244960153 0.6992189484054684 
0.5657705072809835 0.647707133241977 0.6996084587541408 
0.5604031469406139 0.6963677704799097 0.6999443108036896 
0.5578083016831998 0.6981895667597549 0.699832078228253 
0.5469906312055612 0.6992172603628316 0.6989036540160679 
0.5050651622298485 0.6996926633672625 0.6991374069687414 
0.5472469611665424 0.6984144955556297 0.6996827688021773 
0.458924511188991 0.699990615264158 0.6687441163698714 
0.4427198254784839 0.6999335996229881 0.6700169547460281 
0.5529762549995136 0.6823571263453428 0.6999639712839703 
0.5490132419146301 0.6906553057155717 0.6999618587640348 
0.5488205526376821 0.6712480102425131 0.6999662933575704 
0.5012343895141996 0.6998964554551987 0.6814149013740193 
0.5389144879843324 0.6995105718848633 0.6980020009128276 
0.4997490908339177 0.6998289393384521 0.686910858325262 
0.5143241004582305 0.6996406521340438 0.6887831316419629 
0.4472721001684763 0.6999031459467807 0.671605954695436 
0.518717142503516 0.6996725938710286 0.6884879874280869 
0.5618223830021102 0.6752538531968145 0.6971690123442152 
0.5626119045960205 0.6752054287780588 0.699701062834187 
0.5450448494338042 0.6561759822469856 0.6999853373152256 
0.5519960484963055 0.6440717306929457 0.6999917190690272 
0.5584078737201454 0.6125809371954546 0.6999979775835377 
0.5562619649117095 0.6279342802985111 0.6999717016492378 
0.5426851452447148 0.6494556853565798 0.6999920291717489 
0.5581284422600288 0.5552441599013469 0.6999981433719062 
0.5585296563097616 0.5595766368317916 0.699966984105603 
0.550219418653604 0.6989687403003926 0.6930238990479748 
0.5473923738313053 0.6990493988910247 0.6975745289337649 
0.5595068379036594 0.6979537420027957 0.6974401431171444 
0.5508661893139553 0.6986515520701767 0.6990579527571826 
0.5535583500396322 0.6986126306152375 0.6985507047989081 
0.5560557122921999 0.6989055849003458 0.6979112167403927 
0.5560557122921999 0.6989055849003458 0.6979112167403927 
0.5558820689757373 0.698327021505625 0.6979734020066987 
0.5561385199399472 0.6987127536429397 0.6967428780045424 
0.5402019251597823 0.6994104575707217 0.6967194858124823 
0.5589987313654037 0.6397435579237388 0.6999433535251366 
0.5591607625798057 0.679624644266074 0.6998270908483275 
0.5492561291796452 0.6879212189199724 0.6999223810665335 
0.5332623764853193 0.6937827658842349 0.6999219573677332 
0.5500929317213548 0.6915506697891888 0.6999110345446254 
0.5546012029980238 0.687877700225428 0.6998621973118154 
0.5589212970149836 0.69553094870753 0.69964383820233 
0.5590613770628814 0.6861708335030012 0.69964231399245 
0.5600891041079377 0.6835309890401705 0.6990838843005851 
0.5575690949198332 0.6598314885086197 0.6999247435822302 
0.5590146947394619 0.6944021680214267 0.6990479754446598 
0.5595289441473641 0.6896995744246179 0.6985358024706336 
0.559507574003989 0.6930282304471775 0.6952404557395577 
0.5575661505185145 0.6845950581097544 0.6998973855230549 
0.5518566614203896 0.6964746124472159 0.6997440304627507 
0.557298499115666 0.6963990698555365 0.6989554595172225 
0.5559162296094494 0.6973564520333304 0.6996005916696411 
0.5559503260790546 0.6964245060799131 0.6995631649374067 
0.5436741628704934 0.6916492696053791 0.699823121520608 
0.5501901757005252 0.6920326449516794 0.699759989376086 
0.5558842772767263 0.6895039414118272 0.6996742541294128 
0.5566289448571762 0.6874728488358399 0.6997479062249421 
0.5575676227191737 0.6958595863240717 0.6979829548020001 
0.44992134963108255 0.6996977658216962 0.681886616105377 
0.46453855156192503 0.6995134203857051 0.6781024573312651 
0.45792380772545693 0.6997966017226078 0.6768480284728762 
0.5022362885404212 0.6991012956539138 0.6980468833554865 
0.44588402098365343 0.6995731331385093 0.6967426693513087 
0.5224957414706612 0.6994545895851199 0.6975976798351037 
0.5272966456109691 0.6974811509520008 0.6994943263353519 
0.5057651485193546 0.6994923012939943 0.6884083392502157 
0.5237799530146545 0.6987380090278695 0.6983167066049458 
0.5536120409380261 0.6926388516111986 0.6959235193079948 
0.5606835363523253 0.6438211534913711 0.6979492742398358 
0.5584886662138615 0.6858094720783409 0.6959649925870568 
0.5606834955370521 0.6731843036467208 0.6972603747447902 
0.5462296383814729 0.6957777722372156 0.6991559363117821 
0.5584413439406725 0.6722661957765252 0.6996005207686355 
0.5509579690576847 0.6909336214598681 0.6977300887626623 
0.5498035587857134 0.6832180076642026 0.6991805630495945 
