0.5428312526048756 0.6893497341560219 0.6998672233823918 
0.5397644334984765 0.6890408250300303 0.6998718270803678 
0.5393190218144549 0.6997091471300488 0.6992105286991135 
0.5411172759299046 0.6999725154134455 0.6960973651712311 
0.5447273926064534 0.6933133935732689 0.6996339728685423 
0.5445990241123679 0.6992120365961738 0.6994097055478989 
0.5473833961625086 0.6935535576981415 0.6994660603786231 
0.5541540701538444 0.68141628280825 0.699978186114974 
0.5394443268454967 0.6992295545820476 0.6999537854546062 
0.525535948624604 0.6833969107488098 0.6999956432518621 
0.541658106663871 0.69986005965889 0.6990537130913935 
0.555121961832919 0.6960958434458204 0.6990094901500441 
0.5567579050259616 0.6512439041896608 0.6999754286641634 
0.5533753054215182 0.6181216995124349 0.6999982905565114 
0.5406954298402475 0.6895841492326938 0.6997776746187804 
0.39643835959307094 0.699997173005365 0.651283199209303 
0.561134947713082 0.6048903407002554 0.699833157079324 
0.5394676380277954 0.6844236139077142 0.6999632817770551 
0.5529026687444616 0.6867851298663179 0.6998059628472973 
0.5061729506787078 0.6999960711253993 0.6923206864181504 
0.5400918638135727 0.6493382352778516 0.6999824443472368 
0.5478696450278093 0.6996161868099342 0.6982037291326093 
0.5509350279370744 0.6934366436896339 0.6990750481524867 
0.5529026687444616 0.6905513326486813 0.6996422671850451 
0.5493803880048773 0.6990936346771924 0.6977920208341785 
0.5426275598983419 0.686416276564489 0.6998179256685889 
0.508815561789353 0.6999396520589226 0.6868588360335699 
0.542830516504546 0.6988130372015687 0.6984896216741947 
0.5422073038891378 0.6977232240460343 0.6992890293193166 
0.5416930770839405 0.6908786250459177 0.6994246157305587 
0.5496383876192149 0.6809780335206476 0.6998807992811544 
0.5405455705647806 0.662253973420632 0.6999190632713858 
0.5389155133810596 0.6681293818282865 0.69997491604689 
0.5533775137225072 0.6556208564137265 0.6998703174193973 
0.5335602514112306 0.6869749155397548 0.6999087199820326 
0.5337117122989141 0.6938577604362697 0.6998828286491748 
0.5313474539269609 0.6987946515773477 0.6992979510761483 
0.539162018099075 0.6925876612687571 0.6993941725735482 
0.5324360089737623 0.6978414326246031 0.699849366376037 
0.5335602514112306 0.6940055131561431 0.6995972753952622 
0.5352140143827737 0.698376228111559 0.6995169522458088 
0.522022646136006 0.6998096277735479 0.6989464381114646 
0.5336365395999478 0.6998227487089805 0.6975833042781383 
0.5550528089994898 0.6607770587518415 0.6979864532442018 
0.5478696450278093 0.6939373905840213 0.6985854813336488 
0.5533440260108937 0.6713926405077996 0.6988190826147793 
0.55340965969774 0.6377784329424758 0.6993681945901801 
0.5485395662760867 0.6231384449838355 0.6999401214942806 
0.5551212257325893 0.6300929993486479 0.6989535677439399 
0.5534103957980696 0.6141031972481785 0.6996532948380504 
0.5397955401537218 0.579108118649805 0.6999922410468875 
0.5304542323419565 0.6086844733797667 0.6999931420071582 
0.5339683195300977 0.6837441574699347 0.6998338771436952 
0.4247600318454059 0.6999729972643419 0.6865481769585762 
0.504772699989258 0.6999150754897188 0.6895293590199923 
0.18019099034568375 0.6999902938439203 0.5800112282631819 
0.44089239317529727 0.6999851966814747 0.6686512486175922 
0.5317571005485847 0.6467939417617597 0.6999822482638526 
0.5400918638135727 0.6371939847338098 0.6999410783806972 
0.5400918638135727 0.6327290063482051 0.6999599521873179 
0.5357780330230668 0.6995230531127391 0.6958588241972329 
0.5405000258188458 0.699509478800602 0.697854861484216 
0.5381538398707242 0.6992606926954438 0.6981976700340453 
0.5477766807120443 0.6994614611476698 0.6980300495425004 
0.5426275598983419 0.6929225144124611 0.6990688362621671 
0.5449166691042673 0.691445840682062 0.698719355529426 
0.541658106663871 0.6889185148333853 0.6995921848972416 
0.5438299709193701 0.6891025806985055 0.6991626755758396 
0.5511142585621733 0.6883145940869927 0.6976065244089358 
0.5394676380277954 0.6878165189056631 0.6996032274595517 
0.5516447277735113 0.6638358332107489 0.6995526968645616 
0.5500037204882626 0.6809725964957034 0.6985377479480455 
0.5509000696679287 0.6867665467143873 0.6980378300097535 
0.5511142585621733 0.6758583778987712 0.6993010230314416 
0.5486831912243415 0.6829122952821314 0.6992126892380516 
0.540694693739918 0.6847554216172992 0.699788251862279 
0.5366713232915243 0.697225412450004 0.6984265673764011 
0.5366010637676626 0.6943400500648941 0.6989717549255416 
0.5389561780754618 0.695883323775472 0.6986868059328163 
0.5484599372047485 0.6806660999512283 0.6998183677648306 
0.5496719220531427 0.6486343599106249 0.6998661200050014 
0.16031657120545717 0.6774052651340259 0.6998750169789452 
0.5171426898344441 0.6951449550794333 0.6994888294777524 
0.5320722316216191 0.6967907602794242 0.6988443455467505 
0.43248039298196483 0.699809380017966 0.6968997770369384 
0.5332453403857562 0.6997593860902831 0.6973179315117873 
0.5419272254335983 0.693825943844044 0.6985446259152832 
0.551739698092211 0.6592845026584204 0.6987786384536706 
0.41114485487376795 0.6999217121854951 0.6743620515363908 
0.3518903012239404 0.6999469969339172 0.6406368168864012 
0.28213657367475964 0.6999656331466834 0.6153160808925571 
0.36227635172974315 0.6999532445022678 0.6399969753138315 
0.4914387514846341 0.642491770333592 0.6998730402183138 
0.5369277688827091 0.6977600508723208 0.6977019150750334 
0.5347966906848352 0.6991238620472988 0.69771173712579 
0.5474439248272301 0.6908603322540597 0.6978722985289249 
0.5476970111305317 0.6962562903315107 0.6977738708954306 
0.5372110165133577 0.6983080981818193 0.6956149327056406 
0.5373454214883547 0.6913521289818906 0.6987687073451962 
0.5430152485557701 0.6913288140579713 0.6985970668733377 
0.5337215456286787 0.6883096498723671 0.6994294221336238 
0.5405455705647806 0.6869440312852086 0.6990970587734224 
0.53757296587035 0.6859314483365782 0.6992109907517036 
0.5509342918367448 0.6469234402645724 0.6993469763895234 
0.5493776969315342 0.6516368427065122 0.6989185918875878 
