0.5374494083780016 0.6996217302325844 0.6999494489729439 
0.5464220437290732 0.6975491660459286 0.699860926784137 
0.5514829034399941 0.6957345535522217 0.6995293282420205 
0.5536810040399611 0.6674279223207028 0.6999871364244574 
0.5549775855898917 0.6904709897078433 0.6993853156251857 
0.5603991730407256 0.6667567318685129 0.699895741220277 
0.5550116645519794 0.6912113380382144 0.6993252221114329 
0.5427431461726202 0.6981148167874679 0.6991116377935329 
0.5538596109848613 0.6915200823090815 0.6999197982072938 
0.5562919617713858 0.6526271675474561 0.6999590396791607 
0.5523579460835959 0.6944011949319885 0.6999796183706101 
0.5544533745195301 0.6972760803887799 0.6993375743415099 
0.5574748233205742 0.6901442770381032 0.6987928266898606 
0.5538917454077914 0.6954125782202154 0.699474699458242 
0.5565502118755707 0.6979593728998666 0.6983701195897916 
0.5502958111375631 0.6231776566165002 0.6999986870328275 
0.5557033019667466 0.6898303101540163 0.6995743506448864 
0.5476189500048596 0.6996731626490392 0.6953726547704893 
0.5575180804339821 0.6865199604875402 0.6995271575528309 
0.5435278996884971 0.6999966753372662 0.6989685873931181 
0.5526567715748729 0.6947921823919715 0.6996728674640065 
0.5498931321755591 0.6951390873039939 0.6999335552599397 
0.5561367561283218 0.6798513334053645 0.6999857896878607 
0.5557605622077577 0.699579641359643 0.6987941088795273 
0.5571518461876939 0.6953084002128082 0.6971545658434358 
0.5565159670316029 0.6861521633648683 0.6995304484538372 
0.5571511100873643 0.6915394013939699 0.6984963349821606 
0.558215713195845 0.6685326069908435 0.6979776184473598 
0.5562919617713858 0.68986103510489 0.6990726109496513 
0.5557605622077577 0.6987322276437276 0.698919002497912 
0.5019003210329279 0.6969707324205452 0.6995436502909343 
0.5270953232838389 0.6961635164078663 0.6997381385548924 
0.5014036855805911 0.696846860465879 0.6995954807153766 
0.5487195042639721 0.6328728795620562 0.699986741577883 
0.5603977008400663 0.6665883474443016 0.6991140111737248 
0.5571518461876939 0.6188917871069899 0.6997751361210749 
0.5575188165343119 0.6500485991786965 0.6994818870436063 
0.5575202887349711 0.6364829896459728 0.6997140714153578 
0.557748968547183 0.6425444384345995 0.69944140785018 
0.5509626373751331 0.6897997523015111 0.6998741505927178 
0.5519112780221448 0.6847117246127312 0.6996946837044041 
0.5523174790360788 0.6799978581081435 0.6999002707682257 
0.5347558959873498 0.6923780268193875 0.6999352092515693 
0.5544526384192003 0.694991153969036 0.6991384854664899 
0.5366814385415399 0.6971070559316639 0.6992734418202163 
0.5487889642448791 0.6955679519097898 0.699230180433663 
0.5534020477930676 0.693893892987376 0.6993041154806598 
0.5538094307257604 0.6918775672977869 0.6993382987626257 
0.5563861081623803 0.6966909019309109 0.6979072531613081 
0.52546052994468 0.5084376452876319 0.6999897104520424 
0.5565502118755707 0.6798803999187084 0.6989119670825081 
0.5162329206182793 0.699985536440163 0.6911404526403798 
0.5233281129407933 0.6997534576740011 0.6984961301400905 
0.5307405675888677 0.6996719093042091 0.6901560527635878 
0.5500230832073985 0.6921065242917495 0.6994477285114717 
0.533284769770977 0.6933068863544358 0.6998757255418632 
0.5332078049115909 0.6934790998339657 0.6997556107163478 
0.5469092822340449 0.6926996094962796 0.6996961580253378 
0.5366813992379436 0.6947422243909069 0.699611394634702 
0.5462468677721408 0.6931887064691116 0.6993749236752073 
0.5543803428022686 0.6767991978812264 0.6997749507934529 
0.5532002099356073 0.6713915880164797 0.6999283471931185 
0.5554947012863516 0.6226713438197327 0.6999628714549365 
0.5547398539930286 0.6565727874880111 0.6996707174526242 
0.5559167026727905 0.62381474593585 0.6998126562134632 
0.5514511338360568 0.6770407922368669 0.6999722737302978 
0.5335719414669675 0.6698683658884907 0.6999759476387448 
0.5523569666055448 0.6775032309538662 0.6995692504124792 
0.5546677076254245 0.6575574304527406 0.6998605438574087 
0.5550663083934184 0.652402332044577 0.6999009121413537 
0.5556894939521273 0.5643951730890467 0.6999169208762227 
0.5541762069395444 0.6691891900997083 0.6999810447386426 
0.5537240019212151 0.699353647378934 0.697610833919741 
0.5532009460359368 0.6992051419242371 0.698175906840367 
0.5409628736425964 0.6993496326898118 0.6978517065989214 
0.523629617913526 0.6994240222835083 0.6977984027904557 
0.5334015676149868 0.6992302148873781 0.6980783249757142 
0.5266647567845418 0.6995411880784496 0.6912793764352713 
0.5487807671136596 0.6994972480246187 0.697578795745746 
0.5404649992475272 0.6992238141951922 0.6986668447762061 
0.555028746704283 0.6662831043134795 0.6994035655276127 
0.5553496835613394 0.6536415668772485 0.6994031180816495 
0.5549138258460007 0.6558096860830045 0.6994962795477093 
0.5564520765627732 0.6870361115554247 0.6984682523364765 
0.5565376378029765 0.6889302113679149 0.6975864443063061 
0.556590953176285 0.6718690614511289 0.6980660585639221 
0.5540855781098888 0.6974070240911739 0.6987983144262423 
0.5465359382503112 0.6980465604857855 0.6981894410609297 
0.5546839355093105 0.6973063538067068 0.6984243355143976 
0.5444962259134034 0.6979098692575104 0.6986871677837946 
0.5544533745195301 0.694037181337617 0.6987900348638512 
0.5553489474610097 0.693888363850037 0.6980679075557626 
0.5550272745036238 0.6972503548409542 0.6978034696414886 
0.5413261711531268 0.6979734862466156 0.6985285346619055 
0.5557605622077577 0.689725496250795 0.6982959446915982 
0.5532002099356073 0.69559242752324 0.6988751565094874 
0.5529988736303215 0.6990174577036841 0.6965158827888365 
0.5532926715086774 0.6987140261119632 0.6945238613983468 
0.5552882459124466 0.5358146207240042 0.698704491604329 
0.5137702833746897 0.6994414918999449 0.6928908819733346 
0.5433600844222938 0.6992168182946216 0.6922379202251433 
0.5512644260184212 0.5209683768885612 0.699333172544521 
0.5024271350822491 0.6599914414283322 0.699976475296854 
0.5014969738280026 0.6974124170434436 0.6973622529821091 
0.5500230832073985 0.6714278279314696 0.6997889548283986 
