0.4639229251956295 0.6999844922292268 0.6759213405426984 
0.05208431156262394 0.6999906087125939 0.5364244777107194 
0.5441753976771206 0.6997598652121239 0.69971739034316 
0.5509226170844947 0.6999708236238853 0.6958570784925927 
0.5501042326058372 0.6998717999946766 0.6973726410964336 
0.5361369706232327 0.6999208560480924 0.6961775389053075 
0.5377586088409009 0.6999033130745589 0.6992524783714804 
0.5569128038983463 0.6896274483300833 0.6999890950686103 
0.5550900836645974 0.6997726492461505 0.6952973752681532 
0.5551144997418391 0.5740764513464479 0.6999952865790445 
0.5514720600909297 0.5943154422279946 0.6999927939633632 
0.5636442827314595 0.6965476926964226 0.6989568668752252 
0.5548936201377672 0.6661807241074137 0.6999921251690309 
0.5635507085142355 0.6711557476000477 0.6992640649533061 
0.5389022355837114 0.6999155980388111 0.6961455515095024 
0.5576936685928338 0.6041006106051805 0.6999908819538946 
0.5545687865390763 0.6994951856182894 0.6991236038026588 
0.5590092790670111 0.6997173064386346 0.6989540107884882 
0.5622982422290135 0.6203109630034724 0.6996610166178304 
0.5618506773600821 0.6991963483110446 0.6999685190763227 
0.563909435360592 0.6203756587351477 0.6990861791905351 
0.4881435953547917 0.6999774847246077 0.6791728073161628 
0.5634923244113684 0.6447830711589414 0.6994988180139783 
0.5491966773385366 0.6986377012998366 0.6999801701923564 
0.5254607106494324 0.6997194686766425 0.6967029913497247 
0.5394709839036551 0.6879869299922268 0.6999806793044273 
0.5623008943624888 0.6711335177152393 0.6982855313825086 
0.539626642795443 0.5022025478236939 0.6999879176666168 
0.5584119630866716 0.6994045105290249 0.6967922811811964 
0.5491485480868704 0.699515623000608 0.6979815300832449 
0.5371430803422332 0.6996693669285365 0.6965237159114458 
0.5525348516153632 0.69924178336869 0.6987661564783438 
0.5531883680116223 0.6994910201850282 0.6977520504994131 
0.5530576991383283 0.6992228210238529 0.6982240801955837 
0.5499020654433318 0.699491283438468 0.6927638514796595 
0.5595305397293049 0.6766164105163651 0.6996449815893678 
0.5523140333171044 0.6989194095999476 0.6996461523837306 
0.5502933740643839 0.6917276150597432 0.6998686489088697 
0.5595615943967609 0.6817093759791039 0.6994770114689403 
0.5590976752243709 0.6315329592417093 0.6998966400443577 
0.558697927664311 0.6886754865248762 0.699639322329679 
0.5595327480302938 0.6491392754971387 0.6997545590183639 
0.5579827555045141 0.6931822368294324 0.6995275422852797 
0.5540198970595349 0.6988560106376954 0.6995365933948906 
0.5595608582964312 0.6737636345979908 0.6995290945401079 
0.5574888778842746 0.6914712650178445 0.6995828404333498 
0.5595305397293049 0.6729119721323397 0.6998094237334537 
0.5538470484432838 0.6977203408263198 0.6998652293253057 
0.5548943562380968 0.6964924883187281 0.6995249635044755 
0.5513225714951909 0.6809910924480234 0.6999549593632763 
0.5547995245522577 0.6728150070504095 0.699965531412868 
0.5595608582964312 0.6961318650264314 0.6970851298984335 
0.5610462506416702 0.686894894969301 0.6989389278798028 
0.5591297723531743 0.6873496181306004 0.6984309931437349 
0.5604967737076515 0.6933187099846427 0.6968851123444733 
0.5543308318459059 0.6966223616913134 0.6990658239554973 
0.5441753976771206 0.6990867474822583 0.6990649990193288 
0.5567608098413648 0.6976109533614967 0.6977873761857353 
0.5552016106565103 0.6974316747037344 0.6988297777412098 
0.5560291216839623 0.6978473233965804 0.6985583406892993 
0.5585631403624299 0.6901632855855004 0.6984717259351857 
0.557174734132982 0.6958100502896148 0.6976920982017069 
0.5581890225910098 0.6938493312656304 0.6975476082411133 
0.5527150401618082 0.6988682056404245 0.6983618043172816 
0.558024559691391 0.6953609299867684 0.698671238162402 
0.5555303677308847 0.6949287464291124 0.6988318265245234 
0.555255085040441 0.6648289556517233 0.6999460995851389 
0.5576968444573366 0.6330978576114924 0.6998296184293475 
0.5571936276680499 0.684645190043102 0.6999257912939352 
0.5606470795760579 0.572196421540874 0.6995867033871648 
0.5569460566110651 0.690599408364869 0.6996905795922881 
0.5595267657538994 0.572623223823439 0.6999515377381825 
0.5595267657538994 0.6579062011793788 0.6998270828154662 
0.5607848993411522 0.6742475440393937 0.699013906431704 
0.5543159583232167 0.6821489472819154 0.699945461014445 
0.5558303968847179 0.6987063366839767 0.6971009829804139 
0.45691080874901213 0.6999585669674012 0.6686967198800934 
0.45633314655952995 0.6999035333039623 0.6694526766211519 
0.5634923244113684 0.6447130141587931 0.6991998570443502 
0.548825698003428 0.6922926154341695 0.6999778869925583 
0.5437362382935059 0.6331319895797594 0.6999785981043238 
0.5363229935048976 0.6973018437544962 0.6999509867450764 
0.5426370134398533 0.6982870231698001 0.6997949012638164 
0.5463986430867284 0.6969025343753757 0.6999370567590205 
0.5484000909859137 0.6966600702349801 0.6998739810530309 
0.4584434935495407 0.6996281029849295 0.6678714709554422 
0.4955820888834338 0.6995783275236802 0.6819695598532317 
0.5577770472462378 0.6804892842478572 0.6995836132031135 
0.5569560558242033 0.6892126712536962 0.6994980922214991 
0.557752935535482 0.6728029361090873 0.6996478043946145 
0.5584792493032509 0.6702650223202803 0.6990202610159967 
0.5503327333694938 0.6894717837798109 0.6997515120497211 
0.5547995245522577 0.6672536931222611 0.6999296646569755 
0.5591782147254585 0.6931830374063915 0.6955776872587455 
0.5551881350879225 0.6961687737603225 0.6976267423694205 
0.5576640461237384 0.692849397704976 0.6976398942327132 
0.5562954642824289 0.6682267156256697 0.6997794079560795 
0.5548002606525873 0.673147405628413 0.6998836829311075 
0.5557923049790584 0.6905565755119804 0.6996873826393202 
0.5583463970152458 0.5550957158787236 0.6998941150143873 
0.5575668136651284 0.5845077559898881 0.6998059935963545 
0.5589752214192674 0.6738325321320898 0.696199819718606 
0.5541474417596062 0.6764467439139512 0.6997417876625932 
0.4152470774932079 0.6998904916974402 0.6544553779628864 
0.5593399654158937 0.6164167184061309 0.6983894711946855 
