0.41174559709119785 0.6999851988967486 0.6911087190967777 
0.3916438237777241 0.6521035792793456 0.6999950533038598 
0.5336870008554147 0.6026082879773711 0.6999887213207945 
0.5415341019052746 0.6979909123971967 0.6999582352050342 
0.5342278892086147 0.6981964825907524 0.699826358424673 
0.3908580535651037 0.6636444704368771 0.6999950886327038 
0.5403817062731104 0.6772603364148507 0.6999845664647976 
0.5345795330765948 0.699691455839976 0.6997348232406672 
0.5602158325802202 0.6955004941348883 0.6997785331687612 
0.5436416286897163 0.5972954397200525 0.6999823372999097 
0.5117191343529659 0.6997828502213294 0.6973336194865858 
0.5523410614751082 0.6798024997412527 0.6999746010808747 
0.5341951933897063 0.699984992195274 0.695341464282916 
0.5517717174708617 0.6965484047683556 0.6998446822734724 
0.5469634042493632 0.6989500138175413 0.6997328294170976 
0.541443624087947 0.6992495432082132 0.6981017101624473 
0.5477268854125649 0.6976067460984682 0.6996380479168286 
0.5506804218223902 0.6997229758562528 0.6952111941877802 
0.5538796302878124 0.6480771029021394 0.699824644715364 
0.5426572108226615 0.6993548655871726 0.6964573637945222 
0.5362322904746168 0.6813932374174586 0.6999599906081316 
0.553983798184323 0.6366157634122306 0.6998030839280945 
0.5552939941847852 0.6975615150763647 0.697721528420859 
0.5552939941847852 0.6964925830577773 0.6984270782254822 
0.5358490376344156 0.6850002236788925 0.6999128088763874 
0.5334124706200152 0.6885431396010131 0.6999095615661967 
0.5401303655240532 0.6907726035595677 0.6998735949486021 
0.5023256464812222 0.689382370818567 0.6998998376341509 
0.38569429883246964 0.6996123819809968 0.6974663716811039 
0.5137911818248673 0.6995722458118351 0.6981663012273001 
0.47693504796716524 0.6995165165871838 0.6992025216133692 
0.5339186536272382 0.6993986909000715 0.6978063019846403 
0.5595028160898161 0.6920457406448303 0.69923714029605 
0.5581474654389325 0.6811722368824791 0.6992493516732987 
0.5411606165121692 0.6778244189135967 0.6998962591099377 
0.5111251692320153 0.6112804197059152 0.6999713348095497 
0.5496280946295438 0.6720135968218568 0.6999403394729243 
0.46016581134443835 0.6778989950041714 0.6999604853415253 
0.5497928690988929 0.6096460592912946 0.6998761908096065 
0.4733145879040018 0.6999666017039649 0.675308863532042 
0.5052536858375631 0.6999102310203299 0.6923136571064266 
0.32363397387366366 0.699971478042336 0.6341181514096648 
0.3199556661560895 0.6999840518856858 0.6307626321345543 
0.5127519320425704 0.6997606439905121 0.6949500930875862 
0.5491025522630062 0.6806675884918745 0.6998196811197378 
0.4392136320443132 0.6907996832213302 0.6997659273173938 
0.5480996377664111 0.6874549186678776 0.6995004019986301 
0.5499525715184468 0.658108595329107 0.6997511599472434 
0.5493007618052768 0.6795526872944002 0.6997256443538155 
0.5390772544894507 0.6988124946996733 0.6991099874730043 
0.4355771790009314 0.6988992014993655 0.6992619256060046 
0.5410070385932231 0.6889124063273139 0.6996923955319119 
0.5427363991121277 0.698576235742129 0.6955191749984151 
0.5457373377332675 0.6983331805367873 0.697228917700007 
0.54038244237344 0.697985197747515 0.6994566061029918 
0.529116991295506 0.6992356796917107 0.698025017701847 
0.5274705060733784 0.6929343495399016 0.6996317475205099 
0.5313502303629892 0.6924536040350774 0.6994762509097078 
0.47641973841189467 0.6940240034822565 0.6994709590539974 
0.5408943016123418 0.6940986922779961 0.6993321784697862 
0.5424266267417194 0.6972200396798569 0.6978281259324127 
0.5262251261595898 0.6996242373162036 0.6923686197393514 
0.5235232472197549 0.6996658857683976 0.6863836446972973 
0.5345078150352133 0.699360727759 0.6950733064330293 
0.536063146963599 0.6991123262836277 0.695885856667373 
0.534270350555895 0.621417663929086 0.6999544973752929 
0.5307763731999039 0.6333548908858674 0.6999563863761219 
0.5512816766730188 0.6312346425719405 0.6997923057060295 
0.5478429353134076 0.6968912974157413 0.6957444896398578 
0.5481354198049244 0.694236120401541 0.6977899720504289 
0.542027645005782 0.6941733600302655 0.6981054098751994 
0.5413070170752623 0.6944653064727535 0.6980105946479895 
0.5475684826709433 0.6940255508026179 0.6982220110098996 
0.5548283437974206 0.6932269467248069 0.6975989217328981 
0.5386544401928461 0.6824067008467776 0.6997226201857487 
0.5499525715184468 0.6878108015530954 0.6988145546723693 
0.5446328842286192 0.6920263740147047 0.6989628542231975 
0.5484726304567005 0.5291049567467689 0.6999048660319043 
0.41292271616691634 0.699884669784169 0.6528706294667491 
0.500356836082636 0.6998471354139393 0.6852835573946162 
0.39632006560617505 0.6997538599763398 0.6920901019170671 
0.5418359317697625 0.6796494112797777 0.699805395645836 
0.5412740277882808 0.6857412695661675 0.6989713991555534 
0.5414779339258009 0.6855400613328535 0.6992547345433263 
0.5444653014559151 0.6791133345046654 0.6992905523993717 
0.5481003738667409 0.659534595935393 0.6995755289734251 
0.5384625743428233 0.6988122288433781 0.6968367671160207 
0.540984477280658 0.6983766477272813 0.6936920316473676 
0.4439046904476609 0.6943410892281336 0.6994202461288355 
0.5401611889034674 0.6978858540380903 0.6951564160471848 
0.5343053088250407 0.6849148668788255 0.699428156902357 
0.5395106190218124 0.6975501741123455 0.6975479552781428 
0.5320513642594029 0.6978105793679602 0.6971604495222349 
0.4792567449702203 0.694854371773035 0.6990703974096214 
0.5398823636873584 0.6952951410697797 0.6986917669745081 
0.43268084753790836 0.6945751007768126 0.6992481321227499 
0.5369972310769829 0.6960961389030238 0.6987450040911426 
0.5404937632515094 0.6876317372399268 0.6990175401030281 
0.5380912831866607 0.6890042807493416 0.6990989390927159 
0.5030596599709565 0.6995298037054877 0.6866117264260985 
0.549442707316101 0.5915404594903181 0.6994365493768437 
0.5512632701200709 0.688986771304982 0.6967105741280264 
0.5472590533223288 0.6898357501186898 0.6950924747758654 
0.5506866758376241 0.681922928497814 0.6970860456701433 
0.5482573077327946 0.6885177398738287 0.6969988249350518 
