0.7321112056239178 1.1139910223363594 0.7666781442869534 
0.7192174859880927 1.2426602503426551 0.7613666515613554 
0.7130927548116655 1.4879111073261226 0.7559028303706962 
0.713441634229855 1.2808310031107517 0.7624048948514975 
0.709408924535113 1.3382859790755257 0.759029837406326 
0.7159126858988656 1.1664320688560315 0.7616910762072637 
0.7135705958968732 1.2470755680258214 0.7613753142823062 
0.7135698597965436 1.295725124835564 0.7586257274561791 
0.7121361829638202 1.0794705293272777 0.775437995785901 
0.7134980526446538 1.4208000601520747 0.7569749327030523 
0.7133927545729453 1.2808982408068863 0.7603259703997075 
0.713254196962446 1.4136542852765461 0.7581914787821376 
0.7142619495466054 1.362591777638809 0.7569507713121728 
0.711238215579343 1.428174089085567 0.7577935909330572 
0.717153890518805 1.4315644293000358 0.7563829093883727 
0.7158777259865929 1.2582656451707286 0.7612517747554669 
0.7262313002878592 0.8914782906181291 0.7687418211673418 
0.7149453177614853 1.0559934268797677 0.7677659202921874 
0.7178952751417134 1.247358670846604 0.7563581448767703 
0.7130927548116655 1.351935921063079 0.7587745218139826 
0.7132890325064405 1.3019971408405622 0.7630592243242694 
0.713441634229855 1.282381645733307 0.7586602707333074 
0.7214077515086582 0.9940890866378813 0.7605578839906736 
0.7258576592883922 0.9720234129943717 0.7659082558162909 
0.7166353479563048 1.0549471754391457 0.7621236961038238 
0.7075102407833269 1.088098285394152 0.7631210570534509 
0.7198858424839718 1.054164604039127 0.7663074294518725 
0.7166353479563048 1.0826550629029352 0.7617139106842323 
0.7164905411677132 1.2231408508240236 0.7586783079029656 
0.7178952751417134 1.1744441680913416 0.7564237778655337 
0.7191840411210143 1.1739348613657796 0.7602764326352166 
0.7134408981295253 1.2650879021150572 0.7591559130182148 
0.7134408981295253 1.0913396710181598 0.762193537077159 
0.713254196962446 1.3541811503142696 0.757916381301157 
0.712790359572218 1.4112948757387445 0.7567197255551448 
0.7137037409957006 1.3459335740760425 0.7565774130722792 
0.7135824711270411 1.2592794166776409 0.7568316789502647 
0.7141567504165325 1.3744312002515657 0.7526770262767141 
0.7137733856521258 1.3299616884943204 0.7561980269209104 
0.71521595851339 1.1191522617764609 0.760294592508171 
0.713441634229855 1.2320939966981668 0.7596752553700278 
0.713441548228591 1.216972242914901 0.7602611013190901 
0.713441548228591 1.1567322745287287 0.7609044234656714 
0.7134197976718277 1.1672641891272109 0.7602773077268925 
0.7206319394780558 0.844629737335588 0.7680968537297154 
0.7125854825759678 0.9389353741557911 0.7675471441429875 
0.7121570127566859 1.0040991095530456 0.76631591589718 
0.7109605405786055 0.9739287124045357 0.766566287590872 
0.7157392519522516 1.2287230615389968 0.7546312793835329 
0.7140825594989826 1.2445928445531194 0.7547669027893216 
0.713254196962446 1.295951475807898 0.7604298476346913 
0.7078079820890351 1.0901511085815145 0.7625633225315862 
0.7121415134599314 1.1234461571765453 0.7623053731391027 
0.7105504345905975 1.1521861161428173 0.7622326626679092 
0.7132882964061109 1.1669792160240344 0.7618861375312757 
0.7105496984902678 1.1961274128714043 0.7618206921319102 
0.7105163351469326 1.159930710754022 0.7621114769784928 
0.7060968498419382 1.2040030600284792 0.7613049726153867 
0.7132534430588359 1.2093817532020872 0.7606213238986247 
0.7132890325064405 1.1796804293123253 0.7609963571516076 
0.7132890325064405 1.1843039282980639 0.7603335519163701 
0.7113571539080117 1.0552455585043696 0.7629857196649128 
0.7124053168727217 1.2446365572022298 0.7605899510674176 
0.7132549330627755 1.2654433415174857 0.756933125029268 
0.7167932652151596 1.1413245590287535 0.7561971852821578 
0.7137579737898903 1.1853150375614132 0.7575242089427625 
0.716826565666691 1.08494209629876 0.7563349709261719 
0.7134883053647003 1.0358604010360253 0.7622386989701968 
0.7060627837948282 1.2216073878354958 0.759899149123542 
0.7159134219991953 1.0326994999514545 0.7647287934658258 
0.7126187389364284 1.2952699270381574 0.7593397401117741 
0.7125630296970837 1.0390746529713992 0.7646185019591003 
0.7076526278516535 1.3829461714884113 0.7562860271315958 
0.7133778680609643 1.204820692741437 0.756461343623493 
0.7072946663514191 1.3382383058288068 0.756786334046348 
0.7153431124158841 1.1585012960762404 0.75899514866902 
0.7085337171071648 1.3227924892358847 0.7572112319050264 
0.7168280378673504 0.9964951303573302 0.7563212606414869 
0.7161453984061554 1.075601417984778 0.7602263602183167 
0.7146793469339325 1.062336995984303 0.7615778969248563 
0.7214077515086582 0.9344996795284329 0.7603793987570251 
0.7165574210464691 1.083291851266743 0.7572575044016152 
0.7163663996908725 1.026671328520208 0.7591585889452003 
0.716826565666691 1.0084709779423386 0.7576350987136624 
0.7168258295663613 1.0234152527277875 0.7590752910960797 
0.7150727634874317 1.2130765802982053 0.7555374072330484 
0.7163395470337631 1.1668599567636175 0.7584446556879261 
0.7138367961157763 1.1789623052994838 0.7572501550506988 
0.7195960608470183 0.939210020897887 0.760605249004775 
0.7074209392869235 1.401497110663466 0.7544607707800995 
0.7189965104392249 0.9962356056476399 0.7650564602472173 
0.7042677077893635 1.3637168068804661 0.7563534013479438 
0.7161453984061554 1.1708158939642448 0.7588390585494463 
0.7142574507147132 1.0035439745238228 0.7661798787288708 
0.7200030911538403 0.9016947731739474 0.7646168659121932 
0.7140818233986529 1.1939006798438174 0.7563985713359882 
0.7131745115060865 1.0804677592137886 0.762039564599229 
0.7117127859975986 1.0511819875193789 0.76424108879324 
0.7182305219587937 1.1671814928174082 0.7549223892727891 
0.7128982551923514 1.2772441340013247 0.7593012149426223 
0.7074194670862642 1.4076599963009118 0.7531873003959292 
0.7130136172119181 1.2695260163680595 0.7543372215230554 
0.7123047434534422 1.1630151280839613 0.7603112727055357 
0.7059591091116231 1.3292834961573716 0.756833870197464 
0.7079477565377283 1.05984940146616 0.7622525406880342 
