0.32846484731175873 0.23403107968879094 0.6572572196378405 
-0.5569920483554816 0.6999933385979654 0.416525325052825 
-0.3845188477971073 0.6999295572514103 0.45573781869749863 
-0.02452024244969575 0.6997681261223782 0.5643604212297713 
0.34378242424047967 0.16646052725420882 0.6604767412802705 
0.1782024439161668 0.6244651233398412 0.6089232555729994 
0.2966237625706336 0.39975430558485636 0.6408235258005119 
0.32035420622257627 0.27927999421475463 0.6546694700668522 
0.2777902846507069 0.39525915583463656 0.6441979150421395 
0.16369213034993746 0.6549948670106456 0.6139544026067565 
0.3172514472173593 0.29088636564029435 0.6516200435472654 
0.27244220680838294 0.41015652464903624 0.6517663593321246 
0.33696610594747056 0.3393311306987218 0.6513198865476844 
0.2724792514088753 0.43536265503145877 0.6475982414052793 
0.07057144778032498 0.6994798403931967 0.5868019259578902 
0.26043477280656735 0.43806721663292864 0.6487149251681841 
0.2023589048442206 0.5565325930452049 0.6340918109334374 
0.09257633119753517 0.6964598259891381 0.5964031010669115 
0.17486304811749176 0.6315834172209815 0.621224145379395 
0.29477135697919277 0.34239367536864934 0.6483227392263604 
0.33023041377339146 0.2651580518089002 0.6547458485504043 
0.32938963234675067 0.2741588732342435 0.6532124494273658 
0.32621465731426147 0.2670054809739843 0.6536367750961052 
0.32850999345482157 0.29528387750524837 0.6516094893124654 
0.2889255578934572 0.360368032915071 0.6456409351157465 
0.23179658518620594 0.5514078693301491 0.645638767221732 
-0.3886365785698158 0.6999578221701164 0.4896125052352848 
0.08686064561048179 0.6986878804753007 0.5927866051536732 
-0.07872307557667324 0.699908606787639 0.5544215571517168 
0.3236757823961699 0.34864858555785216 0.6480465741700118 
0.2942937446989836 0.356353999763838 0.6479613698382664 
0.17042241408019376 0.6312578755714225 0.6232125663750706 
0.31719435189991263 0.2904290406249124 0.6519776727299286 
0.3116881845370093 0.49413492892615457 0.6388096789704478 
-0.0817272515594869 0.6997785097679475 0.5576389927934768 
0.3068207388933125 0.3398321582958702 0.6484893186518564 
0.22222524828549972 0.5970190284228779 0.6284089091302228 
0.24104667038249805 0.3641714592746595 0.6529183648695281 
0.20591732414684905 0.6104560452802387 0.6105178458393368 
0.29454742683863777 0.3598744466456647 0.643826851223895 
0.2526082379120881 0.6031846373118853 0.6229963797707841 
0.15947754978117457 0.6635788979677996 0.6214645974639053 
0.12226859563928316 0.5885569387997374 0.6308558838612388 
0.18451347629565296 0.5870558261818671 0.6307824846806935 
0.19555271320226397 0.5842237454846031 0.6315177664564685 
0.29539229398511235 0.34964040886038456 0.6423936629257838 
-0.0179533143023074 0.6996326228459722 0.5487255579086041 
0.20438223310701586 0.6080057593960937 0.6124847122563798 
0.28827623115708256 0.37675619119775067 0.6471437047930465 
0.2597547696818643 0.5467595430445188 0.634760267939204 
0.15209524141070674 0.6675806305330031 0.6093243920706815 
0.18975655929075586 0.6077232114446048 0.6227615232001447 
0.19156972308774234 0.6106713273223296 0.6179590500129415 
0.1360559017445514 0.674693443336809 0.6137348706058475 
0.1533701048111843 0.6964414311140793 0.6083267239002644 
0.08669474883179606 0.6046533535363978 0.6255710804967063 
0.2879296859534213 0.5202064325099652 0.6434577311673203 
0.1613427600996742 0.6529599728993992 0.6050229043854385 
0.30420774733065126 0.3139245148532674 0.6491674164779181 
-0.060777226083777336 0.6989908942999339 0.5563409437527934 
0.3069938752856435 0.25431277912864014 0.6523373287956947 
0.30643367293028645 0.29078528426443623 0.6515427562142263 
0.22653019651561468 0.5510968902445045 0.6358739378470526 
-0.47881482736817627 0.6999507233831247 0.4189638223473511 
-0.6027412532826573 0.6999113370941299 0.4250827665606559 
-0.07620264160211021 0.6976348939779303 0.5901492799543202 
-0.3304290845376292 0.699901683425613 0.4841773302554219 
-0.2809419157071258 0.6998882593189394 0.4978085932686107 
0.16330027470133546 0.6307201966080149 0.6194965956649405 
-0.11829241116530076 0.6996505120316019 0.5230038511608365 
0.30071391298346295 0.3390311006902336 0.6377438351436477 
0.19605233919578524 0.5697821070686653 0.6269624018832038 
0.21823666901467853 0.5901377597993397 0.6258242436833109 
0.22126006281640398 0.5528147444344957 0.6196993555826751 
0.152601504466923 0.6436404907140955 0.6158822391454306 
0.11016598518957688 0.6378117374121111 0.6170629176892813 
0.08217045429654324 0.6288490960468085 0.620940129517221 
0.14421109082945127 0.6593125954970835 0.6143673010228112 
0.08212031325416835 0.5816514053728128 0.6259695427484825 
0.28976845187076794 0.347150812723485 0.6392472279843957 
-0.1444734519074269 0.6996060546916254 0.5297198820091868 
-0.06352656657193934 0.6990137290900774 0.5449427247225568 
0.27343431951783426 0.3534445297528643 0.6435777672793911 
0.23204740182234507 0.5433427448405792 0.6329160661446003 
0.2524643179183026 0.5260103529165926 0.6289191131277375 
0.24283666981999685 0.5421220075863911 0.624813880903075 
0.1855300903527306 0.6057994669857281 0.6217054108674953 
0.16574879318827296 0.6093097960483675 0.6105502731295345 
0.12774188643364703 0.6916813482774982 0.6024308355461209 
0.13032467291230343 0.6794658538178802 0.6079788994647123 
0.006680548606723402 0.6922469711921698 0.6000134250310262 
0.050125511152857904 0.695271248315999 0.5987353473627574 
0.06385375046011565 0.6953759414118167 0.589593154396477 
0.13285422821514536 0.6731137887732077 0.5974904324200917 
0.2603683282360313 0.5046130327672353 0.638666027339413 
0.26585088770875753 0.4987797858586162 0.633845593170115 
0.26043047129263364 0.49969358501260874 0.6367326142276789 
0.26743485267749 0.5116428341346313 0.6332124442914712 
0.27510000131191614 0.3984979369009761 0.6422177558459121 
0.2779695807859184 0.3873385864875932 0.6423112803967707 
0.27168858081921565 0.49985597667794424 0.6264581921117833 
0.24918557226792715 0.4119462731697161 0.643218900324172 
0.26517968183570395 0.4882050938589204 0.6338657887664207 
0.28276746060688907 0.3357691838292363 0.6423351915944283 
-0.11353237302005104 0.6968343824815149 0.5353630481227517 
