-0.5712910780686473 0.6999957985900719 0.4100652856276783 
-0.048650168808273886 0.6998387232269506 0.5540728594626294 
-0.08526761760997337 0.6999905312191392 0.5426264730020612 
-0.3033690378718086 0.6999907666582301 0.49458646878968987 
0.2854292576587458 0.4071517716055997 0.6566839126160198 
0.338342578456725 0.3811599628501089 0.6562946076600656 
0.18409168029788892 0.5627857594458167 0.6164120282513397 
0.2977640126878759 0.4731512270101407 0.6426887231884171 
0.4030526849906204 0.17102070429237018 0.6794389055261612 
0.37517172298204393 0.30652775468314747 0.6668308770855245 
0.05793824692461058 0.6996338680562989 0.5876094737751554 
0.11590761006471606 0.6928675159831063 0.5992735365164926 
0.2742942823986475 0.4251501507490412 0.6515299585452139 
0.1876190555335261 0.5631412326715619 0.6161365503054933 
0.17932907756248262 0.5807741007012531 0.6207966401466308 
0.19997779672774307 0.574167908840247 0.6143662881840675 
0.16701775255744433 0.6749036358629686 0.61303142229228 
0.16827632247339053 0.6313628007553425 0.618959368017677 
0.3111947404157839 0.433944409415124 0.6507991539850971 
0.20564273976906833 0.5695166780439465 0.6155321059331568 
0.13059934587795097 0.6955596812740664 0.5966152580677021 
0.29435211178541654 0.48926247952643487 0.6462346107079863 
0.3552075756521592 0.348125171135421 0.659506709980598 
0.41873953319431056 0.26141024164318805 0.6787730630182706 
0.14455974349814182 0.6579870493779806 0.6172300078705818 
0.10169965662820801 0.6777270508009482 0.599545105835608 
0.1873909307602144 0.6204517383607856 0.6135438501573662 
0.03378925442040415 0.6801039584069786 0.6096813473122996 
0.25767092812082715 0.5074621504026078 0.6340008713422399 
0.2849397374364466 0.44698875315445913 0.6490112038855431 
0.18829459077641042 0.6368374453745167 0.6092547905832656 
0.15704999308778722 0.6911657501711946 0.5952872134014859 
0.3611256425868371 0.2658056203932603 0.6677106317730646 
0.20673539027916965 0.6613640647935409 0.6078923781841633 
0.17705475553855743 0.5824631213384582 0.6205780761377502 
0.1883659927579271 0.6056739177857381 0.6138645256248139 
0.17607664279355795 0.61955627448338 0.6157459393483999 
0.1565046168050337 0.698990375216166 0.5950428218139532 
0.11760438827687891 0.6225932884585667 0.6226751105039635 
0.3104155856846288 0.4676378478426363 0.6478769696558189 
0.38413366442661245 0.29640380119864806 0.6658672723047411 
0.1695351845353209 0.6059248128650501 0.6171799747927622 
0.4192458246092061 0.2216201971384299 0.6793488447911029 
0.26705463832033993 0.5038614403185033 0.6379968205615416 
0.3592317797440008 0.31167366658031526 0.6594320400300498 
0.18927804229564282 0.5925496136699308 0.6113242672608351 
0.3256942095585217 0.31992782796507346 0.6598895850438268 
0.372728710122723 0.2629875702518381 0.6710336657627042 
0.18992026153050234 0.5783993320872571 0.610293274635564 
0.3402084147801454 0.41487670672054333 0.650226014426909 
0.35144288510311217 0.2922806689813243 0.6682535656879628 
0.26385841201368565 0.5582712355661217 0.6334662750614553 
0.10459911123939869 0.6786211060305256 0.5986186035899537 
0.15654175206561094 0.6648679820156916 0.5995721978163445 
-0.13811357448103667 0.699718708050517 0.5167780677590451 
0.16433500533490197 0.6201734147914201 0.6086835505401184 
0.11516724177730986 0.665991135043831 0.6086529082908194 
-0.13835116330996078 0.6999602493383436 0.5275101941869527 
-0.040226903583593154 0.6995105014764409 0.5523706714893285 
0.15806095323884317 0.6437501086477477 0.6090581226565557 
0.0914529198838967 0.6867308447680563 0.5949002181904615 
0.1708012326777334 0.6574825493056221 0.5996748632684662 
0.15324156587560345 0.6654430828496739 0.610402414180321 
0.07845716330556696 0.6977736661318323 0.5906572120207275 
-0.049710758002578626 0.6995999009986736 0.56319109609484 
0.1329888400665602 0.6943550689480977 0.5834114951233121 
-0.2861874893149541 0.699982810734575 0.4922109620366184 
0.049194772321671354 0.6575702236082583 0.6151559048056485 
0.0495358055038535 0.6983665058484516 0.589370121275162 
0.39394841307089323 0.20474836362859136 0.67757277818814 
0.21698481190968366 0.5539276794939461 0.6181998842395101 
0.14445872826732886 0.5517457819904318 0.625985243453653 
0.2959489081701757 0.3292906444825751 0.6592036331421502 
0.206368018118275 0.5515220595552347 0.6250809424392089 
0.3844261353364298 0.18110802405421517 0.678367229111021 
0.11150492699865922 0.503630905854634 0.6347885150407867 
0.2888119397104113 0.4256963071360415 0.6442951420378933 
0.2680322016963369 0.4345347500543918 0.6477451605388902 
0.265484148507256 0.44660825203828225 0.6480432874146008 
0.24452186229214756 0.39678942578178145 0.6482639293109519 
0.34857706916970954 0.2943877175991766 0.659670567931066 
0.2792515627286911 0.44583871581962026 0.6438897998962277 
0.2273616741181067 0.5473860344246304 0.6204145299700368 
0.32565996187633584 0.3180015404580486 0.6596252375222073 
0.3508932912855425 0.28240607667742684 0.6652115478990086 
0.2639027133353865 0.47111418889319334 0.6320819194377965 
0.26843613317443527 0.4214033213004031 0.6476327541576911 
0.2637257074197127 0.4946570878268247 0.6329550252690559 
0.24770083292755207 0.5260877461675144 0.6308083255702143 
0.2792942155096936 0.3698700099044016 0.6476832339407423 
0.30163945517746693 0.36870825946071084 0.649756503727854 
0.2226127301605081 0.4523948195924324 0.6385808311940266 
0.3440492626775955 0.29307255461299375 0.6599719745581185 
0.3053767511312745 0.3760018409636391 0.6424795623885671 
0.354972594533701 0.280366273899256 0.6601468386666618 
0.22034578273998984 0.5502443634160354 0.6208937484645678 
0.22421789221019195 0.5577142518509719 0.6123018976806939 
0.28698355104076356 0.4466471712807361 0.637332684156755 
0.31232673869978056 0.28763991039364467 0.6620997757015861 
0.31646952178367704 0.31214193465845425 0.6597260258500157 
0.2426165874408175 0.5297838093846108 0.6322355927758166 
0.36292214034778536 0.2857816909941186 0.6600563506147639 
0.1766697606324903 0.546156898836352 0.6266179831678216 
0.32765551856238784 0.3537950042684448 0.6517999379894525 
0.3532787323029378 0.32435960460024266 0.6573498812876465 
