0.28320108258599264 0.04484864892027697 0.6630984954063512 
-0.39208222970767626 0.6999906261671142 0.5215435784092689 
0.11318358173002274 0.6604536630990128 0.5833754106121727 
0.04310567740623461 0.6941032017644535 0.5640906353081584 
0.04203899487239193 0.6980253422507339 0.563944797681432 
0.2583591477737093 0.42573060168144683 0.648143455735303 
0.06527605296176664 0.6924861089091889 0.5675431276543219 
-0.15080585609052144 0.6999731803815673 0.6273225533276198 
-0.04108030653107053 0.5892806480471674 0.6543918863828456 
0.24404428523620336 0.4916487798605175 0.6403612803726568 
0.10585598577315058 0.667690683438154 0.6255802489675181 
0.2747764086031138 0.1450928516845198 0.6643043637495775 
-0.05465738058077152 0.6941562312202283 0.6380585689079423 
0.08947762391899927 0.5488842702157132 0.6498844973497185 
0.23655325497120072 0.4103254695875163 0.6548388425165962 
0.18743194572367394 0.5703936048861804 0.6385512263658951 
0.07028902639218115 0.6910571820116899 0.6015594492241607 
0.11564644334177732 0.6067778535332894 0.6388854102989885 
0.084584984320213 0.5992725178904454 0.6421343957167753 
0.26752417446289045 0.43284397655870244 0.6465387171406258 
0.2710841876953807 0.2479437280232956 0.6602582919634699 
0.2088235662911334 0.5159033959528161 0.6521965111895205 
0.09704908859100037 0.646140802180042 0.6305786728073588 
0.043506208034632565 0.6940284501905111 0.6357391787178027 
0.04225364382591179 0.5118415526645822 0.6540788563054105 
0.161116951041814 0.5927895635753658 0.6318928106383742 
0.041603173397249504 0.6878525512501154 0.6366910146108875 
0.023766204883002295 0.6991222089768311 0.6205195707050688 
0.23623094006381562 0.478049415379624 0.6549142149894861 
0.09303662743209085 0.6752788595094547 0.6132121674219125 
0.1611813538162744 0.5922044951247084 0.6332857960604612 
0.2118676824070862 0.5152200627585201 0.6475631188697439 
0.26719046398855106 0.4407743461059386 0.6449316781013734 
0.03048005342429405 0.5204811511716426 0.6559880565340225 
0.07578485787111788 0.6382215376499122 0.6354322338560543 
0.2566903194887651 0.40961657821590236 0.6491686366806756 
0.08760678273648714 0.6252642864782436 0.6387429843558277 
0.2368378403655167 0.49605986119768075 0.6533339317277566 
0.22719588519014278 0.5035393279719588 0.6532064459706889 
0.09509591047656551 0.535503094668726 0.651954460293303 
0.26278626760796164 0.2653740495623062 0.6653895775341722 
0.032070282049389 0.6966465421962339 0.6247517149182156 
0.16360070697167994 0.6039172989208808 0.6301610357018751 
0.1524752041904509 0.6255092948643461 0.6303222104479665 
0.03350552935531659 0.6881288139032007 0.6365946468848003 
0.13936390907406526 0.6244522645739171 0.6370863538554533 
0.13194910654150105 0.6459831026819612 0.6349776348181874 
0.04169386379591544 0.6961173776962791 0.6171150052485885 
0.10952507359938146 0.5925079279658086 0.641119806014328 
0.24873286224178426 0.47231398936900815 0.6527644995249084 
0.014458923590689232 0.6996551387270974 0.6360465076461677 
0.013800976678294052 0.6934845535265293 0.6418523514348995 
0.11609156076835014 0.5302254296068719 0.6522426684048304 
0.026070012530606257 0.6837904038035983 0.6419685343520048 
0.07536658443791566 0.6792772877769282 0.6526408468107434 
0.06606043633888492 0.6907569084644324 0.6363618513288785 
0.0460442398507801 0.6915977269228529 0.6064227607271204 
0.23886482936186892 0.5334044326226037 0.6447544751797053 
0.09428501702594738 0.6699723654517831 0.6089278667950847 
0.07950021056965717 0.6187101057451793 0.6470634785840993 
0.20039326949541014 0.539099045904107 0.6480879940935722 
0.27128457156546104 0.15273440370226213 0.6638691266331305 
0.01955761065119499 0.6952530708375729 0.6343380523865658 
0.01830329420886201 0.6963301481513663 0.6359933478669777 
0.0762832245380477 0.6841626132797819 0.6262501055575143 
-0.01424130380443378 0.6999548762753935 0.6332126114985895 
0.3043028178531544 0.4066377588833504 0.6590367601151348 
0.2584737457702766 0.44886370197660086 0.6435805411695303 
0.093064623396524 0.5226868157971013 0.652993096452329 
0.11617230004161594 0.6480821073592016 0.6149308459410154 
0.09267347785908775 0.6085263067182565 0.638421065576253 
0.20125617502846527 0.5338380303416245 0.6431068522609561 
0.26470960776049646 0.44052476460955564 0.6463425615284639 
-0.248792819664708 0.6998985474153775 0.5508650058024962 
-0.1697766163220129 0.6998066680918185 0.5439023686705077 
-0.09758725526502277 0.6997477881535371 0.5303951373816104 
-0.24962688073749528 0.6999055066387726 0.5203805500118324 
-0.032222994527618454 0.6991944339000209 0.5308323984011363 
-0.12958947316838842 0.6998721151627588 0.540380919059485 
0.04315877373518173 0.6898835588265555 0.5591860724574227 
-0.1958277764535068 0.6998896039644857 0.5519570708367414 
0.07342203058457941 0.6443965135054572 0.6178513669776637 
-0.01823946284504907 0.6853772780936256 0.6321948718869016 
0.04451661358108716 0.655291766872547 0.6374709026024143 
-0.0029269502897886213 0.6691641960862734 0.644519685059768 
0.02874883717643284 0.6788217773492101 0.6074277972588327 
-0.026673646288191133 0.36509635643260735 0.658926095610034 
0.061908518905300025 0.5361923376241227 0.6516272018621769 
-0.039766427081389555 0.6985681100477732 0.5773406637758041 
-0.02151806883373686 0.6684611805482786 0.6474264511522942 
0.25877992845151265 0.1594204454078914 0.6607726721492819 
0.20740015342967333 0.5147027831560174 0.6509706965922271 
0.05222619022718322 0.6357749385001672 0.641195591438739 
-0.054885390214668206 0.6949527295984937 0.5932261275787284 
0.1188963264550259 0.5859226361793499 0.6342558173416021 
0.23596530284290085 0.18836957434860407 0.6629947469631748 
0.020021117066781002 0.6852239342289195 0.6063039076506893 
0.2282023418877237 0.46815563411427047 0.6518661523528578 
-0.10851588300168546 0.6991762947750026 0.6040813375307692 
0.0889753967831094 0.536447750773519 0.6435164765003086 
-0.09184837039662175 0.6989976511802559 0.6119619364080247 
0.28448025494137874 0.38393898218591704 0.6583247400712223 
0.128450220026329 0.6407352224976836 0.6323420963526817 
-0.3688476203902715 0.6996077620457077 0.5725416890905375 
0.25029286535881945 0.393322934569777 0.6558734803423408 
