0.7805339848710072 2.5568225729063223 0.708245674384972 
0.7702544358680232 2.7786537781767895 0.7461961664847246 
0.7187349493893107 3.3236886519144435 0.7273395699066283 
0.9069142126093924 1.1348839459460822 0.7470951276630188 
0.7863538263418255 2.347682432937483 0.748392106182727 
0.7094157355183383 2.17073950120507 0.8469282114928455 
0.7879302068874797 2.354018212632131 0.7274866482311289 
0.7440941337193325 3.368852729920812 0.7072790903323133 
0.9029742411500692 1.4468380699277 0.7448274131542787 
0.8098357805769469 2.237310828711771 0.7405375930748884 
0.8244923918948376 1.4041805131811016 0.870481299493207 
0.8082387511856994 2.3684439413870653 0.7147798143838399 
0.8043451422038969 2.179605208690247 0.7720994024204839 
0.7936856769734184 2.4525821949828908 0.7210976159833794 
0.7702544358680232 2.8026188410569106 0.7288301511568492 
0.8933172242898374 1.4777911338092058 0.7289389214297713 
0.7999795315410418 1.9842900045701353 0.8519076087699721 
0.7433874331112562 3.0347731120065204 0.7226480446265433 
0.7853510265774793 2.497580852393545 0.7025436543125069 
0.7076835726509191 2.5920316208272323 0.8229612405956926 
0.8588014051741626 2.039912882808591 0.7068885088658783 
0.8490195945163713 2.0772991039153164 0.7266002854238239 
0.7009494734643211 2.8502618035089355 0.7456660159103492 
0.7493557989183977 2.959863611979628 0.7116887014495494 
0.8980299216744272 1.158931256116356 0.7754169207699321 
0.8611958713074453 1.8008404230060586 0.7213668046004272 
0.7544856853343764 2.9573753778127227 0.7076477365241335 
0.9080769055116366 1.1108000907468287 0.72037185473855 
0.8137714323734813 2.367962886392401 0.7060375338057687 
0.7441772315359442 2.6950770055661817 0.7602582274079082 
0.9027035333182549 1.0940409003350149 0.8459093653624343 
0.8307217861821808 1.7892421453062202 0.7942530766043232 
0.9072096087601155 1.1517561398453 0.731690486262975 
0.8543133159986739 1.979243027496064 0.7338455180315289 
0.8158891237497974 2.3077920067474795 0.7161220207293691 
0.7625098142428173 2.094413573453963 0.7758310216877439 
0.748513733551706 2.9032218683537017 0.7332790812946498 
0.748513733551706 3.067856567436521 0.715761988510046 
0.8988451950327713 1.5122154213538967 0.7074486652157266 
0.9059954235540922 1.0991389215692078 0.8146918715190519 
0.8350790501237564 2.0058174408870664 0.756031773729304 
0.7739138464124906 2.7038598115226344 0.7129693869971571 
0.871964821952648 1.980306649788475 0.7021222801002142 
0.887425571568723 1.7582315842253842 0.7154476107282502 
0.7011630247012619 2.9394499500026554 0.7355547173477666 
0.7037684415836624 2.7233451376822577 0.7883771048374071 
0.8710004918608899 1.719534498503213 0.7290398875352102 
0.8874108972954398 1.763017454216647 0.7004642643272379 
0.707375109753116 2.8010286603796404 0.7547809778875821 
0.8546460518544335 1.5960389720418504 0.7688958461916127 
0.8551384333194287 1.7970900443118232 0.7438176831257696 
0.882993550195513 1.6158652761581869 0.7546587467803264 
0.7563791866521874 2.1687177395142903 0.8432776044491105 
0.7735407521253874 2.6756854370042578 0.725130704606357 
0.8762291423067545 1.3865688120063944 0.8012351502205551 
0.8885884228115215 1.3371185343467393 0.7676407975899866 
0.8631198907625249 1.6336311646618447 0.7582907196411204 
0.8010054882506544 2.1563860152489727 0.7740186833966057 
0.91041615052527 1.088617504917023 0.732052200175267 
0.8125197096758215 2.3080251145029687 0.7071753812599603 
0.8541032278481117 2.0499476878353504 0.7063567968083693 
0.763634096956079 2.873707827607951 0.7444452200535352 
0.8762291423067545 1.5410238622722736 0.7755723504400648 
0.7842286270571637 2.508779809153545 0.7029144249286575 
0.8876321822234186 1.6747023700544643 0.7071049891402762 
0.8758470013996632 1.674983449333923 0.740428323042578 
0.8902410330514702 1.5322514380649008 0.7287880643886984 
0.9097636328568403 1.1059888334955585 0.7192588504709443 
0.7471847698462032 2.724575981523304 0.7591350716500455 
0.830413223057664 1.991727851720098 0.8127383112414687 
0.7118597358422262 2.237399220681847 0.845989870991284 
0.7043900462272654 2.9227244618783135 0.7359723374430012 
0.7832154587610605 2.2641970070789212 0.7555967311207006 
0.8439501490282493 1.9303010136642218 0.7616297955750608 
0.7827293622359601 2.456522359895997 0.7136214461052912 
0.7774730587515131 2.729089965944247 0.7079342032826873 
0.8244923918948376 1.4265386648782084 0.8533644430814669 
0.8297581152500092 2.2247890998126154 0.7480241322957835 
0.7347333959967326 2.6984832223548283 0.7994155111513462 
0.8568924238054667 1.6816795994768097 0.7384793421748416 
0.781626340897779 2.387795802321174 0.7255207338516274 
0.9069142126093924 1.1398282891211393 0.7470458018806966 
0.8858399122273285 1.6727945729862963 0.7331213347016956 
0.8314239091272023 1.430367261757347 0.8298040518103035 
0.876535461734415 1.904080679662381 0.7025482520359647 
0.707375109753116 2.816730409708767 0.7547479371609747 
0.7996706927930617 2.2704482781145026 0.7374026890095435 
0.774910418851547 2.573893113089173 0.7482742507801354 
0.8861624238965915 1.4537183947479018 0.7466173355387096 
0.7253657678052446 2.889694727773948 0.7430204437248545 
0.8487463172508806 1.6462524187259664 0.7921469747663175 
0.7605673140278162 2.1093007147173246 0.7886215481297015 
0.8969716084589096 1.2043629083842653 0.8094856391176911 
0.7481399938303814 2.0732023850403474 0.8766480023612216 
0.8878854305430738 1.5378454516487192 0.7257548632349998 
0.7702544358680232 2.334967279761438 0.7670838724353477 
0.7614393650253475 2.6800714428764834 0.7625347515522379 
0.868063826263362 1.6900253350184895 0.7347610821006688 
0.8919345010061239 1.548770799968282 0.7085528994707996 
0.7792650365011218 2.081825742850166 0.8037256052773778 
0.8537317842892912 1.6716955203271222 0.769063753070734 
0.765324666135491 2.915094337005278 0.7284427166916655 
0.7593451008841052 2.2813384036961764 0.7725374312076605 
0.7628927750023399 2.4708093232508337 0.7623596919277459 
0.8137061107702586 1.8339889668715856 0.8363195626099088 
36836 0.750621870925418 
