0.7707140218857387 2.1224145862546013 0.7290352909169859 
0.8056445766324281 1.9848361641157377 0.757407815716606 
0.8148866950458165 1.6168698924904703 0.8364630823576504 
0.8946895301808911 0.9403528308572026 0.8074298948567139 
0.8963030534722323 1.0091162156194704 0.777173585518687 
0.8282747099346125 2.0569264944169086 0.7042035052153235 
0.8729534756164735 1.7689903373575373 0.7089088465608017 
0.8014804894127765 1.5723492185302137 0.8691713667114408 
0.7183967013140957 2.323025922951932 0.7014701439798255 
0.8469457983242221 1.888193676066669 0.7352069906205886 
0.8714226740607419 1.5388662633058958 0.7166342825619119 
0.8001748608780367 1.7671640063845697 0.8393071443381276 
0.7900395255088172 2.2960624620003793 0.7121718957238289 
0.790380235773037 1.9794401699718047 0.7783878232980238 
0.891238553356579 1.0913300091308793 0.7747786421445058 
0.8770922900024242 0.90557143173286 0.8517188517924015 
0.8675256147841852 1.502283142420528 0.7774664970096182 
0.8615384160684751 1.3479083157816618 0.8117030744471666 
0.8738791148766676 1.4487250956520066 0.7404393753606654 
0.7647113219170176 2.034133476948047 0.7502087535158624 
0.7590900812425498 2.1822141227645875 0.7135983836380722 
0.8536075134145508 1.5490764382438782 0.8354927239097474 
0.8698925494969793 1.759315977618682 0.7386124370847384 
0.8773858728398606 1.2406894666590322 0.7825512392985261 
0.8831666864109813 0.9496449587367681 0.850977776197401 
0.8122528212868465 2.061082418359722 0.717426652754848 
0.849864382009101 1.1333610851679337 0.8752763867115475 
0.8839823084398399 1.2995260427325437 0.7677149182702375 
0.8236599712032135 1.996255174218921 0.7347464467991509 
0.8764987914418919 1.4264642156410827 0.7644006825486135 
0.887093531095775 1.1865028302375684 0.8201053125777267 
0.8504136345919678 2.0176816911607305 0.7187004490645374 
0.719347702805474 2.0789252258972577 0.7561415648393082 
0.7915090836101943 1.8704996900346034 0.8240665735967848 
0.8658214551049663 1.1650377460828052 0.8468132727352109 
0.857427782934302 1.8555968721840213 0.7794949051447967 
0.8084800701866417 2.1841770091164516 0.7000951433041158 
0.8463144413654775 1.4620055675416588 0.8790391486344301 
0.830337229932013 1.9335687936835053 0.7589335936375419 
0.7443903377920911 1.6586461836694635 0.8464591838765608 
0.8369326708834127 1.7898968836037006 0.7929058148130537 
0.7980222209401344 2.066349248925236 0.7331471641777867 
0.8049147427861199 1.9174481293223402 0.7963525579544187 
0.8069498851985091 1.8451308704471605 0.8064404692791699 
0.8494824878575218 1.448954227509085 0.8794963765033382 
0.8540175656142843 1.9031513752634488 0.7101295691463336 
0.8927623897525011 1.0165826063980847 0.8069033402513904 
0.8350810352332235 2.031646286847629 0.718790137076124 
0.8197448150792784 2.082213220943427 0.7153585671476593 
0.8963030534722323 1.0221352097644634 0.7765432990377803 
0.825359480463705 1.9905329897940092 0.7529729140168535 
0.8907296587058204 1.1734014626099512 0.8029107886217832 
0.806904944064681 2.0865385991449132 0.730355373569782 
0.799918932859754 2.2327595404995244 0.7100484714452405 
0.8237813485917597 1.9039736376882594 0.7851100329958308 
0.8762338348383554 1.4801249395744793 0.7315981844617481 
0.8629641736507657 1.785852376533403 0.7074154614122985 
0.8397412847834853 1.7684100111799745 0.8130711218481035 
0.8001748608780367 1.8627620382330388 0.8049383530016002 
0.8639291538665202 1.3632820513234158 0.7940687416640397 
0.871791033281014 1.5450299006735497 0.7100422215424222 
0.8584773897222671 1.3502377775716283 0.8233832157697867 
0.8207086086280145 2.0771926617349608 0.7047410272489473 
0.8001748608780367 1.7671640063845697 0.8393071443381276 
0.7687036188220822 2.008932721100983 0.7638213572859291 
0.8678103497667727 1.4955245895733214 0.7775053379141478 
0.8376415396836516 1.7391094816377939 0.8254089403229995 
0.8740907588410044 1.0852139554341191 0.8773354638751774 
0.7763128263298638 2.1822141227645875 0.7124676776581063 
0.8307324160262414 1.8729141143765864 0.7748427960533685 
0.8599463067204317 1.6956383858027324 0.8136877227202145 
0.8632782929039097 1.6741949636727698 0.7516916996394329 
0.8069899017073674 2.040118811203683 0.7499030213210623 
0.8617523213095859 1.1441035184077875 0.8476571773388374 
0.7443903377920911 1.6586461836694635 0.8464591838765608 
0.8473283411206943 1.5841413288556156 0.8605235270397139 
0.8659935075469581 1.0545210878099436 0.8919615935902145 
0.8142456148276167 2.1505360451655036 0.7028794914096058 
0.88857039336452 1.288027636164854 0.7703627292456722 
0.8456168847320762 1.523445990333742 0.8792140131212458 
0.8892822558776673 0.9425451209842042 0.8231897478703324 
0.7601183184081155 2.1222076971636405 0.731224844915738 
0.8608342925800218 1.79556437147049 0.7513551153130136 
0.7856956692123306 1.6158290309228098 0.8592689772901545 
0.8027585409941074 2.187708537715772 0.7083662011001703 
0.8108054309344516 2.092319287317613 0.7168760414525166 
0.8612150981669837 1.1969007361723896 0.8169437637060193 
0.8148866950458165 1.53675925535591 0.8709066191122161 
0.7467394264551166 1.6510178688139487 0.846775133105123 
0.8493279116545405 1.6096238877954934 0.8443683074202722 
0.8399400060734162 1.1014328023136333 0.8886265555883115 
0.8914120393885253 0.9142155938665105 0.8234892175244167 
0.8789104665624999 1.13735322946343 0.833514334322582 
0.8949097410228368 1.0356759105274853 0.7745934735152156 
0.8001748608780367 1.8627620382330388 0.8049383530016002 
0.8833562090525647 1.2772996201675098 0.7715409821211302 
0.8762338348383554 1.4435236260700606 0.7484556715949419 
0.8268900013753364 1.8729141143765864 0.7754597466135206 
0.8036205126900701 2.066150105662673 0.731550612720426 
0.872642854879282 1.351253855682898 0.7962981169938573 
0.8440069016107579 1.921212806503311 0.7519324165664268 
0.8131393285041946 2.0094382870330176 0.7488266857523949 
0.836680358663991 1.785264645582109 0.8127223615119473 
0.7880922387624657 1.8348333839977613 0.8250825615465364 
0.8093338862646253 1.6171605809101988 0.8364826761904922 

.5436961208866266 
