0.788077314628161 2.4940436513347786 0.8212104491844348 
0.7371301665441394 3.063314386937147 0.7384566979934897 
0.853684476132103 2.418654514492233 0.734515416516802 
0.865430019673944 2.170350525725191 0.7324449134350293 
0.8362539035825486 1.747725436751077 0.8425571680088138 
0.8417822362855276 2.3498737450283578 0.8206836130081107 
0.8456531490540168 1.4487843631187434 0.8429262320022041 
0.8115560640729147 3.1013861117936097 0.706437861684704 
0.8183894487344425 1.6902829337014005 0.8695324215837853 
0.8235590971732131 2.054002707865004 0.8665727748004937 
0.8616068396118035 1.9133749008024095 0.7415680634905012 
0.8444578553250297 2.43671337940314 0.7444417610890433 
0.7256863582470423 2.9054738383174246 0.7657391362100606 
0.8231436635371676 2.7145545314240866 0.8196094071528433 
0.7338526805415854 2.5545136880555916 0.8357898144978928 
0.8294291118552972 1.532270913449684 0.8567365805493703 
0.8606398215063972 1.7508232515127642 0.7871323383319393 
0.8748765455790943 1.59103802200185 0.7647196799739971 
0.7794073090993574 2.3102563223144865 0.8713226557121618 
0.8385255047521476 1.8024029219852626 0.8289010629196029 
0.8427965545476388 2.615697630222403 0.790302722427338 
0.7645978707817923 2.460030630442528 0.8381716880978485 
0.766404286277802 2.8153277067855322 0.7902768724180038 
0.8663139346290829 1.4341454239047515 0.8038821293275531 
0.852352972400732 1.8742244057783564 0.800984946280259 
0.7237643971145766 3.146102055421096 0.716106778488039 
0.7801344003433859 3.000668463629972 0.7598687155558702 
0.7237643971145766 3.1757123653968455 0.7052548563743185 
0.8128326699854536 2.8722623290185147 0.7819220024668083 
0.8449769034703716 2.256273364609368 0.7885508147715933 
0.8552684034114262 2.4845478341358134 0.7017125944546045 
0.8078544842425985 2.964812687497133 0.7598581465454713 
0.8685856095543438 1.9179921944841654 0.7260910367101447 
0.7914849181708248 2.7990242106764125 0.7925309770546048 
0.8526641086082791 2.006567461286046 0.7690773185621133 
0.8165623742061608 2.3299662121196656 0.8346001850685694 
0.85876252561171 2.144317657084385 0.752785385624101 
0.7104158284043944 2.83224326273972 0.7867431521714938 
0.8213036108874674 2.8955769081220706 0.7216416926917224 
0.7270388744710115 3.1569253319041426 0.7056742638396242 
0.8348358640494747 1.964797085541884 0.8277632623887319 
0.7834088776998207 3.09263202106333 0.7302059330065966 
0.8090880057432033 2.4399263111092315 0.8605250724422921 
0.8701310627626829 2.1305798841252868 0.7069347484389976 
0.7153987156563544 2.8797262574418876 0.7862912806637722 
0.821560095486332 2.3171514972913676 0.864823904207716 
0.865430019673944 2.203325542401193 0.731968704374923 
0.8425294150480352 2.8091919339348035 0.7888177895993715 
0.8241510108266994 2.9441560942021407 0.7200505692756543 
0.83752925396871 1.6150600666206238 0.8433601180105894 
0.8352510273957128 1.9359794845223495 0.8284459378860448 
0.8197094439267494 2.7475422767427298 0.7892999400026662 
0.8526405731460077 1.8040974636318974 0.8009725687773215 
0.8424374693765747 2.188267565212215 0.8240545602549998 
0.8661062652575893 1.822345587024722 0.7728282920155942 
0.8429863528126853 1.526931653865533 0.8330747037114874 
0.8655144019900463 1.9600429668942345 0.7405169315738324 
0.8506474032112167 1.540551103421245 0.8322460275327856 
0.8053954532456867 1.832157164478116 0.8752805197702498 
0.7801344003433859 3.0180666954976463 0.7598286929511072 
0.8606310738782621 2.356078813636503 0.7352988544891921 
0.7256863582470423 2.9054738383174246 0.7657391362100606 
0.8139197825007797 2.76850001436917 0.8009878644870185 
0.875463942097729 2.1005028621487223 0.7132365122610519 
0.875154791543493 1.8121920148027644 0.7278462935200614 
0.8110056205138503 3.138487896831897 0.7066420810727487 
0.8600378759978714 2.1608942417356625 0.7353805385353792 
0.7237643971145766 3.1279415152501286 0.7196328247167312 
0.8152711141807145 2.9245612957915093 0.7455906407744566 
0.8368263144804471 1.4258914148585389 0.8596312312801491 
0.786881677562315 2.7292539654632972 0.8121961267763276 
0.7576217885383629 2.90531782008148 0.7778877382961398 
0.8704779832959976 1.691520137587543 0.7794437567221341 
0.8464747281183579 2.3964192356403875 0.7747198566394693 
0.8561227198739362 1.9637219318552428 0.7895835137040299 
0.8472870427791732 2.553597607859025 0.7418940253810746 
0.7716244777385967 2.499464836366747 0.8350089480611464 
0.8637215847217404 1.5961322799068742 0.8252462943452826 
0.851637768048006 2.3729936137007224 0.7462026332745073 
0.8576594741531236 2.3160009903840284 0.7583794472730195 
0.8177681264636606 3.048882379820476 0.7203363799561848 
0.8173172960745637 2.822779277055916 0.7806721391085839 
0.8465456152650646 2.1084684003305116 0.8081924488466996 
0.8610341728134646 1.68314233920123 0.8075226482307146 
0.8543908787067442 2.5432248418642938 0.7175135103892807 
0.8722663496219831 1.8501139153228983 0.743435015413142 
0.8276390394200749 1.8725249734624467 0.8286657485299579 
0.8407527873962652 2.4117220056613244 0.8202965565023478 
0.8368263144804471 1.4649773257016596 0.859580187644864 
0.8681943468532428 2.0254205363032725 0.7331432646097229 
0.8706439534191146 1.7032666524555171 0.7591869479323897 
0.8772465214513256 1.7863397111583432 0.7281921506890792 
0.8110056205138503 3.138487896831897 0.7066420810727487 
0.8451222369510673 2.2229805740727513 0.7917136013873963 
0.8258399760804771 2.2911462840421337 0.8235498609537819 
0.8582463933424131 1.8694268186032574 0.786758300913257 
0.8119594386315804 2.991543574107225 0.7390681282880872 
0.7256863582470423 2.9054738383174246 0.7657391362100606 
0.8283429624551006 2.5972915559926992 0.8172759169251268 
0.8444578553250297 2.43671337940314 0.7444417610890433 
0.8483489368214522 1.9436824623498876 0.8264230224736264 
0.8597946285221991 2.288027949715383 0.7432302744086488 
0.8415927095627429 2.1993074910071426 0.8218979040970251 
0.850113997159163 2.544024823128538 0.7167555552183774 
0.8476367736281634 2.127360944941487 0.7979632984032712 
44476547069704 
547364857433374 
