0.8528454071451474 2.3598238755500636 0.7039907360609282 
0.8714687820968043 1.9239542455886365 0.7485763671035778 
0.8128961424299129 2.0335113332522314 0.8283828455507394 
0.8339111331458866 2.7180924365087606 0.7230616872741632 
0.8701552099380118 1.7045130672558866 0.7630587848411609 
0.7637027313056093 3.3348893021237944 0.7343567175333592 
0.8405282752246671 2.340863994905056 0.7132256669306413 
0.7399272349761596 3.375335319639065 0.7240890813325733 
0.7880858849013294 3.0067912676813493 0.7695309524252276 
0.7579652606690822 3.3543095794799056 0.7250945764581405 
0.8035684669070426 3.0510816343678795 0.7484102028298013 
0.8294375932748262 2.9166817244008696 0.7024052378874748 
0.7596245737147866 3.332431407138144 0.767211572113912 
0.8014597566248427 2.401992345953387 0.8210312705612098 
0.8066771073796277 2.4021195748693143 0.8095950994847841 
0.7736857875927694 2.968107204212313 0.7831296189195399 
0.8842934867602604 1.6103875076321843 0.7180506540121783 
0.7826908253492117 2.5514572522499037 0.8317862905068544 
0.7477130600498286 3.3528422072661055 0.7661718482136819 
0.868253649585087 1.8885972118373557 0.7908546625628633 
0.8380271737529182 2.0799224692542637 0.8184511420503208 
0.76134717145393 3.28102955352475 0.7833438691285395 
0.7919119611164921 3.218263453290398 0.7436574959089871 
0.794877934876624 3.1081808399393434 0.7164719907813614 
0.8721334246424006 1.6015009395294968 0.7453496197430095 
0.7931875370127597 2.908178888004918 0.8188145867500288 
0.8685768592593809 1.6187406847468682 0.7930336328946033 
0.8428536011068681 2.8342972566924516 0.7049225644598316 
0.8462072920198142 2.061644806312381 0.7881166939936339 
0.8266851300531352 2.801615256833802 0.7397096288012935 
0.8559446853397836 2.0579879093501217 0.7750116686827085 
0.728315609310791 3.4942905413299696 0.7062596676018291 
0.80702390262955 2.927942099409811 0.7903371671879575 
0.8149634397099021 2.7051151113328196 0.7989819649774054 
0.8840861180689084 1.7835567663801843 0.715731177772846 
0.7673978399472716 3.179766672059232 0.8090486073971518 
0.859020540218628 2.180105092457729 0.7288462849899016 
0.8230042343117695 2.318301594881668 0.7963535971044813 
0.8698853246254568 2.1428998544228226 0.7099645591184066 
0.8622860037383216 1.8208594655614687 0.8369239594238714 
0.8023846008193551 3.062184267057934 0.7044260677526485 
0.8426865954301439 1.8502771569379408 0.8494557269896347 
0.8499505513754841 1.551208585520843 0.8474590205499071 
0.8352779176725567 2.5389436908195946 0.7389471531730932 
0.797339725803268 2.5448165964364517 0.8120514216904083 
0.8219127976583798 2.5235514713776395 0.7692176250149122 
0.84685970946153 2.2463476730959275 0.7598859401662452 
0.8495976434163529 1.492032699843176 0.8626165677180492 
0.7716214339123315 3.1746776646133763 0.7650955184941913 
0.8815798570242579 1.499178470915052 0.7631617000668736 
0.7552819920023696 2.5789699833396957 0.8385146151398106 
0.8146169607819427 2.781880399703648 0.7627903929506915 
0.8528454071451474 2.322477161104309 0.7426680360800003 
0.7811930758712609 2.9765093205778244 0.7788684722383603 
0.8185410399307622 2.743852670365255 0.7855246388656818 
0.7506790995651388 3.3528422072661055 0.7661472485116341 
0.8492980337070544 2.3290625281574724 0.7240209731102608 
0.7861759881798992 2.658040231653129 0.8277088617460191 
0.8510150606136666 2.5828472697830405 0.7046926981998777 
0.8133620810563105 3.0510809656724107 0.7460292835817476 
0.8355594455138147 2.2886232765127543 0.7436244791765408 
0.764360641742993 3.284006254787357 0.7464792425820399 
0.8684942308162394 1.862911927970635 0.7590758138832788 
0.8447033850529531 2.151131564117433 0.7717743685183259 
0.833925426505266 2.575080928703849 0.7239658772947856 
0.7716214339123315 3.1746776646133763 0.7650955184941913 
0.8772558637363232 1.6177840185628003 0.7170520339070685 
0.8380271737529182 2.1766045472837976 0.7877409652274314 
0.8487285386852009 1.5653757310685186 0.8500519932861444 
0.7926300562885848 2.658040231653129 0.8261071290735065 
0.860458846039521 1.9562434284395889 0.8365250842616199 
0.8122231661826389 2.805677783112352 0.7770640435705541 
0.8534383741817761 2.169410230917854 0.7290464989731537 
0.7643131859125618 3.261285140288356 0.7837269491646968 
0.7925288462135985 3.0510823030635703 0.7472494710435016 
0.8218920410662218 2.752371484481906 0.7688307943776048 
0.8380271737529182 2.0799224692542637 0.8184511420503208 
0.8208930695265112 2.2304732588644534 0.8035613894574312 
0.8815798570242579 1.5544550207773618 0.7631585628136384 
0.8336438579655081 2.6139710403375562 0.7522114503630332 
0.7676588470146435 3.051817595145379 0.8096380739888834 
0.7946406306677892 3.016207614238527 0.7513741797359695 
0.798134974776092 3.090353964977169 0.7298732141007147 
0.8485563806828396 2.1468371443736025 0.7582590238222775 
0.8198751682728936 1.9789335445371534 0.8464239841383937 
0.8697010653882338 2.1526427673767214 0.74694967326954 
0.8716588663380882 1.8597162578023256 0.7463917070377225 
0.8416130956383796 2.3981055049350166 0.7071650718359913 
0.8138485534315877 2.825346844496534 0.7335049799542618 
0.8481472047624181 1.760026293970061 0.8651750310813294 
0.8196111674926134 2.417334002830042 0.7840985398749223 
0.8471861740828284 2.38663041696538 0.7072760521419973 
0.8701552099380118 1.8287139808750832 0.7628101086200206 
0.8772558637363232 1.6177840185628003 0.7170520339070685 
0.8417287535832343 2.119943966101992 0.7767132599636147 
0.835227254700796 2.285947440964832 0.7739003979301101 
0.7870211896436948 3.0698122937091017 0.7523970382503429 
0.8303196435939574 2.9080559375814836 0.723176023776873 
0.819934929666288 2.831906893389099 0.7332516010625689 
0.7676588470146435 2.981968132755753 0.8098817436001747 
0.8198751682728936 1.9408209518076398 0.8464918351848394 
0.7871652536013904 3.3164115917701786 0.740532064079273 
0.8499267733469116 2.190084315202638 0.755144429757182 
0.7817388179212202 2.6728668545055903 0.8262467774990649 
0.7643131859125618 3.2917885365642032 0.7663125550675365 
9 
 0.7714431553410671 
