0.7964144623932509 3.020879651457679 0.7150076648401439 
0.8336493787292909 2.706243476627497 0.7134707146723716 
0.7442485906783403 2.9153597432366793 0.7889661750838065 
0.8689355936369465 1.7387403691545864 0.8102752138445255 
0.7870952986356352 2.968392544924062 0.7310722616996373 
0.8799014708358528 1.715881067832622 0.7782271210603963 
0.7019268857788854 3.1093615319707046 0.752194088303856 
0.835198639568713 2.721463673585104 0.7085877149036184 
0.7111767480067794 3.072615213434135 0.7581437749321523 
0.8712637700340875 1.9556663906709706 0.7652925188537593 
0.8817522732793501 1.0748639577077124 0.8307484265599443 
0.7755311471539555 3.2815627705920285 0.7116520392067042 
0.8822268315836627 1.0447877927032785 0.7410959154836992 
0.840973977431186 2.639940150699298 0.7395841652390026 
0.818801700285837 2.893985630209425 0.7201036667887034 
0.7760832951366258 2.9670123747499164 0.7679353350593645 
0.785039667526654 1.3574213476960206 0.9204368831744206 
0.8559448356798545 1.296614745923021 0.8775593179252208 
0.8797228469784936 1.7337880697443475 0.7437039409037757 
0.872759343299271 2.112170731079936 0.7218465285617349 
0.8815624499576251 1.907469783906058 0.7086238749554448 
0.8249293896105712 2.581519189482325 0.7678358328017291 
0.840973977431186 2.6914358762475836 0.7164422736649326 
0.7742466576030522 2.544229935825892 0.8533008833374995 
0.774110197033884 2.289246308635481 0.8767889447016968 
0.8078990495249208 2.8512626043383578 0.7516076632490757 
0.8146874747453002 2.3886759542182654 0.8139304868522736 
0.7786362718045862 3.1187406563046096 0.7372897928588171 
0.840973977431186 2.7906518027629152 0.7002327924577691 
0.8525104934528717 2.5220244648980765 0.7280688490607063 
0.8412382287782507 2.48035966028498 0.7472644404470112 
0.8820726001347611 1.5535526198264964 0.761281991684285 
0.7853868636834318 3.0207132570110997 0.7275845597271842 
0.7466925910022282 3.0375315622818766 0.75764280844494 
0.7810650439414367 3.1840414512434427 0.71788831906982 
0.8238320684249066 2.9610895831588073 0.7070056236925906 
0.7657164219696778 3.0649047248786205 0.7423513812167013 
0.8822268315836627 1.079492461590401 0.7241840316767162 
0.7995914107699358 2.630338947501566 0.7769774429469897 
0.880968838150777 1.7454242297960854 0.7262451045056119 
0.8808031316140467 1.2863441853656796 0.7958629580321129 
0.7457489553521948 2.5019155253973437 0.8798132116682483 
0.8684693735946271 2.462904908682429 0.7078206766456967 
0.7913840942541812 3.076776883768043 0.7074708423007241 
0.8482268829025875 2.6420964055174565 0.7138299771969744 
0.8494018630591456 1.870152832349033 0.8591025460195387 
0.833325857707544 2.6543366934741233 0.7306831720090159 
0.762026781267005 2.858797756599065 0.7742479462155806 
0.8824166549053877 1.4954356137031193 0.7109004025211192 
0.8694193362002394 2.276722903433811 0.7395196300008108 
0.7491669439807279 3.1958237144044688 0.7153034069890912 
0.8440367369015267 2.3292164217387996 0.7959381731784265 
0.7432757461544995 3.1675732541976584 0.7212554692981852 
0.833585116277372 2.7365142170768144 0.7084088632349269 
0.8799014708358528 1.715881067832622 0.7782271210603963 
0.861310210281274 1.8627998750272192 0.7976672549147427 
0.7810650439414367 3.1840414512434427 0.71788831906982 
0.766736521870522 2.9579796125811586 0.7728161939888144 
0.782746732208838 2.0360416331127777 0.8363371651784184 
0.8631015425966614 1.858152966417153 0.847491767871339 
0.8808149955716544 1.1723348627617403 0.8306653306831147 
0.7948009391019097 2.7575931560070286 0.7731539139649672 
0.7777905665850019 2.8834734620452247 0.7686839331176354 
0.7870952986356352 3.0740691797490283 0.7223635552374258 
0.8319858896574476 2.782545511817522 0.7200317703803945 
0.7491669439807279 3.064040910685737 0.7470134655881489 
0.7826937954198151 2.824767571995463 0.8174099606946111 
0.8572409586591409 2.3919679464406256 0.7290882177300427 
0.8158978265982313 2.526305881673604 0.7690663370501871 
0.818801700285837 2.995008264085101 0.7096907277368195 
0.7111767480067794 3.072615213434135 0.7581437749321523 
0.7932020703608292 1.288569765158416 0.888523986963919 
0.7926891546477192 2.6660416269492146 0.8046093367474301 
0.7483061142935692 2.694004906930089 0.8224598714196849 
0.848462331845663 2.514776529320773 0.7440675629349949 
0.8610285164581238 2.3353603862983974 0.7776451148397084 
0.8741118648568958 1.1887483145107247 0.7998531374355022 
0.8364288468885154 2.701024976265219 0.7009445509442711 
0.8428383599002287 2.5153009447470196 0.7447874908466221 
0.8803754398169586 1.7916076602235145 0.7424796886268834 
0.7964144623932509 2.968726779258453 0.7155585754837237 
0.8809479759982495 1.3509841149714 0.7652992005912268 
0.8237132033387222 2.765422391301144 0.7535369715794742 
0.8592043076925302 2.0236232702758485 0.7953598674067224 
0.8255373369342804 1.1615364130907042 0.9083644384018069 
0.787967324576488 2.804153207997097 0.7729276558172834 
0.8306981862171855 2.7980946152285453 0.7035131582782563 
0.7466925910022282 2.5234021653856167 0.8676311056176824 
0.840973977431186 2.582658036693368 0.739833704419722 
0.8494018630591456 1.870152832349033 0.8591025460195387 
0.8618823204990309 1.317008509852424 0.8610099809596473 
0.8723791323892927 1.7402030772600963 0.7773996289848428 
0.8494018630591456 1.9825405701947654 0.8235191075813022 
0.7678635727865858 2.9410961181210116 0.7740988630053006 
0.8259971655182972 2.2798198213296206 0.8145834208630264 
0.8440121842389057 2.440552856114541 0.7925054253858242 
0.7945610426308661 2.9607566338965166 0.7172949301654 
0.8087977594562986 2.688595289343401 0.7700389118187567 
0.7744697718452848 3.0116111133735397 0.7537282162842223 
0.8458285332567285 2.6848129930566396 0.7094013954919913 
0.8678058129088984 2.2528256880319057 0.7793910350987509 
0.8792845199835682 1.3146456287827888 0.7958176655624015 
0.8264951814480178 2.8221573330441125 0.7044212991230671 
0.7903315166870023 2.8442224861886736 0.7548338844357377 
0.840973977431186 2.6914358762475836 0.7164422736649326 
89482763065 
5750549947 

7905253472 
