0.7585881364475479 1.039205673878031 0.7239345370606565 
0.7765431929880903 0.920325715319855 0.7201832892691963 
0.7087505735715713 1.3508448516892435 0.7373317711374637 
0.7207190221280718 1.2953822431565716 0.7365714190074791 
0.7289655030476692 1.446630067247411 0.7275941412051399 
0.7581202253813948 1.0020499791734268 0.7240216447900486 
0.7583834388661462 1.1841066587803197 0.7090167178844976 
0.7523921296388385 1.1086072297079175 0.741546051080269 
0.7308077812802835 1.4145598581056762 0.7213166321234759 
0.7651677942043038 1.046605423920349 0.7170796915317716 
0.7078515855436605 1.4584157760082481 0.7208596842325272 
0.752563354943998 1.3482840560429135 0.7261819268907003 
0.7511312651021125 1.3521009131282566 0.7131490025735592 
0.763464412952222 0.9953616151941145 0.7171945263739133 
0.7687931032984414 1.1153366733670376 0.7060833248363549 
0.7128527864999255 1.2802912701264377 0.7413766337709929 
0.7617171160719214 1.1524455852389754 0.7188313755012374 
0.7527295271368315 1.2177477169737791 0.7358655779603848 
0.7731217882474288 0.951567992543169 0.72002969232124 
0.7038452379301462 1.5372626616765426 0.7208022750044626 
0.7664537023681377 1.1404723096635427 0.7079762747630637 
0.7501435031825943 1.3982583328483795 0.7165211546446436 
0.7556411571289925 1.2235067231039742 0.7336886519494188 
0.7195328526705828 1.2667748239615713 0.7378547815410559 
0.7294041407221012 1.2150628126816416 0.7597676793745355 
0.7365959610350552 1.0282495375026939 0.7461617734628856 
0.7487691051360408 1.2575389697875459 0.743559241230282 
0.7523203699116898 1.2456152216689784 0.7456499979694511 
0.7129989681779773 1.247480534395801 0.7457942845604935 
0.7351064922499011 1.265744687029427 0.737415084042326 
0.7796617289020908 1.0705693973531496 0.701597059467953 
0.7083786204605351 1.2378136507235382 0.7478608871727466 
0.705738563993713 1.2982884847371012 0.7448266754436863 
0.7213190829782294 1.5503960152712775 0.7054402715443423 
0.7182430969387215 1.7047972909403206 0.7120315887680517 
0.7566963600995404 1.3398134314713948 0.7110850883042603 
0.7402301991001554 1.2966366302881154 0.7301658705851811 
0.747689094529197 1.4828585899407747 0.7184202523595056 
0.7569112371798418 1.2158956308807636 0.7356625267619589 
0.7586824092184796 1.4054938531791863 0.7025358878712438 
0.7459910356512128 1.5436971059003408 0.7176026617230706 
0.7052290290324044 1.4609904537263365 0.7230671275721896 
0.7511312651021125 1.3735621537843758 0.7131410724334174 
0.7556923654484637 1.2504977610577883 0.7240976892471819 
0.7333622910721824 1.3709305059207424 0.7338378775688629 
0.7241989427720832 1.3818245171082129 0.7332160093355904 
0.7621257797669835 1.1117576752019092 0.7224951040693816 
0.7328547570942991 1.4769999904763766 0.7007565389087725 
0.755722401188018 1.2238475851078285 0.70243077572755 
0.7200926994863759 1.4952186506580791 0.702830867201079 
0.7513059269439597 1.2547460684069822 0.7144003468620687 
0.7182430969387215 1.580936687090166 0.7001297995161315 
0.7564314703348318 0.9054606875699885 0.7306366045779187 
0.7635009710414624 0.9961430741564347 0.7063785866164048 
0.7311545976310233 1.4531518884583405 0.7097465557213346 
0.7308581285235874 1.3647462075715147 0.7165237750993083 
0.7501435031825943 1.3879694426123663 0.7067351906848893 
0.7132957251868297 1.4070615608053205 0.7154065730433954 
0.7729163283181939 0.9131189472994785 0.7038740680850049 
0.7150263897794615 1.5313515039312622 0.7039865894457698 
0.7147462038384951 1.3904536606181666 0.7245854316247922 
0.7513182513240061 1.2936001462189726 0.7071623662657293 
0.7565119490019956 1.1402914966829172 0.7296135168534945 
0.7157177902917145 1.4291365336872064 0.7138432889857109 
0.7478918297871768 1.2489152354171507 0.7206368390815124 
0.7582957113312598 1.127288087085272 0.7098612817186019 
0.7658656496383914 0.9237653470229269 0.7123562203270469 
0.730427628629109 1.5117495371087264 0.7025090041481852 
0.7301936885360787 1.0593860944816589 0.7453493075452019 
0.7635009710414624 1.0580747057049134 0.7062111216232857 
0.7305153561639954 1.3221381639230756 0.7175564921287412 
0.751664144667384 0.8563498627915805 0.7324652448336273 
0.7050735160588325 1.2966984166914923 0.7303276693708234 
0.7289427016851203 1.4138377199037016 0.7150468281596456 
0.7521612673650735 1.2111020873310945 0.7155241118819018 
0.759354986985942 1.1126134146779116 0.7174689549849064 
0.7289655030476692 1.1897991166526838 0.7596316163446193 
0.7392891826918604 1.2989402299679362 0.7215239586443442 
0.7189418678037871 1.335767887589898 0.7247141120482445 
0.7585874049798069 1.1244484170445503 0.7077897693609518 
0.7415065085078019 1.3242908488513296 0.7170177713470588 
0.7689978008798429 0.8575378927249742 0.7133281744107566 
0.7158933071216718 1.331044964594482 0.7290297971571618 
0.7574842625136531 0.9537042233121912 0.7215574710029096 
0.7678830588995944 1.0979170789167645 0.7058713112211595 
0.7543221662864312 1.1525645665314102 0.7275854799666113 
0.745510092922935 1.2790320111004096 0.7072199965663781 
0.7602542281426483 1.066470632185714 0.7193332412903622 
0.7583834388661462 0.9143650219830822 0.7221661422480619 
0.7209853906917402 1.3029302788540693 0.7296570712585326 
0.7429497835617258 1.2737583567536386 0.714085562457865 
0.7476146477764332 1.259546626080441 0.7120175787093815 
0.7042478844602633 1.4479426401928834 0.7188770395475607 
0.735153210321823 1.385083105278275 0.7129353534969012 
0.721596328357028 1.2094189060933187 0.7591360977945907 
0.7664537023681377 1.0812561687377928 0.7061736226802089 
0.7009209867672666 1.229028885262139 0.7446213840480407 
0.7729163283181939 0.8271829306474794 0.7120624960906683 
0.7215247542671916 1.3382583875091194 0.7201000148487029 
0.7617171160719214 1.0859775236634528 0.7188244357174872 
0.705738563993713 1.274078327265101 0.732682712429911 
0.7289655030476692 1.37374287878876 0.7174276214695544 
0.7564314703348318 0.8346321960417106 0.7312171229351658 
0.7288349264239986 1.2856837001024541 0.7313909086795785 
0.7137592426002337 1.3277945162803741 0.72985685238876 
063958572846 
