0.7820480979532904 0.7982553761611438 0.7019868475530446 
0.7839341138163587 0.7192411603806216 0.7011861962032371 
0.7701395253850296 0.7732690998399153 0.7003729489670422 
0.7457030272382592 0.74533469505501 0.702980957188329 
0.7457030272382592 0.7498466474361687 0.7029736311173976 
0.698759032327626 0.6998477407059027 0.5315152598876149 
0.6173919199709659 0.6999997581386542 0.48938915360304674 
0.6999872486961276 0.6942248878362244 0.6464997232513487 
0.6997240660914685 0.684602619101534 0.6570555126753405 
0.6997240660914685 0.6807652112790792 0.6608577230151195 
0.6997240660914685 0.6952793216815949 0.6490726898822388 
0.6997240660914685 0.6997100589791699 0.6465629620649679 
0.6999922824559932 0.6974836119616447 0.5088588331871392 
0.6996363076764898 0.6876790717643686 0.6519451492347602 
0.6999881316445238 0.6679740453672381 0.5822791329046576 
0.6998702786496125 0.6239750074728325 0.6577464069155217 
0.6972091792112998 0.6048536996369135 0.697259113608815 
0.6999872486961276 0.6992650319477003 0.6163915738072221 
0.694401867214843 0.6982056376460568 0.6947693485881615 
0.6441100838102666 0.6997402319258939 0.6718713964148312 
0.6997240660914685 0.6604669941811745 0.6787423536581161 
0.6557725093532029 0.6999956140089877 0.6082041190184221 
0.6989052757658623 0.6980385508788404 0.674626139586935 
0.6999922824559932 0.517338208755782 0.5700048120787483 
0.6971507250681344 0.6999928623190822 0.6609835160912009 
0.6989052757658623 0.6960875915929852 0.6782319172810009 
0.6848687466636707 0.6996657008838681 0.6868566296979665 
0.6998117936263548 0.6994749461120852 0.6343343012960737 
0.6995485801416035 0.699661065613396 0.6690218251857152 
0.6999922824559932 0.5648750872859574 0.5320666386867166 
0.6954838710252007 0.6644575661553013 0.698130601145441 
0.6973846651611648 0.6664033793203015 0.6958848589847247 
0.6989052757658623 0.6949599304012217 0.6911751169406462 
0.6983788796764516 0.699522324233196 0.6883813092164511 
0.6999922824559932 0.5540666996535342 0.5605777228626652 
0.6998117936263548 0.6542603651364587 0.6560474995235585 
0.6999881316445238 0.689483356233104 0.5573875936920709 
0.696302661350807 0.6784252425329403 0.6924385312390638 
0.6917700411682512 0.6928364070879245 0.6972650310638491 
0.6989052757658623 0.5714298275298905 0.6917182514432453 
0.621130031230944 0.6467864912424474 0.6987268806189421 
0.6997240660914685 0.5064132698305748 0.6771865065872863 
0.6730794081215052 0.6984786203003902 0.6785611522183571 
0.35473375007366914 0.6999897021867132 0.38553353306124705 
0.6998702786496125 0.5882767816322972 0.6431257077066395 
0.679299023787058 0.6999701309349033 0.5502390982479612 
0.6999922824559932 0.5767149199676415 0.5085643344040021 
0.6640052239788947 0.6999851075719131 0.5474681701749937 
0.6999922824559932 0.514145881656049 0.5567536245701931 
0.6875380087981946 0.6999752678513715 0.4647566025361463 
0.6757442000870901 0.6999212451927979 0.6281222917304982 
0.6997240660914685 0.5830589261180192 0.6757601018185683 
0.696302661350807 0.49612664405659695 0.6915379203946392 
0.5139157644636169 0.6999271572986969 0.6421149987495415 
0.6537813697172563 0.6967287708059785 0.693032086458327 
0.6999872486961276 0.6318773155773866 0.639804854706503 
0.6792697812754291 0.6996180282962573 0.6706162217077631 
0.6657139568382284 0.6999817262747766 0.6286354048897547 
0.6999872486961276 0.6989588085057465 0.5877998301532427 
0.6898400045206585 0.6614902760359279 0.6973743742365157 
0.6968582999518464 0.6799746564504968 0.688034454077622 
0.6998702786496125 0.6735418393291541 0.6370922143822447 
0.6997240660914685 0.6600751649347192 0.6533828272681924 
0.6963319038624358 0.6399350780533517 0.6906252230481563 
0.6973553917694437 0.6966267415670064 0.6582375433644119 
0.6999872486961276 0.6506755381253956 0.624565317657269 
0.6999881316445238 0.6565423974251327 0.5792569938891966 
0.6976185434940105 0.6949581984743446 0.6645778468476393 
0.6945481106530793 0.6704116190749323 0.6917827437377194 
0.6997240660914685 0.6994110058792865 0.6189414422695235 
0.692822771586888 0.6333973618865698 0.69642939284801 
0.6928228024669802 0.6997410431988846 0.6122501645009488 
0.6997240660914685 0.654265939192372 0.668850318366604 
0.6937877744706382 0.6955117119994543 0.6652291358274471 
0.6963319038624358 0.685993008856496 0.6877797268242176 
0.6999881316445238 0.6633963637713305 0.5755725991302971 
0.6998117936263548 0.6623826030565481 0.6452920717098292 
0.6909512199625527 0.690616390295496 0.6902400416064023 
0.6894013668462264 0.6933767528028865 0.689733539507046 
0.6989052757658623 0.6595964675314608 0.6903865166735005 
0.6997240660914685 0.6899760723957906 0.6333747113960998 
0.6989930033007485 0.6745152204413384 0.6539777939938896 
0.6939632604205033 0.6946451399149591 0.6794531299897194 
0.6972091792112998 0.67633323052227 0.6825765336842712 
0.6945188681414505 0.6996136544887804 0.6289256781654905 
0.6939339870287823 0.6997185697492572 0.6397955394347347 
0.6965951173471873 0.6940059218228484 0.6702814623942875 
0.686418599779997 0.6934624872230949 0.6857676656472413 
0.6928228024669802 0.6996539994730117 0.6560170687489617 
0.6972091792112998 0.692447796960378 0.67060463315032 
0.6989052757658623 0.6981171049018637 0.6489759574837661 
0.6915068585635922 0.6988622130095866 0.6621717593473172 
0.6949282633042535 0.699107497980952 0.6499501311592235 
0.6830128845240997 0.6983799662017666 0.6861017925760534 
0.6973846651611648 0.6970044516659475 0.651446474654349 
0.6992854284170366 0.6926044405380124 0.6519100132865392 
0.6860384471288227 0.6997229547898133 0.6519907202872006 
0.6999872486961276 0.6947582334929249 0.6099748782627631 
0.6925595889822288 0.6979123570147923 0.6819041396573774 
0.6928228024669802 0.697205799191666 0.6631281613535246 
0.6967997840484965 0.6995608012940994 0.6351635803968705 
0.6937877744706382 0.6952820550244784 0.669355888330183 
0.6989052757658623 0.6930011443633544 0.6700240999923186 
0.6928228024669802 0.6870907411383532 0.6928366819968064 
0.6907173107496146 0.699087884719109 0.6730927561056713 
2434 
