0.6445622152262308 0.6999509655272236 0.46061234044201577 
0.6881205138641526 0.6998485773319368 0.5533794218756084 
0.6619761617812714 0.6998658152042403 0.5728961622712456 
0.5786349109989246 0.6999988016314127 0.5279541655290916 
0.6999691360275961 0.6989318144506228 0.5009136407708777 
0.6994704520200421 0.6992926900029839 0.6019446771728422 
0.6996751496014436 0.6963259086421982 0.6007088945297399 
0.6185789870851326 0.6999964660324561 0.6266962761091542 
0.698534220586851 0.699555061032493 0.5940701982383488 
0.6998123165149804 0.6990469218094642 0.4878891499257101 
0.6996751496014436 0.6976839856761762 0.5869150063127369 
0.6968016160059941 0.6970425783531108 0.6652438278705622 
0.6999000131697746 0.6955165882545133 0.5022276591765394 
0.6998123165149804 0.6984001332292528 0.5107263640217719 
0.6609915640086561 0.699929451931893 0.6152803070808619 
0.6240652674949103 0.6999730825487199 0.6180416266136554 
0.6995250316391988 0.6878040853588367 0.624472352764217 
0.6952261448119004 0.6985016225045517 0.6804502072821539 
0.6966339283920489 0.6998110285476112 0.5716007580621388 
0.6998759726588366 0.6982190356271364 0.5651218874294922 
0.6996454669088376 0.6991815536966175 0.5720869038183116 
0.6999968172293605 0.6953248573765877 0.5542132579538718 
0.6999584981930322 0.6954285713236752 0.5890853756727191 
0.6999968172293605 0.6915537490634049 0.5782652862617519 
0.6866281393023188 0.6875848625778852 0.6936069780242621 
0.6999584981930322 0.6252501269212517 0.6183190254745964 
0.6998466992671155 0.6847567312398497 0.691768090802763 
0.6994957891275699 0.6972566217876982 0.6328132939033584 
0.6986477562903348 0.6978863084769693 0.6590663932678394 
0.6949046839217566 0.6860000902367415 0.6939195751201267 
0.6528841085396644 0.6998523665543003 0.6375200524000313 
0.6994957891275699 0.6864024734996238 0.6630613992226163 
0.6974195399218331 0.6850906762469715 0.6965346369026527 
0.6999584981930322 0.6462253920037151 0.6016960871574701 
0.6975072983368118 0.692888274654998 0.6894623140724806 
0.6960158993636509 0.6998401799519175 0.6719393005778506 
0.6982968770308815 0.6884106130618254 0.6745767029402155 
0.6994957891275699 0.6947201140352142 0.6495475321375557 
0.6906352154637678 0.6470198714444907 0.6967617274081231 
0.6984138161973045 0.6938200917354488 0.6741918014108671 
0.6998466992671155 0.6546747947088222 0.6949588422986753 
0.6999968172293605 0.6607150648139876 0.60078471396142 
0.21382486517175647 0.6999978864789306 0.415742225617838 
0.4690899221769623 0.6999917493284743 0.5479263871639592 
0.5176745506792464 0.6999804896410331 0.5344998160782936 
0.4678490448328352 0.6999920668312236 0.4672229839560296 
0.5915441893398823 0.6998992185325907 0.5376642208672249 
0.5919366311170328 0.699883730423562 0.6005291200448722 
0.5624113328371271 0.6999080375688017 0.565773294894196 
0.6143097245295166 0.6999615839226073 0.5322242690379522 
0.6171353899244753 0.6998657321507898 0.6092459076362475 
0.6125141901387292 0.6984695312634907 0.6762113730574065 
0.614444226786322 0.697465821737376 0.6778296104322438 
0.622837741452275 0.6983478130226571 0.6727776013685423 
0.6996751496014436 0.6970194719140776 0.5598916533590718 
0.6999584981930322 0.661458623717792 0.5886888424550527 
0.6999584981930322 0.6907831916008638 0.5853194414251258 
0.6999968172293605 0.6660734129108092 0.5764772968851347 
0.6982968770308815 0.6708887000688896 0.6756163085776031 
0.6995542741508276 0.6711816942433293 0.6313589483008641 
0.6994957891275699 0.660525760831187 0.6730166933965205 
0.6995250316391988 0.672564455634867 0.613399306546596 
0.6995250316391988 0.6723690225399301 0.656698302750799 
0.6994957891275699 0.6785931286488966 0.6659667796674491 
0.6998466992671155 0.6692689239615549 0.6360282617843817 
0.699349576569426 0.6568012540938669 0.6783532169540829 
0.6970101756391223 0.6948327277093999 0.6372210088329847 
0.6985015437321909 0.6845520009144218 0.6576308723230269 
0.6994957891275699 0.6803422143072508 0.6586876786834868 
0.6920389177821347 0.6770343174927645 0.6954554056946189 
0.6968747840452505 0.6570443942595146 0.6931762821976275 
0.6506110999888324 0.6806094512307971 0.6922139877940038 
0.6968747840452505 0.6889490292267519 0.6821032584771376 
0.6427486609171404 0.6908170332756118 0.6817941751176765 
0.6921558569485575 0.690019603963521 0.6846062970877868 
0.6034438712932961 0.6911879253347574 0.6817475940703289 
0.6969624515312243 0.6879390215935425 0.6816854358261557 
0.5468846507323247 0.6872556694912998 0.688454530523672 
0.6109204732549598 0.689764884131719 0.685593008071427 
0.693735014336697 0.6892301949410587 0.675458870547063 
0.6844650455100918 0.6918199919660637 0.681435562529613 
0.661751900191097 0.6997896743207206 0.5953863816327382 
0.5996589585409322 0.6995205648737467 0.639797145014708 
0.694213591966661 0.6990898378058376 0.6159013606172957 
0.6766846605819044 0.6993661611702423 0.6320397649590849 
0.6920389177821347 0.6989545523671705 0.6562670352289623 
0.6677466459550925 0.6994957635878797 0.6611495499528337 
0.6643252412144312 0.698809532215899 0.6633179656014828 
0.6633390752978591 0.6994682043575381 0.671197813474885 
0.6929164542724757 0.6997721733121638 0.6298359925680816 
0.5023107552131869 0.6995877804623268 0.6315069846045545 
0.6938811651346566 0.6957790211233736 0.6248745145710546 
0.697478055825183 0.6943947184908097 0.6306023433902624 
0.6994704520200421 0.685005160563751 0.5962130969691295 
0.6983261195425103 0.6866726458673839 0.6688769446809543 
0.6984138161973045 0.6915731960175887 0.6684605894842058 
0.6958112017822493 0.6917390156814613 0.6586015812226736 
0.699349576569426 0.6264101832741117 0.6917755062585229 
0.6994957891275699 0.614296736185061 0.6801175836787877 
0.6995835475425487 0.6497439834552682 0.6723435052569727 
0.6995542741508276 0.6498099459103243 0.6408472010430356 
0.699399973496927 0.6016953021323297 0.6811790783102177 
0.6999584981930322 0.6568337373996151 0.5976222958930996 
0.6982383611275317 0.6419068659845562 0.6771116902883241 
0.5321362606843585 0.6790696333082799 0.6481384184918213 

