0.7880136608147624 1.141332599246704 0.7382095809406684 
0.7673083945625422 1.2067319331189788 0.7778096334158384 
0.7876408187914953 1.408673596129136 0.7429802118100256 
0.7978571424726456 1.3634691396045981 0.7319283081542337 
0.7723027817611765 1.3855833665592783 0.773786675754247 
0.7880502139542984 1.3228047770854434 0.7342345683434974 
0.7400245179588061 1.6757742045267892 0.7885804885939479 
0.7730342893286267 1.3618465307710585 0.7608143664316244 
0.7381171808494651 1.2628593944000146 0.790323557201975 
0.7494271343696042 1.4034299786025548 0.7865954391070024 
0.7937293395662383 1.494092854535675 0.7166900445002559 
0.7937293395662383 1.4526417459257628 0.7222407087554246 
0.7600904025687325 1.6049224508881976 0.7842629806070505 
0.713834647597352 1.7143129451785113 0.7862337894179836 
0.7871217024498995 1.3003198895598844 0.7587632423162519 
0.7571222258782251 1.6075334591071027 0.783940080234141 
0.766379818508925 2.00472477829474 0.7138507935031337 
0.7579496950794999 1.893479059092768 0.7575001691191845 
0.7877285154462894 1.3892103905383766 0.7281276186712705 
0.7267491749604912 2.3173330521396984 0.7116722979434812 
0.7556783061878705 2.0344692329246703 0.7711146362028656 
0.7515880374012895 2.236299233073222 0.7010871366907285 
0.7455923596447608 2.141623660035692 0.763765424269437 
0.7298357863777212 1.490205822824447 0.7904593465383188 
0.7655189020798415 1.3546032328636763 0.7842234793171771 
0.7582128468040669 1.7703999384931017 0.7607133059412791 
0.7112365755400017 2.25991748851209 0.75136694334642 
0.7805701145515154 1.6797330779984894 0.7188861205976081 
0.7201486613358934 2.4948980708463413 0.7032570799738666 
0.7596969660294128 1.8975370788062635 0.7338243766695411 
0.8020198139272082 1.4803437522607288 0.7038638868003836 
0.7433416662087193 2.211133712454562 0.7319663909368579 
0.7624454077498329 1.9094017137802854 0.7179165309329745 
0.7611357605992773 1.570009449806928 0.7851523184812542 
0.73036993606505 2.299738681825581 0.7347206955384904 
0.7108881659856428 2.394250977468596 0.7216355557633156 
0.7083028504006035 2.2522394931196823 0.7640478166215687 
0.7893661578576865 1.623413301830303 0.706514306650842 
0.7367913174612974 2.2808961074509457 0.7314620724631307 
0.759239619463921 1.673502442723523 0.7709465322582536 
0.7566652718354346 2.1223828171756605 0.7710532819423375 
0.744477488888913 2.191452109144618 0.745840907826288 
0.7802970151378834 1.7166165807688647 0.7189068228552148 
0.7841171270203176 1.5537591104914743 0.755971406208134 
0.7288119129011791 2.3618330803458556 0.7008977101902073 
0.7131573852518142 2.4476555590948497 0.717007638474874 
0.7293604720433841 1.5144172100870343 0.7906813524301131 
0.7323368860399145 2.2650851219616928 0.7490433346222931 
0.7821286053494672 1.5955813374908696 0.7399639430467496 
0.7616458745763528 1.8511077629817523 0.7404633857899117 
0.8065524649898563 1.3634056091822455 0.7204387118227337 
0.7187327682951754 1.827377452947406 0.7856948944257695 
0.7854329474033366 1.3493243802546713 0.766357616382271 
0.7216556367195763 2.3689327981559924 0.7351152766909838 
0.7417439521103576 2.2187708787959584 0.7131263536469107 
0.7791020375972727 1.8418337408081453 0.7587915103523326 
0.7579496950794999 1.893479059092768 0.7575001691191845 
0.7252099537408615 1.996245175418596 0.7750534679392359 
0.7232908877726503 2.301001016405583 0.725698865381339 
0.7136626260450362 2.429261460878186 0.7173902955485169 
0.7449746115866025 2.221607029846204 0.7060936356234642 
0.7067312725053805 2.4026919536434006 0.744309362441333 
0.7043240531779754 2.4844374169885364 0.7049131106257528 
0.7589993655137622 1.9072120968969535 0.7405938598214018 
0.771344489475664 1.1542059184779079 0.7844946727782055 
0.7576395269628385 1.9947552854947075 0.7424161288286357 
0.7681935694806902 1.6463548362376286 0.7769482518492478 
0.7209407735604652 2.41072771456222 0.7049866645287954 
0.7007656135146489 2.213908119622813 0.773540398548938 
0.7365721791671143 2.2688183416021497 0.7108340826651841 
0.7242729114076764 2.1080885558120412 0.7568408645986339 
0.7692335818582264 1.7925857505815328 0.7184439068785354 
0.7277876855146841 2.269692505222634 0.705092555963797 
0.7880136608147624 1.152672654239464 0.7331366639833964 
0.7317927356964422 2.2672015802328644 0.7199009985194734 
0.7776352199128403 1.2031774371824941 0.7660204793518731 
0.7071407586491236 2.3320349732591588 0.7105839675642597 
0.7747503687352635 1.610413896276759 0.7018125209371734 
0.7008157448728886 1.7839218970261506 0.7660055629462449 
0.7135109170204257 2.2022374518926067 0.7480904428560224 
0.7107650415545157 2.3020815805661083 0.72513088316156 
0.7521440636501866 2.08304899337614 0.7104092619950206 
0.7930722605734708 1.4787606542428375 0.7085778695379958 
0.7589249073763038 1.968159968021422 0.704847268279348 
0.7212146076868211 2.3307901023667177 0.7227706468817817 
0.7058870446450397 2.3708520022655657 0.715717287375678 
0.7680260635371351 1.734637619437692 0.7191635687233057 
0.783114060804247 1.4869325283876222 0.7000991529453388 
0.7826244949716186 1.540100447937926 0.7510139459889432 
0.7300625393632134 1.592932617512644 0.7698892224255816 
0.7596384810061553 1.786724655273104 0.7522634496080859 
0.7435767753974796 2.1543683050853133 0.7030523162500328 
0.7242698810024533 2.120829106939926 0.7374191762901552 
0.7205557007579864 2.3993297107450196 0.7022924998573278 
0.7729338764764143 1.6920376799252654 0.7381932169968397 
0.7408214633405493 2.063866773816145 0.7512115529204552 
0.743100101871202 1.5118762172726683 0.7710897955742237 
0.7660618244834626 1.9276908436620783 0.7108921847279119 
0.7924249447394608 1.4044025689526367 0.7123920154137393 
0.7874686577650318 1.3525559033387315 0.7214973282406949 
0.7804407183156291 1.5628252264173894 0.719990272667501 
0.7185826889999527 1.9607070667032298 0.7646468181356594 
0.7076714588263828 2.309021008054825 0.7334220532296257 
0.7507265956332918 1.9266024502171166 0.7393863491204246 
0.7598454876153431 1.7721852480460072 0.7474383780142685 
339423203749031 
33558218 0.6424967204865244 
