0.3527618500540384 0.6999888495401821 0.16426251516108548 
0.5521436450752055 0.6888648347809819 0.18922976024621813 
0.5516348874123785 0.5154148594236271 0.20899649535071785 
0.5693849633573813 0.6998485201831603 0.18520857907580687 
0.5435165803912599 0.6986831140133096 0.1857841753577658 
0.5383609282572772 0.6986044119364365 0.20960218949142298 
0.5459936927482226 0.3664047381398816 0.20903674092093993 
0.45933074431686327 0.6999643135390563 0.1699024487131922 
0.5799467914217535 0.5524633640880714 0.20173006436906146 
0.4867655383149554 0.659409013495816 0.21058107213887034 
0.5870332729518042 0.6962391462161702 0.1861362597005388 
0.5528558883735417 0.5552893906025994 0.20615149223964943 
0.3570384855732075 0.6997878411868362 0.20211763601644875 
0.5419206322752468 0.5691740524638801 0.20406686159216877 
0.5338818768983276 0.5782307486127553 0.21433462853478608 
0.5508947879941712 0.5359921757540002 0.20655256823371065 
0.5716305120748628 0.4878031825238179 0.20471733068088527 
0.5573838475489958 0.5757374495403558 0.20278498437218795 
0.5046239283471599 0.5187969288963663 0.21563486472847349 
0.5898710628941057 0.4896266027876509 0.2014568864208639 
0.5626054493997528 0.5178020978731694 0.20777555447846283 
0.5437976596090475 0.6823618652306465 0.19877983704943902 
0.5410205188813383 0.5161683111099927 0.21722678924156769 
0.5449229213453046 0.6972354398376553 0.19583699909227975 
0.6194721067637353 0.6909065987301876 0.16730528904526415 
0.6222962948470164 0.5438287210005195 0.1645820583443246 
0.47515303135635656 0.699991466228786 0.1588293287933027 
0.5316004147434208 0.5967476586674882 0.21161926703721579 
0.5062726153087946 0.6466095323518142 0.21138071686105595 
0.46277026082982187 0.6999441584698529 0.19766381596654742 
0.4839774762224033 0.6205810656008998 0.21575981531674385 
0.495654454937573 0.5349870514823936 0.21866132444777564 
0.33278255901592335 0.6550091806850293 0.21679108496930644 
0.5577960115699658 0.5268488377980737 0.205536820338616 
0.5398014486681214 0.5168772147276631 0.21672627377424256 
0.6168587679102551 0.6812806059779953 0.20062811748357628 
0.5846701454826684 0.6919109058219968 0.1889617457207451 
0.5395488020467076 0.5563899907061768 0.20771902222496902 
0.5131580196427622 0.6998660195638309 0.17239210616622547 
0.4191010316483186 0.6993865120613435 0.20361681309203572 
0.6019511460809703 0.6989265330263215 0.17964176948481908 
0.5536766878453945 0.6999649124626925 0.16480090446275117 
0.5264538154358143 0.699557529853003 0.1865017140575018 
0.4727069578914972 0.6998992955578209 0.1596555465935425 
0.3485009212013792 0.6995723494697628 0.1950651003699153 
0.45220682009823465 0.6690897718088028 0.20774974811329094 
0.5754610719466753 0.6858478359805883 0.1742937206406049 
0.4797933575684936 0.6825035681543417 0.2015650642597105 
0.4954120443753727 0.6541179721342708 0.20334991648052336 
0.48630774811976196 0.6620061607921146 0.206614605723109 
0.5878647169856591 0.6773872779017993 0.18339181525206202 
0.5399238804472599 0.5826542889056349 0.19821327401449512 
0.4301156713635296 0.6860025354990857 0.20892340158049666 
0.5180306679903797 0.693872729063121 0.17734522341467684 
0.6126850577237715 0.6640517654887232 0.1936685757043525 
0.48854592271273634 0.6998079685938363 0.17896953769562715 
0.571869663488555 0.6971088649021058 0.1738124193531686 
0.4383067400068781 0.6992349175651336 0.18777653090727087 
0.538802286290049 0.5494824395958015 0.2062094850827192 
0.5144185957612115 0.5752699551418536 0.2082701054583705 
0.5544283336639644 0.5662011126983336 0.20141994669167987 
0.5471001533048034 0.6911991285210543 0.17647978027361327 
0.498641640277364 0.5182843321006496 0.21085575875041093 
0.5615229092810636 0.521450493176579 0.20069954274615898 
0.5300272846786278 0.6828620372666094 0.18743103982970963 
0.4887832362073441 0.6258165711148659 0.2060649169478027 
0.5289911064363049 0.6129307851522625 0.200273158366841 
0.5287700413268392 0.6880154979988519 0.189327469141178 
0.4744089647803552 0.6810329970701218 0.20319274731057657 
0.6075337065891614 0.6688681321912087 0.1741338306173713 
0.429857143537993 0.6989953083282455 0.1959223664686432 
0.5596035440078662 0.6888069257303655 0.18698681249078064 
0.5318384482057894 0.6995951357594865 0.17585762175670971 
0.5109636735060602 0.5845024813629838 0.2101485612126199 
0.41730353396822806 0.6998869597487241 0.17616567420434345 
0.5907489956774354 0.6682963623102327 0.17927192340547154 
0.5885778923727919 0.683291609515889 0.17636905133624572 
0.5497985864732569 0.6757847482253584 0.19231945471598264 
0.4884140657566356 0.639360810854479 0.21059952408133073 
0.5836059126954601 0.6706628392420807 0.1872136881810761 
0.5258039878591704 0.5287847283518639 0.20852680017901634 
0.427639901552633 0.5358527563211607 0.212629191636503 
0.573052711558569 0.6911851847325112 0.17743984536346877 
0.48550667027946515 0.5648058743912469 0.21148362746587296 
0.5652481049017626 0.5703219173099466 0.1991887122378752 
0.5120098626405238 0.6937541479799728 0.18832512087804587 
0.5495194944280218 0.6521477835203188 0.19806222015072333 
0.5589802466192845 0.6983866568665773 0.1747346738348036 
0.44430825595385093 0.6998506512887228 0.17228185270929566 
0.5905600356451834 0.5523428995384895 0.19650361351695678 
0.4589460777514913 0.6978542176315525 0.19983369413413168 
0.5698349109329099 0.5037649751656903 0.20058515595461698 
0.5596417039868045 0.6877885293949944 0.17939808211998937 
0.5155913402132235 0.6701530533213798 0.19364971702500294 
0.6107299768011845 0.5456803289397234 0.19494021176718035 
0.4990749242779142 0.6685132126106389 0.19698156505626147 
0.5289702153808871 0.5609975226933535 0.20576684454189303 
0.585341826021968 0.6591451061762207 0.19684060241556506 
0.4537925871998687 0.6938422089224696 0.20573872946976768 
0.5553410849066895 0.6701170398099997 0.19390173351736126 
0.6027004916686516 0.6737589790979438 0.16778062605141145 
0.48392115896515564 0.6850120194714471 0.1896589488422689 
0.5218322530985717 0.6217252629286846 0.20682652122736644 
0.5990088201700329 0.6771959978175413 0.17716686687935032 
0.36111954574548233 0.6999087009771925 0.18620663041549876 
43966 
70762032 
