0.36112952140375687 0.699983176706573 0.11840368404325247 
0.5034295549422239 0.6997321344433229 0.1616978500257658 
0.456023171583532 0.6999387865554021 0.15037179688125665 
0.40497798099901827 0.6975505993224749 0.18935756922584734 
0.5291214398338222 0.6985085657323661 0.17025364733238224 
0.5283619498365624 0.6985823326955669 0.1560552875272386 
0.5205835557707281 0.6781861523069178 0.18389863565175102 
0.484889783728244 0.6998464693777388 0.1799665928052438 
0.535545773423967 0.6737180114308364 0.17927984152147214 
0.48428669684166037 0.6979983504732402 0.18006936941781582 
0.5226539720136765 0.6990098334519986 0.16337256708479753 
0.2254232647339519 0.6999754670679296 0.15748894039329012 
0.2411426366116446 0.6999886788618271 0.1150815227248274 
0.40447576995759604 0.6999730338301997 0.17811740579157678 
0.547091834681526 0.6989575738388594 0.1496753668929594 
0.5330101152074669 0.6731043562133956 0.18880891547499823 
0.4102396773216159 0.6988254585086942 0.18317025278635843 
0.5563452812905616 0.6269602635716557 0.18573730541045197 
0.5845872610281733 0.6956910907762532 0.16605751976355254 
0.5147943606214833 0.699644483190106 0.15667581185973287 
0.47391689756913047 0.599064038963041 0.19674286737331118 
0.5377561728414951 0.699106350988666 0.1466831535855885 
0.3624924091903622 0.6917892280785942 0.1930802506703406 
0.31166657156419286 0.6998948589123829 0.19101272161635596 
0.07824599616127348 0.6999919019512829 0.12101758296172763 
0.5042240758204553 0.6992228640514944 0.16719130585337888 
0.5178158651989904 0.6986767913184989 0.1651608293350946 
0.5009496863790754 0.698529603771584 0.17791340185677781 
0.3247356517143378 0.6988868408448643 0.18815890874705601 
0.5608112347636924 0.6973276669291538 0.15692472941185923 
0.3627670692980687 0.680460543586185 0.19766737011692972 
0.5333107089162752 0.6975930167126695 0.16900402632950567 
0.5064141848446925 0.6969322261958135 0.18362368593390596 
0.43277367108683173 0.6971598651215015 0.18408561133112025 
0.49134687747400985 0.6842680316509409 0.18960332354097612 
0.545946068863127 0.6912246510539661 0.178157263405687 
0.4951383374152456 0.6994340354199401 0.17264675325570913 
0.5807353078118996 0.6140559863877995 0.17564303071942322 
0.5671082250332404 0.69676827818283 0.1676857893370917 
0.43234943366172485 0.697906020056104 0.1821285930652818 
0.5556735005511659 0.6880693833421477 0.17199606177649232 
0.3749444087731283 0.6993899599931943 0.18560127218201503 
0.5651000642302376 0.61944603883145 0.18161438161551846 
0.4934248687008477 0.698845849768435 0.1775535350216413 
0.5259562708431601 0.6904788666090559 0.18230271763562378 
0.5868806014396343 0.6622621394179706 0.1728884431303434 
0.5506940591138716 0.6275543108388657 0.18193374237909138 
0.34357935854402155 0.6997240480508911 0.1872461996824748 
0.5623905201379463 0.5975335781512934 0.1940032982871066 
0.46478346649767865 0.6999092087646045 0.17287906438434558 
0.5660883504821048 0.616069942043481 0.19340947687716625 
0.5296139656601081 0.6928365752887531 0.17831647821731544 
0.4695136078787102 0.6908833708238519 0.196337935648017 
0.5733097217518757 0.6016047822638807 0.182775834591577 
0.4127430040487162 0.6932086656869876 0.19098042803710344 
0.5626161082628879 0.6204282141494277 0.18867443952053342 
0.36176968451618097 0.6971102850144479 0.19822601362479636 
0.3867845843686465 0.6936281381809739 0.19060174742333083 
0.5323239421189796 0.6605474539167305 0.1934541529598022 
0.43057209801623353 0.696782844809212 0.18550989790176187 
0.5395846450357225 0.5832269253552688 0.19605160393194132 
0.48528441085943297 0.6977253082468684 0.18242457759327257 
0.40203346957531017 0.6985111868060221 0.1834594327497113 
0.5776947958373708 0.6405639292792884 0.1741014641420813 
0.573438060324433 0.685504866651356 0.17635704983787948 
0.5217735883887457 0.6930986681889588 0.17723360078371606 
0.3283686237692961 0.6950418344600977 0.2009524358307474 
0.5492346106462138 0.6338577172416056 0.19199870821218842 
0.47509420192108176 0.6811652752435482 0.18968395070828206 
0.4841684027502823 0.6999069639746099 0.16281581614417948 
0.5123998167614425 0.6934780822369272 0.1891043944328663 
0.5634300670532603 0.6559065493998311 0.17899321998827122 
0.5490831874317801 0.6972107688976508 0.17620619232052842 
0.4839339361770425 0.6417452269540246 0.1943349428285645 
0.5070375303526052 0.6957156184127294 0.18566320752676588 
0.537114235136013 0.6701913988566979 0.1876856812791657 
0.49502145028746003 0.6999056051415308 0.1656840909221696 
0.42732269519771793 0.699886252268716 0.15724080880075833 
0.3102982350654546 0.699943207877978 0.1691990783144333 
0.4707905481968193 0.6125914614464844 0.19340643182769923 
0.5667501861904373 0.5585245784908394 0.1724886001993665 
0.2544825114378554 0.6999717323414415 0.13723978268063775 
0.23930197908254258 0.6982777588369558 0.18091330100081354 
0.5583623257378794 0.6755734804690766 0.16815512676947406 
0.5598283021641115 0.5842154655717573 0.18329281597457475 
0.3246432895161394 0.6998185000454554 0.16413949031310124 
0.538467587578241 0.5515839487042231 0.1934279512098693 
0.5574621647210547 0.6796237923465519 0.16807641062397496 
0.3576555020084915 0.673298606504284 0.1930836773850814 
0.5014319234174607 0.6989752702534586 0.14437467665232875 
0.42905385342533087 0.6997724012737937 0.1573789090092947 
0.525655433270475 0.5933429687094794 0.19343714271729354 
0.5652173167173107 0.694892828598229 0.15231436941123 
0.3607907845196865 0.698677386043398 0.17623124738568857 
0.4444487944592024 0.6996787331906292 0.16081427979110027 
0.565599009035564 0.578001470168067 0.1901502679213776 
0.5001313847946947 0.6546179377417203 0.19223093845161135 
0.5124130143731933 0.6589031624135598 0.1897577318611495 
0.5361468826046429 0.647220750281145 0.17502512958145616 
0.4045606662242387 0.6583832198746737 0.19544552266288617 
0.5231073206141785 0.606675590603141 0.1890584976332518 
0.5416589448951319 0.6367557181926415 0.16887871032936666 
0.4370622273607432 0.6873149239075804 0.19168649506047075 
0.5327649633719274 0.6506206494521882 0.1815226481720142 
0.5315169449607335 0.623493063875471 0.18496226999748389 
5898453029335477 
