-0.03375887734493399 0.6999932281186313 0.07817570538032012 
0.36128954926604195 0.6977718244346596 0.18208108271525042 
0.26540891271318867 0.6998644124334512 0.18151375915903326 
0.32590945878768085 0.6999670799848293 0.1555188723258233 
0.29961010411092004 0.6995093816850193 0.1819267520838293 
0.5271491119034806 0.6968423901521565 0.1708736273520515 
0.5215647952884634 0.6910456967885978 0.1916883462837233 
0.2872435490577603 0.6144860146555868 0.19563831494780662 
0.3735191631080803 0.6999615679998774 0.14321761751869835 
0.5349368582149658 0.6951699904993494 0.16379675264236968 
0.5195908070464255 0.6991929182223818 0.16535132266378974 
0.3248106301067538 0.6999727815666955 0.14509969144404083 
0.56041035439839 0.6949075229189283 0.17080623759520314 
0.4117948159606707 0.6994930305398184 0.17452884704027294 
0.5092909437496076 0.6975927797290907 0.17471899749166322 
0.5245128843317858 0.6772370305143793 0.18817859968072792 
0.4902767671060718 0.6991556817881426 0.18041464907534183 
0.539921852742401 0.6948235572519529 0.1755608611212878 
0.5228154678522251 0.697389581521241 0.1906830983661017 
0.571249938025782 0.6808623742019932 0.17433692341940102 
0.42197426038662234 0.6999550759079421 0.17356819924555386 
0.5316668909244232 0.6829302637593023 0.18313488959388913 
0.5291596405844836 0.6986662877660654 0.16845313307311924 
0.5508964105690914 0.6825011941405773 0.18531098937437548 
0.519293728518087 0.6995192045388366 0.17305621952703562 
0.45479350964674936 0.6974959317436269 0.18372488089134567 
0.5388868585766663 0.6832700025504993 0.1821136729819866 
0.31214788051175313 0.6999848174197439 0.15881698196526 
0.5134436682496608 0.6999315532140044 0.17442780129771537 
0.5847712302758714 0.6636346254472975 0.19405922368376427 
-0.27902811266446337 0.6999897623737829 -0.055433218844888554 
0.5470656349955696 0.6924653586263356 0.1584912389113501 
0.5410961445633562 0.6881937995786934 0.16375143964834796 
0.4777255351210564 0.698397283711556 0.1797415895904456 
0.4588732010181581 0.698939665107539 0.17516526686146414 
0.5390159923057916 0.6936919941250568 0.169207361308823 
0.5328911459671962 0.6897990725328038 0.17555944962242379 
0.42969041643897365 0.6972194302004012 0.1882134781264751 
0.5030660527709159 0.6955479425919093 0.18055820927921853 
0.4977185848147293 0.6638857726336652 0.18855928438327166 
0.46628588733808174 0.6901065790584263 0.18581910964610399 
0.48755197453871757 0.6968783217676449 0.18543686899753123 
0.4971094604160714 0.678524548288377 0.19006737086209316 
0.5195706956320527 0.6900199114612029 0.1860543294412915 
0.4954336743231885 0.6973706463664733 0.182785694766702 
0.5174707299509931 0.6918369997771587 0.17649102457019097 
0.393444761913028 0.6999532880284123 0.16772201513723964 
0.5449668943632744 0.6764339447155395 0.17554886179276405 
0.5395663355444082 0.666510945677553 0.17699639355449667 
0.5480097232476464 0.6678216592681468 0.16827380384812277 
0.25990333644007624 0.6999736125784315 0.11854243664503063 
0.4305928578481317 0.6999051152562618 0.13623203109772897 
0.49178580482357603 0.6995557088893511 0.15425400000961786 
0.43467872733208446 0.6997550859963473 0.1599691925768067 
0.4833829173365235 0.6997582254040592 0.15914686874875417 
0.42641752286295487 0.6996625487545287 0.17085328512983214 
0.3968703800950042 0.6999206600637946 0.17321054695329138 
0.4935862677576853 0.6993412491177806 0.15873211957507233 
0.48041569509923354 0.6993759460410633 0.16666737226819703 
0.504688166646722 0.69708875679213 0.16889062360251647 
0.5101425624255582 0.6982155563805216 0.162067625300698 
0.509753489165808 0.6984104968794359 0.1506432937742931 
0.5132256223505474 0.69862414521449 0.1487438542447637 
0.5071289268560284 0.6951041907784296 0.16489815865913965 
0.3599965742098852 0.5827552035166319 0.19178115300086965 
0.5614813430217962 0.6536466226444043 0.1773861398424752 
0.5244643936251225 0.6263292397508884 0.18979419191379815 
0.5247628521525203 0.6580947651542955 0.18805541935408362 
0.5207995588222516 0.623383538937071 0.19157198370707895 
0.5694132164427088 0.6334341859235633 0.1660366449095537 
0.5623931136377234 0.624758327386245 0.1729888075850458 
0.5259933179188561 0.6460138677551532 0.18363251902863365 
0.5476856249009332 0.6553939892796755 0.18049662507271316 
0.5390163630621896 0.649774773363332 0.18129047621989466 
-0.3844346939387979 0.6999663102590329 0.06189756811021953 
0.5517466525646455 0.553260066067976 0.15249230336581052 
0.15482451228514194 0.6999391328828094 0.10339196117421187 
0.11208836042717141 0.6999109749127459 0.13098035217780196 
0.08596859098747178 0.6999588044321252 0.11076040739715112 
0.2961017582314268 0.622626444909229 0.19058458626105212 
0.355077350537336 0.6062483680563043 0.18836616151447436 
0.536923083676861 0.6591262744306874 0.1661594198101235 
-0.08265597069650776 0.6999706568753953 0.03541383304179798 
0.3129760268545756 0.6999383332937171 0.12670809993928187 
0.5223989456431483 0.6414237764432976 0.17788071934878824 
0.11614920334323153 0.6999445705776047 0.11767353461900712 
0.520142145533019 0.6434254902079054 0.1841184294715288 
0.5373173024744873 0.6524291681594473 0.16536477915911002 
0.30347469188008014 0.6988388479590631 0.1694016177017231 
0.535245146104647 0.658248638978887 0.16733845118613175 
0.5375358194011088 0.6419743239841958 0.17366877616204032 
0.47361266823475656 0.6988723912083112 0.1391397788774947 
0.3036224456829608 0.6998065889523196 0.16871633132905872 
0.5513095931666794 0.6441105615657667 0.1729600374037863 
0.3311748032876407 0.6957436883131736 0.16529353851513076 
0.5516626450479045 0.6429087626536574 0.16732635050987177 
0.5386557519697341 0.6289094872894382 0.17647489913774597 
0.5432718653504808 0.6468294134983886 0.1636450037180907 
0.499252976106651 0.6825201179385979 0.15393520400284919 
0.5397874607289327 0.6669827356673494 0.16498246190736784 
0.5223588597875631 0.6692630635886464 0.16320447668815102 
0.43619323098255747 0.6996975323959357 0.15678561556094345 
0.44483644943107137 0.6908781408069734 0.1724911438220527 
0.35384055273801096 0.698011884140739 0.16175591860583524 
0.43893514981511883 0.6995586427010968 0.1435854674492701 
