0.44752281125604754 0.6999969561606822 0.13881763361101934 
0.5472239197662057 0.6922167507489579 0.1942084754631681 
0.5259169811516714 0.6980028290615019 0.18956204570305776 
0.4379272968744362 0.69992944424453 0.16227142566352915 
0.5465730835843838 0.6995486440577053 0.16088268581107773 
0.5501183473410686 0.6854040031121656 0.19299148837545171 
0.5422672821691521 0.692298669138601 0.18551666754755383 
0.5326820722481034 0.6997679482816438 0.16434749132837068 
0.5415261529244877 0.6554782779577271 0.20051852257588082 
0.568336226806949 0.6865085822037628 0.19068978769203937 
0.5823711216073184 0.6774978668434679 0.17307929744054762 
0.5676137212410265 0.668062778696676 0.1929356126552941 
0.558833311209171 0.6475383207057043 0.1951097306183103 
0.5259120723954416 0.6997858159317045 0.18589164603811956 
0.5872312418576118 0.42958489670610117 0.19509822892639395 
0.5390926125114923 0.6988923557302305 0.17690493147102154 
0.4890248928378459 0.6999892436775375 0.1576810876935326 
0.6407506421113396 0.41690979654207405 0.1738851649557363 
0.5252857350223321 0.6657326532697294 0.20157204823439712 
0.53246006230375 0.6997684100377372 0.17663724171780196 
0.5430842639280188 0.6540527877898484 0.1969440027051923 
0.44550969208755054 0.6998334405169605 0.1776640244413929 
0.5550043098294963 0.687805292796279 0.18913525008687385 
0.5464533875839492 0.6362466268654949 0.19646770645315811 
0.5802874579421246 0.6980027515413381 0.18355846274181287 
0.4220651299938233 0.6999990131651537 0.17059637361530822 
0.6253762713681601 0.6366959311082505 0.17584958623005592 
0.5300342686907018 0.5888926297310052 0.20195973567839007 
0.6268043461080697 0.42037542814699347 0.16795823490799572 
0.5078452597211458 0.6999247230504025 0.16861566315316684 
0.549166811790139 0.6993715927058174 0.16989027863364523 
0.5761364838027581 0.6990095827969122 0.16468571311325772 
0.5770012149754042 0.698123254511815 0.16949578824320038 
0.6241521005055767 0.6285877428766826 0.1936878360966056 
0.5794234390502178 0.6888232820995085 0.18621401844265023 
0.5891394188017398 0.6732882388551542 0.1671635281259661 
0.6056822876810013 0.6439137595250375 0.19190013665210115 
0.6071275679903387 0.6288863505767369 0.18796909495533792 
0.5746092969873602 0.6311557258053075 0.19915744117846157 
0.5901731552346857 0.6562677395720737 0.17919412510553892 
0.5735932946384281 0.6993543997841802 0.16916207746621764 
0.5300781320063545 0.6973889250119406 0.19657889539524165 
0.6039819660101867 0.6534149362019117 0.18613590759344195 
0.5531519188124454 0.6962969444850163 0.1850748324809337 
0.5410343858168607 0.6614322890552582 0.19544478859598535 
0.584985650517494 0.6641895663425642 0.18347943123041066 
0.47117683885959905 0.6993516188849734 0.19118243025622797 
0.4760459881445904 0.6709069541815755 0.19573654431292642 
0.3943180095594848 0.6999601681092521 0.14910502590925392 
0.6142800234273198 0.37235819868002124 0.18448414238287936 
0.45167514188245794 0.699931833634528 0.1368525715452624 
0.6151743523657818 0.4483213741959488 0.17137742035443684 
0.4716537286864614 0.6999309686051285 0.13172373253843697 
0.38626724232625054 0.6999623435162358 0.15917619957297513 
0.5875620464458191 0.6474165988045284 0.16376569259479595 
0.4081994149212522 0.699961913050655 0.14012114335100936 
-0.21945234918684853 0.6999871394082857 0.057424716302434106 
0.5626211107925981 0.4362441182811788 0.1917022488000868 
0.2620833391309253 0.6999798471056355 0.09285109426557349 
0.4456348122287914 0.6999555975093994 0.14190937684731866 
0.48094165500973507 0.6999122374902558 0.15639465329327007 
0.601251966223622 0.37157879777133856 0.19324008257672873 
0.5045631532534811 0.6988782135559809 0.17485368388753456 
0.36504711407592205 0.699734135069231 0.17105007965495406 
0.519386208028016 0.636325540229827 0.20099938645931104 
0.6115654542877829 0.5898595079113117 0.18077853737969984 
0.44255596069051584 0.6999157033826456 0.15918490924882017 
0.4477403239435842 0.6994870967134068 0.1830280810905841 
0.3916087108249867 0.6999782190400139 0.1477520793698634 
0.5704851339488148 0.6842310454104598 0.1620744263867032 
0.5723626317638467 0.6917261159515383 0.15863059072509503 
0.6114559039455201 0.624833404575049 0.18874258041435113 
0.3629072700679894 0.6996565644041834 0.17286418795937447 
0.43726940756991495 0.6999356397361373 0.1419661005509935 
0.5895286856486752 0.6331127085078451 0.18060056550489792 
0.6188197183662578 0.41250309163595383 0.17207700536818576 
0.6169855498462571 0.36871524112174464 0.17687862589701392 
0.5994301095769974 0.6319159564282744 0.17655958623311327 
0.5219186044132491 0.6971154942228419 0.18342375968758978 
0.432401608840394 0.6997852959978674 0.1698258460876516 
0.5727309335402897 0.5869281844956605 0.1908399936718906 
0.5954562342439225 0.6323155932840417 0.16269020786215527 
0.5239643532435674 0.6899326173614552 0.18749762674182802 
0.5432700224747968 0.6930871878744475 0.17976731690575792 
0.5896089453487261 0.6371356158750269 0.17712851405647942 
0.5865299952561904 0.636024417127367 0.1901963605724962 
0.5013934534261217 0.6945472518763054 0.18772134326296333 
0.519091810084924 0.6997355278594182 0.1682975825261609 
0.5245476979789456 0.6822480432614874 0.18632263494206755 
0.5233584351184435 0.6935023356429851 0.19080566178478828 
0.5538503807585256 0.694968194175607 0.17805275216453711 
0.508087090119715 0.677941395606371 0.19446505772986653 
0.5437237783407587 0.6937564435388762 0.17821180318639102 
0.5712808876209348 0.6706182676134114 0.18103299839486434 
0.5045431340903759 0.6996404152772999 0.18225968183097466 
0.5234421568554526 0.6964013347035214 0.17135721692043537 
0.568181841708943 0.6744768677779209 0.17950284831362326 
0.5707833600340118 0.6687935420342905 0.18556858490380004 
0.5093680191321368 0.6934073210347637 0.1927446452858866 
0.5240272536115014 0.6993265638151115 0.16936567780129536 
0.5291515771909908 0.6651902111586614 0.19508832727563633 
0.5281879185236865 0.6773845811894816 0.19290221262300053 
0.5331781174941699 0.6990962479294324 0.16206532051202302 
0.5761455950958564 0.657014686091076 0.17618836040540287 
0.5271250601075271 0.6950075948394939 0.18381467982962327 
