0.44220232318879815 0.6996454094873028 0.15492718134546196 
0.31900981624257574 0.6999167790118447 0.16207679178105552 
0.5648094846176974 0.5735537557297167 0.15905206928319915 
0.25210432373221914 0.6999507699503319 0.15730212110173672 
0.19733840592400997 0.6999001490815918 0.1715391405721919 
0.30577572470432934 0.6999863492871042 0.14160155923559523 
0.5653767962754231 0.5841514249080882 0.1541706489686369 
0.5622742143071409 0.5970687441890552 0.16585106202213 
0.3329648589308727 0.6994805445714724 0.18891519094763196 
0.43050114457980815 0.6954550889329956 0.1871452684137406 
0.5426712179663756 0.627683451414692 0.17201552880992185 
0.36658019395172226 0.6999600644176966 0.14463406841510895 
0.5582071272241725 0.6045358646661856 0.16227926489593367 
0.3902328246268546 0.6999322793364271 0.1444844373336245 
0.3786904937862401 0.6995945842683604 0.17936985564106322 
0.5468235525858122 0.6510467486760539 0.16719891406858325 
0.4006550564204201 0.6991446232065514 0.18283859912556819 
0.5004792456332043 0.6996257007679747 0.15601652472764216 
0.16605918828704336 0.6999529348428981 0.17249245670951657 
0.4235395330668482 0.6999043203059151 0.1642251666570832 
0.5411774660108601 0.636848740558096 0.16934864702701258 
0.5409698428055815 0.6913663673463808 0.17393705515913271 
0.49420999929240195 0.6993249923947711 0.1645324931260245 
0.5426515741878422 0.6699606910626429 0.16595974407140895 
0.5375246865138419 0.6983159677776839 0.18266245562611552 
0.4036292437882324 0.6996454235819389 0.16698667411211807 
0.5255916171847402 0.6980749666832442 0.1861099329086828 
0.4774807081366734 0.6996153036836013 0.15778433227130598 
0.37630814425378456 0.6998904123023291 0.1765291525370283 
0.31548311476337365 0.699984332818419 0.1499081380736933 
0.5347337469125452 0.6801011543841524 0.19287170689615768 
0.4511831453847469 0.6995917090560339 0.17580071386307577 
0.45994941971978576 0.6995898273907379 0.1646980526820634 
0.5533508352508715 0.605949291400578 0.16532411957757845 
0.4145802981135265 0.6833269799523805 0.19960083918961455 
0.5045199867921902 0.698882705275583 0.17816006515821334 
0.5514039885116255 0.6693420546021973 0.1545140613531758 
0.5631096578955983 0.5739529226893704 0.15655819280386754 
0.5485030997580148 0.634519966747656 0.1609608607809547 
0.5385473929414131 0.6553157034022961 0.1869126153688905 
0.4422468717468949 0.6998619032439392 0.14718886574285261 
0.44299841746069646 0.684971353844058 0.19102705807306358 
0.49571403931221114 0.6637552739435911 0.19915117540076727 
0.45333500919081804 0.6944823031572179 0.1879002829942771 
0.42273582107414165 0.6854853598816106 0.19124988171156782 
0.5079967142756838 0.6843712130628801 0.18848635053989177 
0.5480983581016214 0.6767304742015088 0.1641343178239146 
0.5251463336811191 0.698060663067404 0.15990540911522527 
0.3334676848637159 0.6999584047476214 0.13357925601108533 
0.21239927188300445 0.6999795927032424 0.10979222579863719 
0.5507652958403273 0.5933282224911257 0.16030037937619995 
0.5620794563108709 0.5894421797737947 0.15180850406247173 
0.54267711018518 0.6435940158542515 0.1409901310955487 
0.4916008778014971 0.699477584603766 0.1482596785741851 
0.4407925869214415 0.6995952808625702 0.13891905858665615 
0.5470027746959436 0.6158046782151868 0.15752831448701263 
0.27188051580604866 0.6998923247199288 0.1514448577438849 
0.4683148982429164 0.6990809279326528 0.150708712644888 
0.13142999534980104 0.6999722486921869 0.14218609123513926 
0.32732812119973786 0.6978332883531251 0.17612598100742172 
0.5475917162996998 0.6033400428715184 0.15265074218349473 
0.49216632793458204 0.6991686744455072 0.14236253852639996 
0.40823445963798444 0.6994910874493947 0.15904961380315005 
0.2352957891377343 0.6999662932850736 0.1464665957491641 
0.5453430431872867 0.6274871148781357 0.16390059576333912 
0.30591934607590376 0.6999501242165524 0.13395412816672164 
0.3181813255594146 0.6976855393092289 0.1871797174911623 
0.23348251572812662 0.6999758243420172 0.12378895634253045 
0.3832130550592048 0.6997385477423452 0.15961103907526536 
0.5611238742276443 0.5906687062887818 0.1519133498087049 
0.4047530366754468 0.6996061543335355 0.12883383579498178 
0.36924689213907547 0.6998502303287482 0.1331078177500389 
0.540649762906652 0.6582293243190795 0.1418336386117348 
0.42970987934385896 0.6991568651768257 0.17201288455669897 
0.3835641481138302 0.6997988478499747 0.1450100573641224 
0.38562976253645576 0.6997483414511794 0.1343234082602841 
0.5378554424494904 0.6241977411172527 0.16758692292519112 
0.13241685859866448 0.6997322712045133 0.16653348688588127 
0.4906201511155204 0.6492870678205482 0.1926626801644356 
0.5233399951978885 0.6580299197646706 0.18916051433992065 
0.35533844477627874 0.6998839602054423 0.15846025974361444 
0.327189234160163 0.6948883078661177 0.18396609201307007 
0.3760968719725416 0.6998431519958779 0.13286297719085582 
0.5123408552799366 0.666894920259639 0.1682456685112657 
0.3361743288173662 0.6995049438134339 0.1737939929107125 
0.2011441368148027 0.6995934633633796 0.16738972629340812 
0.5272837976852744 0.6135935901803564 0.1691128016348654 
0.5239119892286862 0.643051266574436 0.18897861933758853 
0.49672561421511663 0.6689586733643681 0.19130099188173127 
0.4513544312301644 0.6987521621051097 0.15583249415090095 
0.44654774751527215 0.6990066150029597 0.1745223210373495 
0.47799363193362343 0.698109408230195 0.16906416154735587 
0.48382660110335596 0.672533535416357 0.1904345321322711 
0.4946783051019117 0.6985170610454078 0.15607709846770082 
0.5114867327245023 0.6951863140707288 0.18338032231729043 
0.5424137151650883 0.6466034783588527 0.16669224167238397 
0.4708657742207317 0.6987314155895541 0.171126301497761 
0.5380947300242769 0.6900664064989408 0.16678538428979864 
0.42987305654775965 0.699463563298681 0.1563778547883889 
0.4356841167435894 0.6773147704768915 0.19029846047366436 
0.5025814695130228 0.6975892223563462 0.17978588730910175 
0.527398242088414 0.6774735153307587 0.1680778966577225 
0.5219210226701356 0.6917916776875506 0.16591885319068275 
0.3946350738025015 0.6996303258118794 0.16354332563292262 
0.5075644107601773 0.6838262141385489 0.18771993850633759 
