0.8538166791106037 2.3869951614910208 0.9249348092857024 
0.8261562585101511 2.6678917734832064 0.9098400161091104 
0.7032299044229327 3.5123479792344847 0.8645515124330178 
0.7231327918486699 4.122580590661591 0.8570090122416373 
0.786963115682966 3.1211270455602644 0.8967654876438786 
0.7584498173789611 3.1480135901011517 0.8813624822825612 
0.7303381596500096 3.6581122070894168 0.8569386824563645 
0.8625898985007117 2.0682014685348236 0.9249178760573707 
0.8189508907088112 2.9498987744293377 0.9098545207304679 
0.8519524891653065 1.8748698196138258 0.930983143023316 
0.7228397276166281 3.402536950993289 0.8702803579677046 
0.7540477586089872 3.307873537085848 0.8834579030282801 
0.8731188104491892 1.6467213358986201 0.9368248333202767 
0.7399266282766417 3.507897260323156 0.86342713131635 
0.9015832752143036 1.40059036722552 0.9510786284782335 
0.8610220469119434 2.177507444270503 0.9248758987940932 
0.7061246689708727 3.5123479792344847 0.8641351292458306 
0.786963115682966 3.1211270455602644 0.8967654876438786 
0.9007834634660268 1.433352312093166 0.9510297852573616 
0.7439241600825557 3.440532445692977 0.8623234711679224 
0.8546167559252124 1.916489754340717 0.9276260519037819 
0.7303381596500096 3.6581122070894168 0.8569386824563645 
0.8625821257070667 1.717977465348404 0.927520888916898 
0.7279302725696329 3.898112751340173 0.8559805640813976 
0.7231327918486699 3.4097341790246958 0.8672151201665784 
0.837822791597681 2.6468533290016203 0.9184859146622666 
0.8189508907088112 2.9498987744293377 0.9098545207304679 
0.8261562585101511 2.6678917734832064 0.9098400161091104 
0.7548275026424736 3.2076785791576894 0.883568494581157 
0.8618221237265521 2.1223931214988947 0.9249590428639415 
0.786963115682966 3.1211270455602644 0.8967654876438786 
0.7231327918486699 4.122580590661591 0.8570090122416373 
0.8855462773978815 1.524229686474356 0.9439566627483599 
0.7231327918486699 3.4097341790246958 0.8672151201665784 
0.7391266793615925 3.6242333691243864 0.8633667749672276 
0.8261562585101511 2.6678917734832064 0.9098400161091104 
0.837822791597681 2.6468533290016203 0.9184859146622666 
0.8197510103236053 2.8652197950867366 0.9099510320974011 
0.9007834634660268 1.433352312093166 0.9510297852573616 
0.7303381596500096 3.6581122070894168 0.8569386824563645 
0.8189508907088112 2.9498987744293377 0.9098545207304679 
0.7231327918486699 4.122580590661591 0.8570090122416373 
0.7303381596500096 3.6581122070894168 0.8569386824563645 
0.8625898985007117 2.0682014685348236 0.9249178760573707 
0.7231327918486699 3.4097341790246958 0.8672151201665784 
0.8200803735486646 2.7772424321506435 0.909461512284924 
0.7877632352977599 3.0290328486534768 0.896865597258204 
0.8434203491332528 2.463680444229458 0.9175738588153179 
0.8844146229031072 1.5646434736915147 0.9443241146192811 
0.9007834634660268 1.433352312093166 0.9510297852573616 
0.7439241600825557 3.440532445692977 0.8623234711679224 
0.7391266793615925 3.6242333691243864 0.8633667749672276 
0.7231327918486699 3.4097341790246958 0.8672151201665784 
0.8586141598315669 2.2873854341729705 0.9239147890746446 
0.7279302725696329 3.898112751340173 0.8559805640813976 
0.8586141598315669 1.887928021084099 0.9255054362019441 
0.9007834634660268 1.433352312093166 0.9510297852573616 
0.7303381596500096 3.6581122070894168 0.8569386824563645 
0.8618221237265521 1.7598154045950827 0.9265643745881755 
0.8189508907088112 2.9498987744293377 0.9098545207304679 
0.8261562585101511 2.6678917734832064 0.9098400161091104 
0.786963115682966 3.1211270455602644 0.8967654876438786 
0.7231327918486699 4.122580590661591 0.8570090122416373 
0.9007834634660268 1.433352312093166 0.9510297852573616 
0.8200803735486646 2.7772424321506435 0.909461512284924 
0.8197510103236053 2.8652197950867366 0.9099510320974011 
0.7231327918486699 3.4097341790246958 0.8672151201665784 
0.8618221237265521 2.1223931214988947 0.9249590428639415 
0.8863460891461582 1.4889926714775616 0.9440081870266381 
0.8381911217833476 2.562822440130092 0.9176723229849609 
0.7447241089976049 3.333148489460283 0.8623830120048113 
0.7303381596500096 3.6581122070894168 0.8569386824563645 
0.786963115682966 3.1211270455602644 0.8967654876438786 
0.9007834634660268 1.433352312093166 0.9510297852573616 
0.8426202723186442 2.5316326658157697 0.9174864318552615 
0.7231327918486699 4.122580590661591 0.8570090122416373 
0.8200803735486646 2.7772424321506435 0.909461512284924 
0.786963115682966 3.1211270455602644 0.8967654876438786 
0.8618221237265521 2.1223931214988947 0.9249590428639415 
0.8625821257070667 1.717977465348404 0.927520888916898 
0.7231327918486699 3.4097341790246958 0.8672151201665784 
0.8189508907088112 2.9498987744293377 0.9098545207304679 
0.7303381596500096 3.6581122070894168 0.8569386824563645 
0.7447241089976049 3.333148489460283 0.8623830120048113 
0.8450281593990208 2.4051347611091956 0.9184586484067486 
0.8189508907088112 2.9498987744293377 0.9098545207304679 
0.8610220469119434 2.177507444270503 0.9248758987940932 
0.786963115682966 3.1211270455602644 0.8967654876438786 
0.7231327918486699 3.4097341790246958 0.8672151201665784 
0.7303381596500096 3.6581122070894168 0.8569386824563645 
0.8200803735486646 2.7772424321506435 0.909461512284924 
0.9079888312673665 1.3233076148537906 0.9510302183875121 
0.8531330857734837 1.7109102314942812 0.9327609151898634 
0.7391266793615925 3.6242333691243864 0.8633667749672276 
0.7231327918486699 4.122580590661591 0.8570090122416373 
0.8618221237265521 1.7598154045950827 0.9265643745881755 
0.786963115682966 3.1211270455602644 0.8967654876438786 
0.8261562585101511 2.6678917734832064 0.9098400161091104 
0.7231327918486699 3.4097341790246958 0.8672151201665784 
0.8189508907088112 2.9498987744293377 0.9098545207304679 
0.7303381596500096 3.6581122070894168 0.8569386824563645 
0.723932740763719 3.9802045979364613 0.8570717932297698 
0.7439241600825557 3.440532445692977 0.8623234711679224 
0.8426202723186442 2.5316326658157697 0.9174864318552615 
0.9007834634660268 1.433352312093166 0.9510297852573616 
