0.8429049761233565 2.4589055011942267 0.9170370047532607 
0.837822791597681 2.6468533290016203 0.9184859146622666 
0.9091927748075548 1.2150416118930745 0.9515200070102245 
0.7227103932344294 3.3870649779229414 0.8695657069023907 
0.8612805361989694 2.121730686067985 0.9246940978841948 
0.7234350815551739 3.9751820185770255 0.8566997241759265 
0.7303381596500096 3.6581122070894168 0.8569386824563645 
0.9145304177126692 0.7293376777062756 0.9544104915097534 
0.7876135253342534 3.01637423743514 0.8961576877860091 
0.7391266793615925 3.6242333691243864 0.8633667749672276 
0.8685613741125912 1.668759712898314 0.9374131982846201 
0.7588452393299504 3.1480135901011517 0.8825048527208168 
0.8237483714297744 2.815087259198218 0.9088632648677092 
0.7303381596500096 3.6581122070894168 0.8569386824563645 
0.8441976400241208 2.4051347611091956 0.9181850282585412 
0.8606266249609542 2.177507444270503 0.9247488557569707 
0.8895870566740672 1.507120833137795 0.9434915098282527 
0.7231327918486699 3.4097341790246958 0.8672151201665784 
0.837822791597681 2.6468533290016203 0.9184859146622666 
0.7391266793615925 3.6242333691243864 0.8633667749672276 
0.884789575953104 1.5646434736915147 0.9444540770762633 
0.8189508907088112 2.9498987744293377 0.9098545207304679 
0.7231327918486699 4.122580590661591 0.8570090122416373 
0.7540477586089872 3.307873537085848 0.8834579030282801 
0.7876135253342534 3.01637423743514 0.8961576877860091 
0.7303381596500096 3.6581122070894168 0.8569386824563645 
0.837822791597681 2.6468533290016203 0.9184859146622666 
0.7391266793615925 3.6242333691243864 0.8633667749672276 
0.8189508907088112 2.9498987744293377 0.9098545207304679 
0.8895870566740672 1.507120833137795 0.9434915098282527 
0.7540477586089872 3.307873537085848 0.8834579030282801 
0.884789575953104 1.5646434736915147 0.9444540770762633 
0.8426202723186442 2.5316326658157697 0.9174864318552615 
0.8538166791106037 1.9645189150804176 0.9277163911825183 
0.7279302725696329 3.898112751340173 0.8559805640813976 
0.7220599835831418 3.5123479792344847 0.8701683877697307 
0.7876135253342534 3.01637423743514 0.8961576877860091 
0.7909464923871866 2.974590827885427 0.8955175697536579 
0.884789575953104 1.5646434736915147 0.9444540770762633 
0.7548859720403168 3.1911615886770615 0.8828175994604999 
0.8580642907185442 2.2873854341729705 0.9237373394867909 
0.7394289690680966 3.503781766101578 0.8630562756118155 
0.8426202723186442 2.5316326658157697 0.9174864318552615 
0.7231327918486699 3.4097341790246958 0.8672151201665784 
0.9007834634660268 1.433352312093166 0.9510297852573616 
0.7231327918486699 4.122580590661591 0.8570090122416373 
0.8189508907088112 2.9498987744293377 0.9098545207304679 
0.7303381596500096 3.6581122070894168 0.8569386824563645 
0.837822791597681 2.6468533290016203 0.9184859146622666 
0.7220599835831418 3.5123479792344847 0.8701683877697307 
0.7540477586089872 3.307873537085848 0.8834579030282801 
0.7231327918486699 4.122580590661591 0.8570090122416373 
0.8685613741125912 1.668759712898314 0.9374131982846201 
0.7394289690680966 3.503781766101578 0.8630562756118155 
0.8895870566740672 1.507120833137795 0.9434915098282527 
0.8534212571596145 2.3869951614910208 0.9248062315044314 
0.7303381596500096 3.6581122070894168 0.8569386824563645 
0.8426202723186442 2.5316326658157697 0.9174864318552615 
0.8237483714297744 2.815087259198218 0.9088632648677092 
0.786963115682966 3.1211270455602644 0.8967654876438786 
0.837822791597681 2.6468533290016203 0.9184859146622666 
0.8523479111162957 1.8748698196138258 0.9311237720391485 
0.7394289690680966 3.503781766101578 0.8630562756118155 
0.8426202723186442 2.5316326658157697 0.9174864318552615 
0.7540477586089872 3.307873537085848 0.8834579030282801 
0.786963115682966 3.1211270455602644 0.8967654876438786 
0.7231327918486699 4.122580590661591 0.8570090122416373 
0.7303381596500096 3.6581122070894168 0.8569386824563645 
0.8189508907088112 2.9498987744293377 0.9098545207304679 
0.7220599835831418 3.5123479792344847 0.8701683877697307 
0.8895870566740672 1.507120833137795 0.9434915098282527 
0.837822791597681 2.6468533290016203 0.9184859146622666 
0.884789575953104 1.5646434736915147 0.9444540770762633 
0.7394289690680966 3.503781766101578 0.8630562756118155 
0.724992933504617 3.3372606747014393 0.8685646792880365 
0.786963115682966 3.1211270455602644 0.8967654876438786 
0.7279302725696329 3.898112751340173 0.8559805640813976 
0.8261562585101511 2.6678917734832064 0.9098400161091104 
0.7588452393299504 3.1480135901011517 0.8825048527208168 
0.884789575953104 1.5646434736915147 0.9444540770762633 
0.7303381596500096 3.6581122070894168 0.8569386824563645 
0.8534212571596145 2.3869951614910208 0.9248062315044314 
0.837822791597681 2.6468533290016203 0.9184859146622666 
0.8426202723186442 2.5316326658157697 0.9174864318552615 
0.8895870566740672 1.507120833137795 0.9434915098282527 
0.7303381596500096 3.6581122070894168 0.8569386824563645 
0.786963115682966 3.1211270455602644 0.8967654876438786 
0.7227103932344294 3.3870649779229414 0.8695657069023907 
0.8895870566740672 1.507120833137795 0.9434915098282527 
0.8612805361989694 2.121730686067985 0.9246940978841948 
0.8426202723186442 2.5316326658157697 0.9174864318552615 
0.7588452393299504 3.1480135901011517 0.8825048527208168 
0.7391266793615925 3.6242333691243864 0.8633667749672276 
0.8189508907088112 2.9498987744293377 0.9098545207304679 
0.837822791597681 2.6468533290016203 0.9184859146622666 
0.8571453918372589 1.8027848866181277 0.9301823736209119 
0.7231327918486699 4.122580590661591 0.8570090122416373 
0.901325548779455 1.381508879797701 0.9489280004970047 
0.7540477586089872 3.307873537085848 0.8834579030282801 
0.8685613741125912 1.668759712898314 0.9374131982846201 
0.8426202723186442 2.5316326658157697 0.9174864318552615 
0.837822791597681 2.6468533290016203 0.9184859146622666 
0.7303381596500096 3.6581122070894168 0.8569386824563645 
0.7394289690680966 3.503781766101578 0.8630562756118155 
0.8237483714297744 2.815087259198218 0.9088632648677092 
