0.7303381596500096 3.6581122070894168 0.8569386824563645 
0.7231327918486699 4.122580590661591 0.8570090122416373 
0.7917605964039292 2.974590827885427 0.895796450179262 
0.7540477586089872 3.307873537085848 0.8834579030282801 
0.786963115682966 3.1211270455602644 0.8967654876438786 
0.8189508907088112 2.9498987744293377 0.9098545207304679 
0.8523479111162957 1.8748698196138258 0.9311237720391485 
0.9104602703433156 1.1164167132042704 0.9534882502544807 
0.8399732017136973 2.270475560962875 0.9250874524465856 
0.8590812229360294 1.8393468581478023 0.9260127670910493 
0.8426202723186442 2.5316326658157697 0.9174864318552615 
0.7231327918486699 3.4097341790246958 0.8672151201665784 
0.9003161334245832 1.433352312093166 0.9508709768263635 
0.7022133932651808 3.7727612498079743 0.857178599496381 
0.9032549025419758 1.1093950834050095 0.9552196115553302 
0.7220599835831418 3.5123479792344847 0.8701683877697307 
0.7391266793615925 3.6242333691243864 0.8633667749672276 
0.7588452393299504 3.1480135901011517 0.8825048527208168 
0.908052383262939 1.1646063454843805 0.9524959931756928 
0.8523479111162957 1.8748698196138258 0.9311237720391485 
0.7917605964039292 2.974590827885427 0.895796450179262 
0.7391266793615925 3.6242333691243864 0.8633667749672276 
0.7303381596500096 3.6581122070894168 0.8569386824563645 
0.7540477586089872 3.307873537085848 0.8834579030282801 
0.837822791597681 2.6468533290016203 0.9184859146622666 
0.9096898953423296 1.02620000177745 0.9550152733198692 
0.726857464304105 3.3372606747014393 0.8692242808731109 
0.7588452393299504 3.1480135901011517 0.8825048527208168 
0.786963115682966 3.1211270455602644 0.8967654876438786 
0.8586141598315669 1.887928021084099 0.926732086230577 
0.7231327918486699 3.4097341790246958 0.8672151201665784 
0.8399732017136973 2.270475560962875 0.9250874524465856 
0.7022133932651808 3.7727612498079743 0.857178599496381 
0.7279302725696329 3.898112751340173 0.8559805640813976 
0.9032549025419758 1.2073515080651513 0.9534558995816089 
0.8189508907088112 2.9498987744293377 0.9098545207304679 
0.908052383262939 1.1646063454843805 0.9524959931756928 
0.7220599835831418 3.5123479792344847 0.8701683877697307 
0.7231327918486699 3.4097341790246958 0.8672151201665784 
0.8590812229360294 1.8393468581478023 0.9260127670910493 
0.7391266793615925 3.6242333691243864 0.8633667749672276 
0.7540477586089872 3.307873537085848 0.8834579030282801 
0.8426202723186442 2.5316326658157697 0.9174864318552615 
0.8189508907088112 2.9498987744293377 0.9098545207304679 
0.7588452393299504 3.1480135901011517 0.8825048527208168 
0.868321329728226 1.7109102314942812 0.9377738899950666 
0.7279302725696329 3.898112751340173 0.8559805640813976 
0.7917605964039292 2.974590827885427 0.895796450179262 
0.7303381596500096 3.6581122070894168 0.8569386824563645 
0.7015967260085829 3.6648686349568274 0.8573153936963221 
0.786963115682966 3.1211270455602644 0.8967654876438786 
0.9096898953423296 1.02620000177745 0.9550152733198692 
0.8586141598315669 2.2873854341729705 0.9239147890746446 
0.9032533470911013 1.3233076148537906 0.9497530569648374 
0.8538166791106037 1.9645189150804176 0.9270603951752225 
0.7588452393299504 3.1480135901011517 0.8825048527208168 
0.7279302725696329 3.898112751340173 0.8559805640813976 
0.7917605964039292 2.974590827885427 0.895796450179262 
0.8796791387268419 1.5646434736915147 0.9429763936016512 
0.786963115682966 3.1211270455602644 0.8967654876438786 
0.837822791597681 2.6468533290016203 0.9184859146622666 
0.7022133932651808 3.7727612498079743 0.857178599496381 
0.8577836404566668 1.7225184288056274 0.9287105410359344 
0.907282008261953 1.0703260007365851 0.954008898559925 
0.8189508907088112 2.9498987744293377 0.9098545207304679 
0.7303381596500096 3.6581122070894168 0.8569386824563645 
0.7220599835831418 3.5123479792344847 0.8701683877697307 
0.7231327918486699 3.4097341790246958 0.8672151201665784 
0.7391266793615925 3.6242333691243864 0.8633667749672276 
0.9104602703433156 1.1164167132042704 0.9534882502544807 
0.868321329728226 1.7109102314942812 0.9377738899950666 
0.7540477586089872 3.307873537085848 0.8834579030282801 
0.7022133932651808 3.7727612498079743 0.857178599496381 
0.726857464304105 3.3372606747014393 0.8692242808731109 
0.9104602703433156 1.1164167132042704 0.9534882502544807 
0.8426202723186442 2.5316326658157697 0.9174864318552615 
0.8731188104491892 1.6467213358986201 0.9363286759665929 
0.7540477586089872 3.307873537085848 0.8834579030282801 
0.7303381596500096 3.6581122070894168 0.8569386824563645 
0.8590812229360294 1.8393468581478023 0.9260127670910493 
0.7391266793615925 3.6242333691243864 0.8633667749672276 
0.7231327918486699 4.122580590661591 0.8570090122416373 
0.9032549025419758 1.1093950834050095 0.9552196115553302 
0.7588452393299504 3.1480135901011517 0.8825048527208168 
0.786963115682966 3.1211270455602644 0.8967654876438786 
0.8535360288487263 2.3869951614910208 0.92484356520649 
0.7231327918486699 3.4097341790246958 0.8672151201665784 
0.7917605964039292 2.974590827885427 0.895796450179262 
0.868321329728226 1.7109102314942812 0.9377738899950666 
0.8189508907088112 2.9498987744293377 0.9098545207304679 
0.786963115682966 3.1211270455602644 0.8967654876438786 
0.9032549025419758 1.1093950834050095 0.9552196115553302 
0.7540477586089872 3.307873537085848 0.8834579030282801 
0.7917605964039292 2.974590827885427 0.895796450179262 
0.8755266975295657 1.5750304270502549 0.9378234172194786 
0.8426202723186442 2.5316326658157697 0.9174864318552615 
0.8586141598315669 2.2873854341729705 0.9239147890746446 
0.7231327918486699 4.122580590661591 0.8570090122416373 
0.7231327918486699 3.4097341790246958 0.8672151201665784 
0.7391266793615925 3.6242333691243864 0.8633667749672276 
0.8590812229360294 1.8393468581478023 0.9260127670910493 
0.908052383262939 1.1646063454843805 0.9524959931756928 
0.7588452393299504 3.1480135901011517 0.8825048527208168 
0.7303381596500096 3.6581122070894168 0.8569386824563645 
0.7022133932651808 3.7727612498079743 0.857178599496381 
