0.907798726971766 1.1163429407571577 0.9509064889178661 
0.7877673193794582 2.9509496276170792 0.8971498890590808 
0.8911468704028587 1.4426895702590532 0.9441065650395951 
0.8523274422153033 1.8748698196138258 0.9306410483564854 
0.7391266793615925 3.2142523253825526 0.8685355896459267 
0.837822791597681 2.6468533290016203 0.9184859146622666 
0.7228397276166282 3.402536950993289 0.8702803579677046 
0.9025567915397001 0.9948091611727534 0.9510098991419018 
0.8426202723186442 2.5316326658157697 0.9174864318552615 
0.7231327918486699 4.122580590661591 0.8570090122416373 
0.8189508907088112 2.9498987744293377 0.9098545207304679 
0.8610097913608384 1.721373659034872 0.924696483954729 
0.8551337449100971 2.256854252292934 0.924431862195982 
0.7352176794487781 3.307873537085848 0.8779366656474348 
0.7548275036893759 3.2076823145007656 0.8825684542768598 
0.7391266793615925 3.6242333691243864 0.8633667749672276 
0.7447241089976049 3.333148489460283 0.8623830120048113 
0.7391266793615925 3.2142523253825526 0.8685355896459267 
0.9063807559352667 1.3501190692153213 0.9500968596708398 
0.837822791597681 2.6468533290016203 0.9184859146622666 
0.8189508907088112 2.9498987744293377 0.9098545207304679 
0.7877632352977599 3.0290328486534768 0.896865597258204 
0.8582187378805777 1.887928021084099 0.9264165526490316 
0.7399266282766417 3.507897260323156 0.86342713131635 
0.9077946691537965 1.138567481374705 0.9506264532716607 
0.7231327918486699 3.4097341790246958 0.8672151201665784 
0.8523274422153033 1.8748698196138258 0.9306410483564854 
0.9018906449287966 1.1072839758237443 0.9511213643163727 
0.7447241089976049 3.333148489460283 0.8623830120048113 
0.7279302725696329 3.898112751340173 0.8559805640813976 
0.7548275036893759 3.2076823145007656 0.8825684542768598 
0.8431806366733603 2.463680444229458 0.9174947717197394 
0.7228397286635306 3.4025410403163288 0.8693152179466762 
0.868321329728226 1.7109102314942812 0.9372830746074848 
0.9015832752143036 1.40059036722552 0.9510786284782335 
0.8189508907088112 2.9498987744293377 0.9098545207304679 
0.9018906449287966 1.1072839758237443 0.9511213643163727 
0.7391266793615925 3.6242333691243864 0.8633667749672276 
0.8586141598315669 2.2873854341729705 0.9239147890746446 
0.907798726971766 1.1163429407571577 0.9509064889178661 
0.837822791597681 2.6468533290016203 0.9184859146622666 
0.8604781066297256 1.8434696886497297 0.9245032521676885 
0.7548275036893759 3.2076823145007656 0.8825684542768598 
0.7231327918486699 4.122580590661591 0.8570090122416373 
0.7447241089976049 3.333148489460283 0.8623830120048113 
0.786963115682966 3.1211270455602644 0.8967654876438786 
0.8590188146951863 1.8423294641396961 0.9265063084125184 
0.8573434908059746 1.7577526629977918 0.9293272629833109 
0.837822791597681 2.6468533290016203 0.9184859146622666 
0.7246894422084964 3.830038646752705 0.8565596046150991 
0.8189508907088112 2.9498987744293377 0.9098545207304679 
0.7228397286635306 3.4025410403163288 0.8693152179466762 
0.884789575953104 1.5646434736915147 0.9444540770762633 
0.7548275036893759 3.2076823145007656 0.8825684542768598 
0.786963115682966 3.1211270455602644 0.8967654876438786 
0.8431405618392662 2.4714078544074445 0.9179631518941028 
0.7391266793615925 3.6242333691243864 0.8633667749672276 
0.907798726971766 1.1163429407571577 0.9509064889178661 
0.8189508907088112 2.9498987744293377 0.9098545207304679 
0.9063807559352667 1.3501190692153213 0.9500968596708398 
0.907798726971766 1.1163429407571577 0.9509064889178661 
0.7391266793615925 3.6242333691243864 0.8633667749672276 
0.8604781066297256 2.024391137994781 0.9245003105505726 
0.7231327918486699 4.122580590661591 0.8570090122416373 
0.7220395146821494 3.5123479792344847 0.8701611406340704 
0.786963115682966 3.1211270455602644 0.8967654876438786 
0.854573380555381 1.7427051936887388 0.9294608532177486 
0.7548275036893759 3.2076823145007656 0.8825684542768598 
0.8596925828747798 1.9801325727187815 0.9245263681676302 
0.8386228684122896 2.574440308533835 0.9185742226402562 
0.8189508907088112 2.9498987744293377 0.9098545207304679 
0.7231327918486699 3.4097341790246958 0.8672151201665784 
0.7231327918486699 4.122580590661591 0.8570090122416373 
0.8538166791106037 2.3869951614910208 0.9249348092857024 
0.7877632352977599 3.0290328486534768 0.896865597258204 
0.868321329728226 1.7109102314942812 0.9372830746074848 
0.7439241600825557 3.440532445692977 0.8623234711679224 
0.7548275036893759 3.2076823145007656 0.8825684542768598 
0.907798726971766 1.1163429407571577 0.9509064889178661 
0.9063807559352667 1.3501190692153213 0.9500968596708398 
0.8386228684122896 2.574440308533835 0.9185742226402562 
0.868321329728226 1.7109102314942812 0.9372830746074848 
0.786963115682966 3.1211270455602644 0.8967654876438786 
0.723932740763719 3.9802045979364613 0.8570717932297698 
0.8189508907088112 2.9498987744293377 0.9098545207304679 
0.7228397286635306 3.4025410403163288 0.8693152179466762 
0.901587333032273 1.3726217906534601 0.9513586754945696 
0.907798726971766 1.1163429407571577 0.9509064889178661 
0.8586246550732602 2.228428870024958 0.9237440438647809 
0.7439241600825557 3.440532445692977 0.8623234711679224 
0.7548275036893759 3.2076823145007656 0.8825684542768598 
0.7548275036893759 3.2076823145007656 0.8825684542768598 
0.9077946691537965 1.138567481374705 0.9506264532716607 
0.8904293166034352 1.433352312093166 0.9471862956622845 
0.7391266793615925 3.6242333691243864 0.8633667749672276 
0.723932740763719 3.9802045979364613 0.8570717932297698 
0.868321329728226 1.7109102314942812 0.9372830746074848 
0.8546167559252124 2.32444562055081 0.9250198211904133 
0.786963115682966 3.1211270455602644 0.8967654876438786 
0.8189508907088112 2.9498987744293377 0.9098545207304679 
0.7231327918486699 4.122580590661591 0.8570090122416373 
0.9077946691537965 1.138567481374705 0.9506264532716607 
0.7399266282766417 3.507897260323156 0.86342713131635 
0.8189508907088112 2.9498987744293377 0.9098545207304679 
0.8538166791106037 2.3869951614910208 0.9249348092857024 
