0.7231327918486699 4.122580590661591 0.8570090122416373 
0.7303381596500096 3.6581122070894168 0.8569386824563645 
0.837822791597681 2.6468533290016203 0.9184859146622666 
0.7391266793615925 3.6242333691243864 0.8633667749672276 
0.8523479111162957 1.8748698196138258 0.9311237720391485 
0.7878989520646649 3.0313227371780966 0.896983652200191 
0.7231644614399144 3.3874522357022383 0.8697566092766362 
0.9087804072224881 1.2073515080651513 0.9542929338105548 
0.7588452393299504 3.1480135901011517 0.8825048527208168 
0.8426202723186442 2.5316326658157697 0.9174864318552615 
0.884789575953104 1.5646434736915147 0.9444540770762633 
0.8538166791106037 2.3869951614910208 0.9249348092857024 
0.8189508907088112 2.9498987744293377 0.9098545207304679 
0.8666111035880282 1.887928021084099 0.9270988215087917 
0.7231327918486699 4.122580590661591 0.8570090122416373 
0.861813622867065 1.9645189150804176 0.9281319397919031 
0.9092583682450563 1.1810528669792464 0.954305097054292 
0.8538166791106037 1.7904836699250848 0.9299575468275908 
0.7303381596500096 3.6581122070894168 0.8569386824563645 
0.8666111035880282 1.5750304270502549 0.9287274016382855 
0.8426202723186442 2.5316326658157697 0.9174864318552615 
0.7540477586089872 3.307873537085848 0.8834579030282801 
0.786963115682966 3.1211270455602644 0.8967654876438786 
0.837822791597681 2.6468533290016203 0.9184859146622666 
0.8450281593990208 2.4051347611091956 0.9184586484067486 
0.7391266793615925 3.6242333691243864 0.8633667749672276 
0.8198867270905104 2.867327214997215 0.9100655191292994 
0.7231327918486699 3.4097341790246958 0.8672151201665784 
0.8538166791106037 2.3869951614910208 0.9249348092857024 
0.9087804072224881 1.2073515080651513 0.9542929338105548 
0.7303381596500096 3.6581122070894168 0.8569386824563645 
0.9007834634660268 1.433352312093166 0.9510297852573616 
0.8523479111162957 1.8748698196138258 0.9311237720391485 
0.8189508907088112 2.9498987744293377 0.9098545207304679 
0.8666111035880282 1.887928021084099 0.9270988215087917 
0.7391266793615925 3.6242333691243864 0.8633667749672276 
0.7588452393299504 3.1480135901011517 0.8825048527208168 
0.786963115682966 3.1211270455602644 0.8967654876438786 
0.7231327918486699 3.4097341790246958 0.8672151201665784 
0.8426202723186442 2.5316326658157697 0.9174864318552615 
0.7279302725696329 3.898112751340173 0.8559805640813976 
0.837822791597681 2.6468533290016203 0.9184859146622666 
0.7231327918486699 3.4097341790246958 0.8672151201665784 
0.8426202723186442 2.5316326658157697 0.9174864318552615 
0.7391266793615925 3.6242333691243864 0.8633667749672276 
0.8538166791106037 2.3869951614910208 0.9249348092857024 
0.8538166791106037 1.7904836699250848 0.9299575468275908 
0.9087804072224881 1.2073515080651513 0.9542929338105548 
0.861813622867065 1.9645189150804176 0.9281319397919031 
0.8189508907088112 2.9498987744293377 0.9098545207304679 
0.8919949437544439 1.4427010747182154 0.9444826671472181 
0.7588452393299504 3.1480135901011517 0.8825048527208168 
0.786963115682966 3.1211270455602644 0.8967654876438786 
0.7303381596500096 3.6581122070894168 0.8569386824563645 
0.837822791597681 2.6468533290016203 0.9184859146622666 
0.7231327918486699 4.122580590661591 0.8570090122416373 
0.9087804072224881 1.2073515080651513 0.9542929338105548 
0.7540477586089872 3.307873537085848 0.8834579030282801 
0.7303381596500096 3.6581122070894168 0.8569386824563645 
0.7279302725696329 3.898112751340173 0.8559805640813976 
0.8666111035880282 1.887928021084099 0.9270988215087917 
0.7439241600825557 3.440532445692977 0.8623234711679224 
0.8189508907088112 2.9498987744293377 0.9098545207304679 
0.9007834634660268 1.433352312093166 0.9510297852573616 
0.837822791597681 2.6468533290016203 0.9184859146622666 
0.8538166791106037 2.3869951614910208 0.9249348092857024 
0.7231327918486699 3.4097341790246958 0.8672151201665784 
0.786963115682966 3.1211270455602644 0.8967654876438786 
0.7303381596500096 3.6581122070894168 0.8569386824563645 
0.9087804072224881 1.2073515080651513 0.9542929338105548 
0.8666111035880282 1.887928021084099 0.9270988215087917 
0.7391266793615925 3.6242333691243864 0.8633667749672276 
0.7279302725696329 3.898112751340173 0.8559805640813976 
0.8189508907088112 2.9498987744293377 0.9098545207304679 
0.837822791597681 2.6468533290016203 0.9184859146622666 
0.7540477586089872 3.307873537085848 0.8834579030282801 
0.9007834634660268 1.433352312093166 0.9510297852573616 
0.786963115682966 3.1211270455602644 0.8967654876438786 
0.7231327918486699 3.4097341790246958 0.8672151201665784 
0.8450281593990208 2.4051347611091956 0.9184586484067486 
0.8666111035880282 1.887928021084099 0.9270988215087917 
0.7303381596500096 3.6581122070894168 0.8569386824563645 
0.7391266793615925 3.6242333691243864 0.8633667749672276 
0.9092583682450563 1.1810528669792464 0.954305097054292 
0.837822791597681 2.6468533290016203 0.9184859146622666 
0.786963115682966 3.1211270455602644 0.8967654876438786 
0.7540477586089872 3.307873537085848 0.8834579030282801 
0.8586141598315669 2.2873854341729705 0.9239147890746446 
0.7231327918486699 4.122580590661591 0.8570090122416373 
0.8189508907088112 2.9498987744293377 0.9098545207304679 
0.9007834634660268 1.433352312093166 0.9510297852573616 
0.7220599835831418 3.5123479792344847 0.8701683877697307 
0.8586141598315669 1.7225184288056274 0.9289984091687021 
0.786963115682966 3.1211270455602644 0.8967654876438786 
0.7540477586089872 3.307873537085848 0.8834579030282801 
0.7231327918486699 3.4097341790246958 0.8672151201665784 
0.8450281593990208 2.4051347611091956 0.9184586484067486 
0.8189508907088112 2.9498987744293377 0.9098545207304679 
0.837822791597681 2.6468533290016203 0.9184859146622666 
0.7303381596500096 3.6581122070894168 0.8569386824563645 
0.7279302725696329 3.898112751340173 0.8559805640813976 
0.9087804072224881 1.2073515080651513 0.9542929338105548 
0.8666111035880282 1.887928021084099 0.9270988215087917 
0.7391266793615925 3.6242333691243864 0.8633667749672276 
0.7231327918486699 4.122580590661591 0.8570090122416373 
