0.8205116227757613 2.4442796141189054 0.9166914827886873 
0.8958756795251142 1.381508879797701 0.9459595723139426 
0.8515183485030828 2.177507444270503 0.9225241283858894 
0.7877632352977599 3.0290328486534768 0.896865597258204 
0.8434503951380031 1.748183371767489 0.9279520171508545 
0.7220395146821494 3.5123479792344847 0.8701611406340704 
0.8397422589426972 2.5316326658157697 0.9153277570966002 
0.8993513632860032 1.131893846617306 0.9501839616688139 
0.7391266793615925 3.6242333691243864 0.8633667749672276 
0.8189508907088112 2.9498987744293377 0.9098545207304679 
0.7231327918486699 4.122580590661591 0.8570090122416373 
0.7588247704289579 3.1480135901011517 0.8824977021144019 
0.9059497134814314 1.097611841263664 0.9508357084525301 
0.8397422589426972 2.5316326658157697 0.9153277570966002 
0.8430491639978697 1.8292518020334874 0.9277101506707085 
0.7439241600825557 3.440532445692977 0.8623234711679224 
0.8357056985404071 2.270475560962875 0.9233103178879758 
0.7231327918486699 3.4097341790246958 0.8672151201665784 
0.8956633457867206 1.3538996652271442 0.9461919489040451 
0.786963115682966 3.1211270455602644 0.8967654876438786 
0.8189508907088112 2.9498987744293377 0.9098545207304679 
0.8205116227757613 2.4442796141189054 0.9166914827886873 
0.7588247704289579 3.1480135901011517 0.8824977021144019 
0.7279302725696329 3.898112751340173 0.8559805640813976 
0.8415964046552816 2.0747370413625834 0.9229050202042443 
0.786963115682966 3.1211270455602644 0.8967654876438786 
0.7588247704289579 3.1480135901011517 0.8824977021144019 
0.834944778221734 2.6468533290016203 0.916335354690723 
0.7285841838076481 3.7829123752218643 0.8564882620298497 
0.7391266793615925 3.6242333691243864 0.8633667749672276 
0.8397422589426972 2.5316326658157697 0.9153277570966002 
0.7231327918486699 3.4097341790246958 0.8672151201665784 
0.8430491639978697 1.8292518020334874 0.9277101506707085 
0.8189508907088112 2.9498987744293377 0.9098545207304679 
0.9025523791675669 1.1646063454843805 0.948784834802763 
0.909550634489799 0.9411928914444857 0.9510480098745355 
0.7231327918486699 3.4097341790246958 0.8672151201665784 
0.7231327918486699 4.122580590661591 0.8570090122416373 
0.7439241600825557 3.440532445692977 0.8623234711679224 
0.8189508907088112 2.9498987744293377 0.9098545207304679 
0.8443129807017431 2.3869951614910208 0.9225370711852017 
0.8360492560785066 2.564838790696438 0.9159025847645272 
0.8430491639978697 1.8292518020334874 0.9277101506707085 
0.8397422589426972 2.5316326658157697 0.9153277570966002 
0.8906827768531618 1.433352312093166 0.9467941779685689 
0.786963115682966 3.1211270455602644 0.8967654876438786 
0.7588247704289579 3.1480135901011517 0.8824977021144019 
0.8189508907088112 2.9498987744293377 0.9098545207304679 
0.7877632352977599 3.0290328486534768 0.896865597258204 
0.8430491639978697 1.8292518020334874 0.9277101506707085 
0.834944778221734 2.6468533290016203 0.916335354690723 
0.7231327918486699 3.4097341790246958 0.8672151201665784 
0.7391266793615925 3.6242333691243864 0.8633667749672276 
0.7588247704289579 3.1480135901011517 0.8824977021144019 
0.8956047686001098 1.3539424363624035 0.9461625060556403 
0.8415964046552816 2.0747370413625834 0.9229050202042443 
0.8397422589426972 2.5316326658157697 0.9153277570966002 
0.7231327918486699 4.122580590661591 0.8570090122416373 
0.8189508907088112 2.9498987744293377 0.9098545207304679 
0.8630407204834787 1.6467213358986201 0.9334075581716608 
0.7279302725696329 3.898112751340173 0.8559805640813976 
0.7439241600825557 3.440532445692977 0.8623234711679224 
0.8763904898983722 1.463341503511998 0.9406584067828426 
0.786963115682966 3.1211270455602644 0.8967654876438786 
0.7231327918486699 3.4097341790246958 0.8672151201665784 
0.834944778221734 2.6468533290016203 0.916335354690723 
0.8515183485030828 2.177507444270503 0.9225241283858894 
0.8397422589426972 2.5316326658157697 0.9153277570966002 
0.7540272897079948 3.307873537085848 0.8834507378560542 
0.786963115682966 3.1211270455602644 0.8967654876438786 
0.7231327918486699 3.4097341790246958 0.8672151201665784 
0.9002847561361186 1.1770356619904678 0.9498228907510963 
0.8630407204834787 1.6467213358986201 0.9334075581716608 
0.834944778221734 2.6468533290016203 0.916335354690723 
0.7231327918486699 4.122580590661591 0.8570090122416373 
0.8515183485030828 2.177507444270503 0.9225241283858894 
0.7439241600825557 3.440532445692977 0.8623234711679224 
0.8197510103236053 2.8652197950867366 0.9099510320974011 
0.8397422589426972 2.5316326658157697 0.9153277570966002 
0.7588247704289579 3.1480135901011517 0.8824977021144019 
0.7231327918486699 4.122580590661591 0.8570090122416373 
0.834944778221734 2.6468533290016203 0.916335354690723 
0.7439241600825557 3.440532445692977 0.8623234711679224 
0.8515183485030828 2.177507444270503 0.9225241283858894 
0.8189508907088112 2.9498987744293377 0.9098545207304679 
0.8741594891282088 1.5646434736915147 0.9400060879821771 
0.7588247704289579 3.1480135901011517 0.8824977021144019 
0.786963115682966 3.1211270455602644 0.8967654876438786 
0.8397422589426972 2.5316326658157697 0.9153277570966002 
0.7231327918486699 3.4097341790246958 0.8672151201665784 
0.8590430515107923 1.670310466651279 0.9344004276330473 
0.834944778221734 2.6468533290016203 0.916335354690723 
0.903206290405582 1.1418085803209646 0.9493019330602019 
0.8189508907088112 2.9498987744293377 0.9098545207304679 
0.7279302725696329 3.898112751340173 0.8559805640813976 
0.7391266793615925 3.6242333691243864 0.8633667749672276 
0.7220395146821494 3.5123479792344847 0.8701611406340704 
0.7588247704289579 3.1480135901011517 0.8824977021144019 
0.786963115682966 3.1211270455602644 0.8967654876438786 
0.856749629032079 1.887928021084099 0.9256191472097798 
0.8397422589426972 2.5316326658157697 0.9153277570966002 
0.8515183485030828 2.177507444270503 0.9225241283858894 
0.7439241600825557 3.440532445692977 0.8623234711679224 
0.7588247704289579 3.1480135901011517 0.8824977021144019 
0.8397422589426972 2.5316326658157697 0.9153277570966002 
