0.7548479715434658 3.2076785791576894 0.8835756573668704 
0.837822791597681 2.6468533290016203 0.9184859146622666 
0.8674111804026369 1.8423294641396961 0.9271803000517701 
0.7228601965176205 3.402536950993289 0.8702876033368445 
0.7231333860536531 3.9795190745079028 0.8567308752632163 
0.8189508907088112 2.9498987744293377 0.9098545207304679 
0.786963115682966 3.1211270455602644 0.8967654876438786 
0.7391266793615925 3.6242333691243864 0.8633667749672276 
0.891229128351712 1.40059036722552 0.9467576902706085 
0.8586141598315669 2.2873854341729705 0.9239147890746446 
0.8535488968750617 1.7480964200848998 0.9309342163548229 
0.8426202723186442 2.5316326658157697 0.9174864318552615 
0.9001158750963586 1.0197633263486916 0.9515311565976289 
0.8426202723186442 2.5316326658157697 0.9174864318552615 
0.8523479111162957 1.8748698196138258 0.9306482859372721 
0.8666111035880282 1.887928021084099 0.9270988215087917 
0.9001158750963586 1.0197633263486916 0.9515311565976289 
0.8538166791106037 2.3869951614910208 0.9249348092857024 
0.7391266793615925 3.6242333691243864 0.8633667749672276 
0.7540477586089872 3.307873537085848 0.8834579030282801 
0.8749155178592429 1.5646434736915147 0.9402702315335475 
0.7279302725696329 3.898112751340173 0.8559805640813976 
0.7228601965176205 3.402536950993289 0.8702876033368445 
0.8189508907088112 2.9498987744293377 0.9098545207304679 
0.837822791597681 2.6468533290016203 0.9184859146622666 
0.786963115682966 3.1211270455602644 0.8967654876438786 
0.891229128351712 1.40059036722552 0.9467576902706085 
0.8582637086635079 1.7109102314942812 0.9343519824881238 
0.8666111035880282 1.887928021084099 0.9270988215087917 
0.7220599835831418 3.5123479792344847 0.8701683877697307 
0.837822791597681 2.6468533290016203 0.9184859146622666 
0.8586141598315669 2.2873854341729705 0.9239147890746446 
0.7540477586089872 3.307873537085848 0.8834579030282801 
0.7439241600825557 3.440532445692977 0.8623234711679224 
0.7231327918486699 4.122580590661591 0.8570090122416373 
0.786963115682966 3.1211270455602644 0.8967654876438786 
0.8426202723186442 2.5316326658157697 0.9174864318552615 
0.8189508907088112 2.9498987744293377 0.9098545207304679 
0.9001158750963586 1.0197633263486916 0.9515311565976289 
0.7391266793615925 3.6242333691243864 0.8633667749672276 
0.7588452393299504 3.1480135901011517 0.8825048527208168 
0.7231327918486699 4.122580590661591 0.8570090122416373 
0.8426202723186442 2.5316326658157697 0.9174864318552615 
0.8523479111162957 1.8748698196138258 0.9306482859372721 
0.8237483714297744 2.815087259198218 0.9088632648677092 
0.9057131675655985 0.962084018628441 0.9506146463230567 
0.891229128351712 1.40059036722552 0.9467576902706085 
0.837822791597681 2.6468533290016203 0.9184859146622666 
0.7231327918486699 3.4097341790246958 0.8672151201665784 
0.7917605964039292 2.974590827885427 0.8957964501792618 
0.8674111804026369 1.8423294641396961 0.9271803000517701 
0.8586141598315669 2.2873854341729705 0.9239147890746446 
0.8638610011327479 1.608007721974088 0.9334703364248681 
0.8426202723186442 2.5316326658157697 0.9174864318552615 
0.7540477586089872 3.307873537085848 0.8834579030282801 
0.7231333860536531 3.9795190745079028 0.8567308752632163 
0.7228601965176205 3.402536950993289 0.8702876033368445 
0.8666111035880282 1.887928021084099 0.9270988215087917 
0.837822791597681 2.6468533290016203 0.9184859146622666 
0.9001158750963586 1.0197633263486916 0.9515311565976289 
0.7391266793615925 3.6242333691243864 0.8633667749672276 
0.786963115682966 3.1211270455602644 0.8967654876438786 
0.8586141598315669 2.2873854341729705 0.9239147890746446 
0.8582637086635079 1.7109102314942812 0.9343519824881238 
0.8189508907088112 2.9498987744293377 0.9098545207304679 
0.8189508907088112 2.9498987744293377 0.9098545207304679 
0.8426202723186442 2.5316326658157697 0.9174864318552615 
0.7231327918486699 3.4097341790246958 0.8672151201665784 
0.786963115682966 3.1211270455602644 0.8967654876438786 
0.8594142366461754 2.228428870024958 0.9239985903743472 
0.9001158750963586 1.0197633263486916 0.9515311565976289 
0.837822791597681 2.6468533290016203 0.9184859146622666 
0.7439241600825557 3.440532445692977 0.8623234711679224 
0.8586680984607955 1.670310466651279 0.934266343416828 
0.8674111804026369 1.8423294641396961 0.9271803000517701 
0.899180278279346 1.2073515080651513 0.9502468248464674 
0.7548479715434658 3.2076785791576894 0.8835756573668704 
0.7231327918486699 4.122580590661591 0.8570090122416373 
0.9001158750963586 1.0197633263486916 0.9515311565976289 
0.7220599835831418 3.5123479792344847 0.8701683877697307 
0.8674111804026369 1.8423294641396961 0.9271803000517701 
0.8582637086635079 1.7109102314942812 0.9343519824881238 
0.8594142366461754 2.228428870024958 0.9239985903743472 
0.8749155178592429 1.5646434736915147 0.9402702315335475 
0.7391266793615925 3.6242333691243864 0.8633667749672276 
0.7540477586089872 3.307873537085848 0.8834579030282801 
0.7279302725696329 3.898112751340173 0.8559805640813976 
0.8189508907088112 2.9498987744293377 0.9098545207304679 
0.8426202723186442 2.5316326658157697 0.9174864318552615 
0.7917605964039292 2.974590827885427 0.8957964501792618 
0.837822791597681 2.6468533290016203 0.9184859146622666 
0.9001158750963586 1.0197633263486916 0.9515311565976289 
0.8674111804026369 1.8423294641396961 0.9271803000517701 
0.7540477586089872 3.307873537085848 0.8834579030282801 
0.837822791597681 2.6468533290016203 0.9184859146622666 
0.8426202723186442 2.5316326658157697 0.9174864318552615 
0.8594142366461754 2.228428870024958 0.9239985903743472 
0.7391266793615925 3.6242333691243864 0.8633667749672276 
0.8638610011327479 1.608007721974088 0.9334703364248681 
0.8582637086635079 1.7109102314942812 0.9343519824881238 
0.786963115682966 3.1211270455602644 0.8967654876438786 
0.7231333860536531 3.9795190745079028 0.8567308752632163 
0.7228601965176205 3.402536950993289 0.8702876033368445 
0.8189508907088112 2.9498987744293377 0.9098545207304679 
0.9001158750963586 1.0197633263486916 0.9515311565976289 
