0.7540477586089872 3.307873537085848 0.8834579030282801 
0.8245484910445685 2.7360320445887303 0.9089590631366999 
0.8666111035880282 1.887928021084099 0.9270988215087917 
0.7391266793615925 3.6242333691243864 0.8633667749672276 
0.7228601965176205 3.402536950993289 0.8702876033368445 
0.884789575953104 1.5646434736915147 0.9444540770762633 
0.7917605964039292 2.974590827885427 0.895796450179262 
0.7231327918486699 3.4097341790246958 0.8672151201665784 
0.786963115682966 3.1211270455602644 0.8967654876438786 
0.7231327918486699 4.122580590661591 0.8570090122416373 
0.8538166791106037 2.3869951614910208 0.9249348092857024 
0.8523479111162957 1.8748698196138258 0.9311237720391485 
0.9087804072224881 1.2073515080651513 0.9542929338105548 
0.7022543310671656 3.7727612498079743 0.8571930240969405 
0.7588452393299504 3.1480135901011517 0.8825048527208168 
0.8189508907088112 2.9498987744293377 0.9098545207304679 
0.7877632352977599 3.0290328486534768 0.896865597258204 
0.9087804072224881 1.2073515080651513 0.9542929338105548 
0.8523479111162957 1.8748698196138258 0.9311237720391485 
0.8586141598315669 2.2873854341729705 0.9239147890746446 
0.7588452393299504 3.1480135901011517 0.8825048527208168 
0.7022543310671656 3.7727612498079743 0.8571930240969405 
0.7540477586089872 3.307873537085848 0.8834579030282801 
0.7231327918486699 4.122580590661591 0.8570090122416373 
0.7391266793615925 3.6242333691243864 0.8633667749672276 
0.7220599835831418 3.5123479792344847 0.8701683877697307 
0.861813622867065 1.9645189150804176 0.9281319397919031 
0.8237483714297744 2.815087259198218 0.9088632648677092 
0.786963115682966 3.1211270455602644 0.8967654876438786 
0.8540085964932034 1.7109102314942812 0.9330766098388942 
0.8189508907088112 2.9498987744293377 0.9098545207304679 
0.7231327918486699 3.4097341790246958 0.8672151201665784 
0.75426733409236 3.202401152456069 0.8830896789961661 
0.837822791597681 2.6468533290016203 0.9184859146622666 
0.861813622867065 1.9645189150804176 0.9281319397919031 
0.7231327918486699 3.4097341790246958 0.8672151201665784 
0.7022543310671656 3.7727612498079743 0.8571930240969405 
0.7540477586089872 3.307873537085848 0.8834579030282801 
0.8538166791106037 2.3869951614910208 0.9249348092857024 
0.7220599835831418 3.5123479792344847 0.8701683877697307 
0.9087804072224881 1.2073515080651513 0.9542929338105548 
0.9007834634660268 1.433352312093166 0.9510297852573616 
0.7231327918486699 4.122580590661591 0.8570090122416373 
0.8523479111162957 1.8748698196138258 0.9311237720391485 
0.7917605964039292 2.974590827885427 0.895796450179262 
0.786963115682966 3.1211270455602644 0.8967654876438786 
0.7391266793615925 3.6242333691243864 0.8633667749672276 
0.8189508907088112 2.9498987744293377 0.9098545207304679 
0.7588452393299504 3.1480135901011517 0.8825048527208168 
0.7022543310671656 3.7727612498079743 0.8571930240969405 
0.786963115682966 3.1211270455602644 0.8967654876438786 
0.8538166791106037 2.3869951614910208 0.9249348092857024 
0.8189508907088112 2.9498987744293377 0.9098545207304679 
0.7233513597183779 3.9741292320078507 0.8566356227928735 
0.7231327918486699 3.4097341790246958 0.8672151201665784 
0.7540477586089872 3.307873537085848 0.8834579030282801 
0.8523479111162957 1.8748698196138258 0.9311237720391485 
0.7228601965176205 3.402536950993289 0.8702876033368445 
0.8850081438228121 1.526887025058845 0.9440849171418298 
0.9087804072224881 1.2073515080651513 0.9542929338105548 
0.7391266793615925 3.6242333691243864 0.8633667749672276 
0.861813622867065 1.9645189150804176 0.9281319397919031 
0.8538166791106037 2.3869951614910208 0.9249348092857024 
0.7540477586089872 3.307873537085848 0.8834579030282801 
0.7588452393299504 3.1480135901011517 0.8825048527208168 
0.7231327918486699 4.122580590661591 0.8570090122416373 
0.8523479111162957 1.8748698196138258 0.9311237720391485 
0.7022543310671656 3.7727612498079743 0.8571930240969405 
0.786963115682966 3.1211270455602644 0.8967654876438786 
0.7231327918486699 3.4097341790246958 0.8672151201665784 
0.9087804072224881 1.2073515080651513 0.9542929338105548 
0.861813622867065 1.9645189150804176 0.9281319397919031 
0.8189508907088112 2.9498987744293377 0.9098545207304679 
0.861813622867065 1.6357492015032022 0.9309746136211852 
0.7391266793615925 3.6242333691243864 0.8633667749672276 
0.7220599835831418 3.5123479792344847 0.8701683877697307 
0.7231327918486699 3.4097341790246958 0.8672151201665784 
0.884789575953104 1.5646434736915147 0.9444540770762633 
0.7233513597183779 3.9741292320078507 0.8566356227928735 
0.861813622867065 1.9645189150804176 0.9281319397919031 
0.8538166791106037 2.3869951614910208 0.9249348092857024 
0.8523479111162957 1.8748698196138258 0.9311237720391485 
0.7022543310671656 3.7727612498079743 0.8571930240969405 
0.7228601965176205 3.402536950993289 0.8702876033368445 
0.7588452393299504 3.1480135901011517 0.8825048527208168 
0.7391266793615925 3.6242333691243864 0.8633667749672276 
0.7540477586089872 3.307873537085848 0.8834579030282801 
0.8189508907088112 2.9498987744293377 0.9098545207304679 
0.9087804072224881 1.2073515080651513 0.9542929338105548 
0.786963115682966 3.1211270455602644 0.8967654876438786 
0.8538166791106037 2.3869951614910208 0.9249348092857024 
0.8523479111162957 1.8748698196138258 0.9311237720391485 
0.7231327918486699 3.4097341790246958 0.8672151201665784 
0.9087804072224881 1.2073515080651513 0.9542929338105548 
0.786963115682966 3.1211270455602644 0.8967654876438786 
0.861813622867065 1.9645189150804176 0.9281319397919031 
0.9007834634660268 1.433352312093166 0.9510297852573616 
0.7231327918486699 4.122580590661591 0.8570090122416373 
0.726857464304105 3.3372606747014393 0.8692242808731109 
0.8189508907088112 2.9498987744293377 0.9098545207304679 
0.7391266793615925 3.6242333691243864 0.8633667749672276 
0.7540477586089872 3.307873537085848 0.8834579030282801 
0.7588452393299504 3.1480135901011517 0.8825048527208168 
0.7022543310671656 3.7727612498079743 0.8571930240969405 
0.7220599835831418 3.5123479792344847 0.8701683877697307 
