0.7512511529684311 9.937514329513343 0.8974354616067396 
0.8129210537646877 6.793101904957845 0.9600441769848722 
0.8051029482144578 8.847845102795711 0.9293876357874489 
0.7502291804335399 10.234288148622868 0.8817472345497511 
0.8861057761126729 5.436297705692026 0.9515141469438021 
0.7292664901513319 10.123378545566108 0.9154358407621389 
0.7069511831827611 10.89686547782988 0.8924003317863869 
0.7709216363723623 9.569426767463499 0.9201008493542501 
0.8391519161369745 6.718544364991109 0.9522914728873737 
0.7238803769366693 10.731166119472366 0.8693597158811867 
0.8806249665815572 6.713498164179486 0.9391629717990532 
0.7304837336517086 9.544990779104506 0.9374756505672892 
0.7757238851566074 9.970903802624347 0.8780008980997719 
0.7098222430329024 11.409212366617325 0.8489819912035458 
0.8962994225622546 5.681775234409471 0.9390923769418549 
0.8617584305668368 5.538190278622452 0.9689641129143323 
0.7729432500704867 9.083640681429166 0.945282782920735 
0.9186920756077074 3.205091924564586 0.9662331128969255 
0.8502999409981201 7.9230897982953845 0.9329070104358402 
0.7295607387469045 10.417709715071794 0.8962080071969452 
0.7828068984921666 9.449313305372828 0.9024196088731218 
0.7039659515846317 11.407440416740295 0.8583029940504607 
0.9157596649490224 4.348990688790432 0.9526347398975115 
0.7885716489850618 9.842505358709722 0.8843723402258105 
0.8509937915784855 7.995283012399766 0.9142369874738082 
0.8192274179856345 8.388644314616737 0.9094020829562202 
0.8055781914748811 8.106776863798459 0.952301673272712 
0.7066535971996044 11.051582019385059 0.87618841075538 
0.7145809945121859 11.227168212853243 0.8455563036806655 
0.7273047929770688 10.731166119472366 0.8527631838258122 
0.7541686423633582 10.419190663415588 0.8705537823633259 
0.707268848264853 10.129031400338127 0.9338998376773788 
0.8799728634068592 4.423170698610145 0.9696228438791228 
0.8136645848043393 9.067598495286736 0.8972166701714711 
0.707268848264853 10.41919066341559 0.9116760621055652 
0.7372851585859683 10.411046174186914 0.8830133433109237 
0.8282873804014741 8.208800918494354 0.9131296509758176 
0.7120589403540389 11.409212366617325 0.8479671343714118 
0.807220365391355 9.314489049501864 0.9001173982143742 
0.7105679599733632 11.050798962670392 0.8762713151233625 
0.707268848264853 10.129031400338127 0.9338998376773788 
0.7292472329050521 10.576135128118793 0.8961945863566169 
0.7536290172200983 10.12337854556611 0.8748555078626276 
0.8502999409981201 8.108662295477037 0.914523321354907 
0.7885716489850618 9.842505358709722 0.8843723402258105 
0.7961808396940604 9.302782458673036 0.9213462234674087 
0.9157596649490224 4.348990688790432 0.9526347398975115 
0.8967253874007344 5.435116233806433 0.9412262274678538 
0.7276397677711081 9.326133577159721 0.9384253850643188 
0.75110246352375 10.102264669254359 0.8975797390558831 
0.707268848264853 10.41919066341559 0.9116760621055652 
0.7499406221836367 10.405103274110944 0.8821834025916034 
0.7113878234414459 11.040314365647983 0.8544221626121019 
0.8138943351621631 8.937958918139556 0.8971333295455092 
0.8074740834005011 7.0866315195888 0.9583586476350128 
0.7145809945121859 11.227168212853243 0.8455563036806655 
0.791838667769446 8.631289515010014 0.948418762239139 
0.8502999409981201 6.933864504413372 0.9343947971680975 
0.713734397289644 10.890405917258706 0.8892782561196694 
0.78414551735264 9.4420360686572 0.9204527893312481 
0.7272112567543856 10.729582507571687 0.8628703669736979 
0.8689924868184196 4.900652796129166 0.9595791268691871 
0.862474583182608 5.486567693635195 0.9690266696698432 
0.8449886923529807 6.718935830450429 0.936426539306603 
0.7273047929770688 11.054028272018561 0.8508632759870175 
0.8449886923529807 7.316970708227529 0.9359545899140661 
0.8837781622110127 5.735983356153955 0.9418278628667841 
0.7372851585859683 10.411046174186914 0.8830133433109237 
0.9315383506056667 3.036300893382433 0.9624696043171888 
0.7241738724258513 10.266444851726899 0.9095851259440174 
0.8051029482144578 8.217780743443807 0.9523778296623382 
0.8051029482144578 8.847845102795711 0.9293876357874489 
0.707268848264853 10.41919066341559 0.9116760621055652 
0.8136645848043393 9.067598495286736 0.8972166701714711 
0.7375706205068173 9.825522650023265 0.9002559324206085 
0.7145809945121859 11.227168212853243 0.8455563036806655 
0.707268848264853 10.129031400338127 0.9338998376773788 
0.8237318351837397 6.39069905521581 0.9611328351879226 
0.8802570864005779 6.4510505474676645 0.9405389416872613 
0.7692924671812911 9.709939884285955 0.9032907393302466 
0.7591703300999624 9.708619970523342 0.9134143243181453 
0.8292348970042739 8.116245877176159 0.9311171455300774 
0.7595812083082595 10.11565041122288 0.8868169350456285 
0.8863650296880329 4.341482158902905 0.9630963738798162 
0.8046701353723249 9.444329718102992 0.9085141287968569 
0.7109379704143568 10.887263671277676 0.9020231049610662 
0.7340003093266073 9.978393700289027 0.9110592789597827 
0.9050821146438051 5.153053675360502 0.9451126619165441 
0.9298927046672807 3.1419431163812135 0.9619814611799657 
0.7620035775177654 10.116309095758908 0.8703329502596413 
0.8482495470448117 6.202749575759097 0.9652080752099418 
0.8502999409981201 8.108662295477037 0.914523321354907 
0.7098222430329024 11.409212366617325 0.8489819912035458 
0.8851038529857561 5.677057162272799 0.9418947070538342 
0.8226865004117986 7.316516236129943 0.9499149139997825 
0.8318796922925444 7.012239259404946 0.9588504022173412 
0.7885716489850618 9.842505358709722 0.8843723402258105 
0.7295650011276298 10.728107462850044 0.8624396522657753 
0.7372851585859683 10.411046174186914 0.8830133433109237 
0.7274467722170788 9.847876271637253 0.9373238632833729 
0.8190566593967181 8.706382538571958 0.9101098707027874 
0.9157596649490224 4.0951101953643665 0.9531915755514601 
0.7098927322146901 11.405789970741145 0.8583722523486703 
0.8408544668849058 8.204930148867065 0.9164772875366374 
0.7372851585859683 10.411046174186914 0.8830133433109237 
