0.8502999409981201 8.108662295477037 0.9199745496765728 
0.7201541319458811 10.72827253267858 0.8638558636175103 
0.8200020563568072 6.924380812634598 0.9568446338924247 
0.7980127115708211 8.62933903189365 0.9510369873970252 
0.7279443332621859 9.326133577159721 0.9383180784089435 
0.7219685082727003 10.123378545566108 0.9185812562519389 
0.7702410827271009 9.970361153050813 0.8978144944254767 
0.7495358557413712 10.264984214045693 0.8935983049890832 
0.8857546317412491 6.075496233330582 0.9426130639098466 
0.7168863876486765 10.72827253267858 0.8673556105494511 
0.9105985434685988 3.9462557032746792 0.9494504865390773 
0.7349052605754631 10.419190663415588 0.8587979463257235 
0.7623173120549892 8.9504997061641 0.9432552243016918 
0.7501554287109674 9.319026843446014 0.9231900105716051 
0.7580099719246597 10.404558055538734 0.8671697208997972 
0.7404034284167402 10.416448914743816 0.8713876941360711 
0.8764819475446732 7.070988396049797 0.929285576841711 
0.704705088547741 11.409212366617325 0.8515946506720312 
0.8881844907825108 4.58227433140049 0.9576941742493722 
0.7068463864546483 9.974918773225122 0.9337231036780368 
0.7805682682960745 9.958961576011115 0.8810456148952898 
0.8406450342425017 4.815864373724545 0.962852648411268 
0.7501701489237437 9.707528105138463 0.9066808725280018 
0.7067875414355705 10.893719817271268 0.9029794288278935 
0.8562352098297797 6.246891428323569 0.9524430634337909 
0.7845961867471669 8.846099644568357 0.9309216897512959 
0.7072339160221487 10.89686547782988 0.8883605401581397 
0.735976358230904 11.052356299305343 0.8547395214296122 
0.7295299657444398 10.576135128118793 0.8921607103490826 
0.7024377074966236 11.405789970741145 0.8660710673023511 
0.7292138793614475 10.573156769244909 0.9067008491736442 
0.813142594599638 8.957730489986384 0.915975488347615 
0.7076786639664364 10.256921999471885 0.9142881179753919 
0.9060254636361306 4.530887122121942 0.9466341527958997 
0.758202899904667 10.254965336649104 0.8773157750984533 
0.8504216719646488 7.001535293431077 0.9320330555505912 
0.7069114417339122 11.057434016926557 0.867310097825414 
0.8076777594442639 9.43208751035648 0.8928195164572722 
0.8245011947187713 7.9128969692663444 0.9380330061463634 
0.8667743152637368 4.307094206897256 0.9657648930559549 
0.7747220115618509 9.447017466782636 0.9106679389496642 
0.7747220115618509 9.704704657907577 0.8996405408785006 
0.7387589143311524 9.707875481818421 0.9121942513216773 
0.7080676682526836 10.24651115101313 0.914272077277422 
0.8333946232247971 5.331860549006916 0.9549743351995117 
0.9055633098999389 3.616963931457124 0.9690755183677593 
0.8342312731641801 7.7379491152444855 0.9302700788035132 
0.7804689297308842 10.115506843074662 0.8811402546486787 
0.8274933357958427 7.238746698419202 0.9437011858234766 
0.7972987838605525 8.845805931261703 0.9331782408457284 
0.7964531414216591 9.4420360686572 0.9037950541865488 
0.7225345197677678 10.576135128118793 0.8999124125881804 
0.7120589403540389 9.847876271637253 0.9345367361302122 
0.7069179030666934 10.895236816963894 0.8916598612380646 
0.8502999409981201 7.651646879171643 0.926872453481732 
0.7075924249922603 10.893719817271268 0.8955983064027764 
0.7244067088351351 11.058993069053757 0.858307866364274 
0.8892369487859878 4.551198238525025 0.9595082898544322 
0.7113845215689578 11.407440416740295 0.8590904681610799 
0.7495358557413712 9.574180339900444 0.9204222683724681 
0.7904750963417769 9.06930393486424 0.9138260311182305 
0.9051683920151727 4.149392989169055 0.9483700355589881 
0.7295299657444398 10.576135128118793 0.8921607103490826 
0.7295299657444398 10.731166119472366 0.8564051157379184 
0.7747220115618509 8.850234583594528 0.9472308629062526 
0.7804738724804885 9.840389539489218 0.8825494817392657 
0.8137065409024469 8.822385674537955 0.9160072561805723 
0.8391519161369745 6.584876301973826 0.9428423145184939 
0.7454359730884211 10.416448914743816 0.8680387073865312 
0.7422930777587913 9.324214471966455 0.9405343934290016 
0.7578379566264096 9.552081891693641 0.9130787307308567 
0.7069114417339122 11.057434016926557 0.867310097825414 
0.7342758530099355 10.574593092741093 0.8920317437903086 
0.8801801319066873 6.445983635885606 0.939551191879689 
0.8765119674407472 7.070580479896131 0.9296311562909445 
0.9056015170403967 3.616963931457124 0.9689137526995192 
0.8245011947187713 7.9128969692663444 0.9380330061463634 
0.8439473336420218 7.7379491152444855 0.9202890332690759 
0.8161011954108053 8.51222461802266 0.914295328610783 
0.7369334274227142 10.553980806851628 0.8565827246317538 
0.7940322698638932 9.697067478602685 0.9016466557489048 
0.876348222553071 7.149830382181526 0.9295930693920991 
0.7113845215689578 11.407440416740295 0.8590904681610799 
0.7072339160221487 10.89686547782988 0.8883605401581397 
0.7075924249922603 10.416292505707732 0.9143438763481703 
0.7069114417339122 11.057434016926557 0.867310097825414 
0.7075924249922603 10.126278636831357 0.932171739870785 
0.7584998146943918 9.970361153050813 0.9028987343181245 
0.7080676682526836 10.709555619309173 0.895526507332028 
0.7201541319458811 10.72827253267858 0.8638558636175103 
0.7845961867471669 8.846099644568357 0.9309216897512959 
0.8892369487859878 4.480348406482884 0.9595134271352391 
0.7298884747145513 10.120628577468429 0.9180747312299008 
0.8306028074926853 6.508545299567638 0.9462907803147022 
0.7759123929489372 8.723873378457272 0.9466438646353317 
0.7804689297308842 10.115506843074662 0.8811402546486787 
0.7324294945670574 9.69619604458632 0.93708412281305 
0.8502999409981201 7.238300734826673 0.9314935175437901 
0.8958445221564009 4.1167108170769895 0.957764090299095 
0.8412019063951433 6.369591084298672 0.9489055363374446 
0.7675220639777511 9.447017466782636 0.917115074053294 
0.8123368287638026 7.658715418340393 0.9547445994377963 
0.7324294945670574 9.69619604458632 0.93708412281305 
0.7298884747145513 10.120628577468429 0.9180747312299008 
0.7903572168497646 9.4420360686572 0.9190064821522308 
