0.7292424742344727 9.326133577159721 0.9386933334335975 
0.8228010867992219 8.516358200627277 0.9174069671953125 
0.7569796548740879 9.975859513512088 0.9054570205828394 
0.7292877769867299 10.890405917258706 0.8897758748584815 
0.8792591360548396 5.036032327881043 0.9587762459258179 
0.7565482701739007 10.257985420985836 0.8891577116465585 
0.9064862573559306 5.245289181223265 0.9471432630773706 
0.7068585480891286 10.129031400338127 0.9338442952243085 
0.7978264429187409 8.73836355104808 0.9270432989934104 
0.8747125227144988 4.417108491352315 0.9726688676576158 
0.7969532821475557 9.4420360686572 0.9126840710982764 
0.8044626121075265 6.520135053568654 0.958759205865389 
0.7228637403222493 11.051413256870148 0.8672404047602819 
0.8387068425406837 7.916551031056167 0.9315054320155542 
0.7068585480891286 11.229041843658903 0.885870391558136 
0.7225799990880477 10.888779024397593 0.90363142438089 
0.8344933880624817 6.790329606832105 0.9493585351612023 
0.7714089064026254 9.444329718102992 0.9214769209793221 
0.7615649814230394 8.850641311562958 0.9423745714014667 
0.7342227535437753 9.981868893333333 0.9151034511957977 
0.9104576263182073 3.8871772772939384 0.9550759759534558 
0.7124016105381314 10.573878980228164 0.9108144348323499 
0.8867801418714283 6.445983635885606 0.9463376780529509 
0.7853049848399515 9.840389539489218 0.8887940270750444 
0.7070214697210695 11.406619842938778 0.8583215627420243 
0.7002376800935979 11.047315717875781 0.8997389489632835 
0.9353818585038287 2.5811641534232472 0.9675285562154876 
0.7221033248968871 11.406619842938778 0.8483740216674989 
0.7000739352059216 11.58021203806321 0.844574714358669 
0.8016306859491347 7.603865315065724 0.9532354268370625 
0.7124949451241069 11.215487649695504 0.8525882230461572 
0.839916077657632 5.743876394726513 0.9651450756975064 
0.7452722282007449 10.724885195639775 0.8709232622023438 
0.8875386095691497 6.308438295235089 0.944694527540626 
0.7069617073683647 11.043212487842412 0.8857981668024779 
0.7503863908495277 9.32433832686686 0.9405499595730819 
0.7643823683353043 9.447348145704447 0.9081813375307652 
0.8063532991738234 6.793101904957845 0.9582789142466986 
0.7292876616708226 11.051582019385059 0.8608219574266645 
0.7867777566227857 9.961123938588598 0.8864623246398062 
0.8296282613093843 7.003648647193155 0.9383296940621272 
0.8211353592232828 5.85440626347295 0.9630701362632724 
0.8546513758331113 6.014688199853744 0.9470691487951014 
0.7126543621362664 10.126946149071607 0.9337846979676282 
0.887561926230144 5.509318775326685 0.947924671731033 
0.7454359730884211 10.41684381300571 0.8733151281228909 
0.7747220115618509 8.850234583594528 0.9472308629062526 
0.801739156977206 8.958030919062985 0.9199240313548024 
0.8033020066225998 7.323047560208155 0.9529565664599029 
0.7124016105381314 10.573878980228164 0.9108144348323499 
0.7329073705292316 10.264984214045693 0.90520960677611 
0.7388269307905708 9.975859513512088 0.9096487549152542 
0.7087471001660984 11.409212366617325 0.8518253520960786 
0.7866784180575954 9.444329718102992 0.9170193905982645 
0.8164375115801513 8.614731156425078 0.9174644965938952 
0.7002384700454767 10.894482592488687 0.9028179133336189 
0.9193274124059716 3.5766996266278435 0.9687291809135941 
0.7643823683353043 9.077171360596825 0.9269269074761592 
0.7595812083082595 10.11565041122288 0.8892501071789849 
0.7228637403222493 11.051413256870148 0.8672404047602819 
0.734811774520325 10.888025618594423 0.8893879505921612 
0.9048385707466374 4.983126682514539 0.9486277993976938 
0.762279760561646 9.977006791974867 0.895027452388424 
0.802791261123564 7.487345766823017 0.9531272544506376 
0.7165308810682798 10.263775952485013 0.9057686413467594 
0.7747220115618509 8.850234583594528 0.9472308629062526 
0.7002384700454767 10.894482592488687 0.9028179133336189 
0.7643823683353043 9.077171360596825 0.9269269074761592 
0.904595056681808 4.711314085581158 0.9488990259364728 
0.8854701329671112 5.529180590814015 0.9520438230220092 
0.7747220115618509 9.702295235767448 0.9003941286671688 
0.8182084199346962 8.958030919062985 0.9160224768926016 
0.7087471001660984 11.409212366617325 0.8518253520960786 
0.8282201250784649 7.736095260367582 0.9398859453706334 
0.7852798772905077 8.846099644568357 0.930455099580229 
0.8502999409981201 6.9281199185039695 0.9291703044708945 
0.8876956615959543 5.519446370553797 0.9412279111493521 
0.838880099623432 6.584876301973826 0.9452759875564208 
0.7294264143249622 9.847876271637253 0.937643660432384 
0.7270376871734487 9.982511817732487 0.9083249953447609 
0.7228637403222493 11.051413256870148 0.8672404047602819 
0.7595812083082595 10.11565041122288 0.8892501071789849 
0.8344075942991254 5.78882474612161 0.9631941743800864 
0.7491128566803342 10.413239279185557 0.8715752623979778 
0.7124949451241069 11.215487649695504 0.8525882230461572 
0.7071303646026712 10.89686547782988 0.8883462577855411 
0.7069572255221195 11.058217936193678 0.8592890487462987 
0.7959257027092023 8.845805931261703 0.9329845969384967 
0.8184802364482388 8.841674708746144 0.9022957619927604 
0.7278929945646946 11.052356299305343 0.8608339649084781 
0.7294264143249622 10.576135128118793 0.8921467309796457 
0.9060770279137621 5.245923008252569 0.9472771414971365 
0.8868017575746066 5.581419113225624 0.9462005533103913 
0.7454359730884211 10.41684381300571 0.8733151281228909 
0.8073455440838904 8.215994133104203 0.9525939679343315 
0.9003796438884258 4.348445637393595 0.9530166789668623 
0.7228637403222493 11.051413256870148 0.8672404047602819 
0.8508947709258549 6.771667316023791 0.9291474145829045 
0.8514547006492581 4.60406342087994 0.9663811420939554 
0.7407158056058017 10.1095236925182 0.8915072080514873 
0.7411531342872735 9.447348145704447 0.9183436674291926 
0.8453630139096737 6.205533394211996 0.9612206547595045 
0.8387068425406837 7.916551031056167 0.9315054320155542 
0.7643823683353043 9.077171360596825 0.9269269074761592 
0.7220171430997075 11.054028272018561 0.8635099635991791 
