0.851829361550328 6.775163479632577 0.9335129055439892 
0.7056081165476966 10.41919066341559 0.9120558212755113 
0.7854769188251801 8.940954276997918 0.9265141728678385 
0.8538978993134574 5.800831636792926 0.9560039914723 
0.8238372277376478 6.265643348922713 0.9620087468813064 
0.7318557746758854 10.888779024397593 0.8771204568568416 
0.71191977675678 10.895236816963894 0.8756108769692372 
0.7797180401887933 10.117731430474956 0.8823784954788779 
0.7050955950492699 10.89686547782988 0.8893695882788505 
0.9158536897847127 3.59613705863896 0.9686022850796088 
0.8551859987582634 5.349924841472371 0.9681336825363087 
0.7664525754126572 8.956208378311247 0.9452076609345769 
0.7496533595690305 10.561658091277073 0.8852837465445926 
0.7548803011168631 9.319473207515744 0.9205073084092238 
0.8754666611218056 5.967441152154973 0.93285007766155 
0.7224731185143543 11.050973241115988 0.8653191479128955 
0.7226712851331153 10.70393002381415 0.8977912940537436 
0.7286375561066043 10.123378545566108 0.9159801194128415 
0.8067962661322734 9.697067478602685 0.8976895871576054 
0.745752327399879 10.724885195639775 0.8688151754174421 
0.8184802364482388 8.958030919062985 0.9089465623372174 
0.9039849942884821 4.673938882448815 0.9657642192994399 
0.783554187291998 9.699474547188982 0.9056460789947788 
0.701323739399482 11.409212366617325 0.8387734975954352 
0.7063524227101582 10.129031400338127 0.9337428873476386 
0.8077250468748225 8.215994133104203 0.9534172809189223 
0.7507437604574133 10.107671979450595 0.9016025098482878 
0.7028051324373782 11.4064409905941 0.851523768510874 
0.8352471659483333 7.012239259404946 0.9594823019718408 
0.7403515770463761 11.052356299305343 0.8563965385809594 
0.7284754486678048 9.326133577159721 0.9386067286037656 
0.7180855472201589 11.400414675511565 0.8525537722394927 
0.8434794582718814 8.103165295967745 0.9160376363103652 
0.7143311155061736 11.406619842938778 0.8447641605991113 
0.8247302945503399 8.212117315286598 0.9351052233627186 
0.8920628052883915 3.944738203746551 0.9697160886152054 
0.9052917958288214 3.8939619217445367 0.9689148511682879 
0.7544103245842556 9.319026843446014 0.9218116822441232 
0.7323158978102555 9.968036712597812 0.9156241886887374 
0.701323739399482 11.409212366617325 0.8387734975954352 
0.8351133295981666 6.027812515530858 0.9639617047960461 
0.8546516875161714 6.857413837746712 0.9212889315241848 
0.7114708253277029 11.054028272018561 0.8710702339045506 
0.7496533595690305 10.561658091277073 0.8852837465445926 
0.8299419387419518 8.301065205387015 0.9128380731767036 
0.7454454346227484 10.721994706115899 0.86930000224035 
0.8856892825852712 5.854045249264995 0.944662047707181 
0.7056119372617424 10.265374988878836 0.9120308299361622 
0.7088908436435031 10.126946149071607 0.9332347082762819 
0.8462352115656481 5.432129851948386 0.9662470601465817 
0.8067962661322734 9.697067478602685 0.8976895871576054 
0.7226712851331153 10.70393002381415 0.8977912940537436 
0.9045439397796424 4.0648769190390635 0.9661814468344307 
0.7190138973833955 11.058217936193678 0.854863436107509 
0.8058065210202774 8.62933903189365 0.952178480485488 
0.7434778862097878 9.32389154183003 0.9414587729164579 
0.7218104943863768 11.051582019385059 0.871432218355765 
0.7100048940995616 11.030169635975035 0.8868604784509314 
0.8151016008876115 6.793101904957845 0.9602810719145174 
0.9149721964727222 3.9392658072402655 0.9676095120886591 
0.8069587711983925 8.729493430931207 0.9304825951524118 
0.7496533595690305 10.264307793064313 0.8941419719972722 
0.8153694797636128 9.19157517374405 0.8982091829365584 
0.7848471866583239 9.303515030909915 0.9031403224640561 
0.7339140917728518 10.724885195639775 0.8749729062961908 
0.7048996470003507 11.402184619072361 0.8517917801189104 
0.8382704228249841 7.567032735528322 0.9312949233624508 
0.7838526981132296 9.970361153050813 0.8936865874020609 
0.876310433941817 5.5920201132182825 0.9601261381917703 
0.7664525754126572 8.956208378311247 0.9452076609345769 
0.7331602177698515 9.846522141986162 0.9373466300114938 
0.767771092501526 9.447017466782636 0.9098262858929755 
0.8067962661322734 9.697067478602685 0.8976895871576054 
0.8462352115656481 5.432129851948386 0.9662470601465817 
0.7663215795025162 9.08150270008021 0.9452644858194608 
0.8494184476861296 6.787160823735592 0.9347087065769447 
0.7056119372617424 10.265374988878836 0.9120308299361622 
0.71191977675678 10.895236816963894 0.8756108769692372 
0.8154481581748614 9.06264272469456 0.8985686743647832 
0.7623224086052388 9.198882020434004 0.9190913430127778 
0.7048996470003507 11.402184619072361 0.8517917801189104 
0.8754666611218056 5.967441152154973 0.93285007766155 
0.7447522447824045 10.72257069929448 0.8749576128031732 
0.8451496105320964 6.023304707461081 0.9552626010628104 
0.7322127385310195 10.121954765660728 0.9156971548964351 
0.7097529439210521 10.895236816963894 0.8892953537055542 
0.911287443006773 3.547462057046296 0.9690408859320696 
0.8299419387419518 8.301065205387015 0.9128380731767036 
0.8094475375398096 7.913242658823297 0.9549104094709872 
0.7838526981132296 9.970361153050813 0.8936865874020609 
0.7454454346227484 10.721994706115899 0.86930000224035 
0.7343851408882343 10.721994706115899 0.8754975259933412 
0.7304676804947952 10.573878980228164 0.8927740605880398 
0.893300080631012 4.706925441718016 0.9638269352890205 
0.7492963957138961 10.264307793064313 0.8941506474991473 
0.8159743731026929 8.516358200627277 0.9248138532682462 
0.7234562776775877 11.054028272018561 0.8649497216424648 
0.81809915861024 7.4776696635133195 0.9565487203119278 
0.8066880143322679 8.845805931261703 0.9302175428193816 
0.8502999409981201 6.514602728932589 0.9360098552645488 
0.7323055816773911 10.713156282913914 0.8774385342024141 
0.8658546385995955 5.027879289465838 0.9601580708384942 
0.7125237049554611 11.054028272018561 0.8710660233224944 
0.7054389134970978 11.229041843658903 0.887056259400909 
0.7048996470003507 11.402184619072361 0.8517917801189104 
