0.8249127943482185 8.8297563396738 0.9026427537793987 
0.7495637056335598 9.574180339900444 0.9225570912560571 
0.8302429967326088 7.564970270104973 0.9322626301586452 
0.8254278477718408 7.32283768462008 0.9578719455126349 
0.8164376866629773 6.39069905521581 0.9608332833283832 
0.7209210467174023 11.406763463065316 0.8472052022792885 
0.717695441069848 9.326133577159721 0.937987085987025 
0.7067794134131015 11.407440416740295 0.8603355946180291 
0.7013928584252749 11.407440416740295 0.8663310118678286 
0.8861445854233897 4.717687995266217 0.974250214783869 
0.7070992530740127 11.229041843658903 0.8879874749517505 
0.7085770959197594 10.888779024397593 0.9013937475676583 
0.7055862838960064 10.129031400338127 0.9335477599135746 
0.8446078343343172 5.595991135518258 0.9659956680750289 
0.8566035139552902 5.5920201132182825 0.9596223976507928 
0.7793736487368159 9.077171360596825 0.9264041962731167 
0.7935533205447232 9.697067478602685 0.8971001378611116 
0.7070993555238967 10.266529179995143 0.9125906144120753 
0.8391453143564872 6.625827070665195 0.958394417814485 
0.8900879159155493 5.341936380102031 0.9427614209521062 
0.8916862558485759 4.787193634446401 0.9523588514369452 
0.8161048500832666 8.957730489986384 0.915922651015729 
0.783637007347537 9.840033511912667 0.883787942388407 
0.7293953027963038 10.890405917258706 0.8918295841608632 
0.742701079824503 11.052356299305343 0.8576048496360773 
0.7503218444635008 9.982511817732487 0.9039094983669126 
0.7710272587499644 9.447017466782636 0.910142883224205 
0.7188068667372078 11.058993069053757 0.8554708993643029 
0.7506990035214485 10.562370696473238 0.8929882795878271 
0.8138954650959629 8.41408481352229 0.9332237330614596 
0.8392798603844769 8.492393409449946 0.9194058014061076 
0.8577504007858181 6.582627909154208 0.9366741789304858 
0.7399837108393549 10.717030769619537 0.8701764846636983 
0.7850722415394318 8.850234583594528 0.9487535674771452 
0.7560411073998881 9.08150270008021 0.9440700801220209 
0.7209210467174023 10.574003967529604 0.9053109484925891 
0.721325581392333 9.96996948749717 0.9184110736491391 
0.7716628123275768 9.970361153050813 0.8933230453500023 
0.8558739534286929 7.238300734826673 0.9176573514644495 
0.7624527843262906 10.252339231283848 0.8740210357065546 
0.7399837108393549 10.717030769619537 0.8701764846636983 
0.8035298403149892 7.927250729465579 0.9566586577900557 
0.762279760561646 10.405796710810757 0.8740226114186639 
0.7010130719892631 11.409212366617325 0.8530862196756426 
0.8284759977649443 7.012239259404946 0.9584771230884089 
0.7828068984921666 9.078999713815756 0.9195757220788054 
0.8958004475660957 4.953977806597848 0.9466768754566363 
0.7293953027963038 10.890405917258706 0.8918295841608632 
0.8900089959666011 5.592497516070963 0.9447801697102736 
0.7209210467174023 11.406763463065316 0.8472052022792885 
0.7013928584252749 11.407440416740295 0.8663310118678286 
0.784637896305782 9.701329829228998 0.8838944281312827 
0.8391519161369745 5.752300123089105 0.9621732069428133 
0.7076289819828883 9.981777045110848 0.9338652868512445 
0.7140017177265894 10.574593092741093 0.9052583203609015 
0.8289873656789322 8.520495377329818 0.9278402657672586 
0.7394496126485831 8.962912571292275 0.9442894720375865 
0.7291638766883881 9.575467318418992 0.9206212218114761 
0.8397613837946531 7.14885387796749 0.9307874009351271 
0.8178187629013677 8.116245877176159 0.9279454969566728 
0.7085770959197594 10.888779024397593 0.9013937475676583 
0.762279760561646 10.259192440502439 0.8892309300057881 
0.8775121437824723 5.692752008270174 0.9493036127232028 
0.7547607177039027 9.189150377435134 0.9227947342262635 
0.7778602234314719 9.449313305372828 0.9037230998566285 
0.7396618343454588 9.98390011756684 0.8959127461574286 
0.7331255561858884 9.32389154183003 0.94020815926325 
0.7308808851342917 10.721994706115899 0.8660824634896728 
0.7070992530740127 10.89686547782988 0.8903506108706162 
0.8978951914711839 4.5693678070296855 0.9762117278969493 
0.7850722415394318 8.850234583594528 0.9487535674771452 
0.7102491759057472 11.407656483220983 0.8600200515073829 
0.7484125658119121 10.264984214045693 0.8955215446811596 
0.8054034580423822 9.309400710366047 0.9043896000769195 
0.8561594153495419 7.156072108380684 0.917643456826732 
0.8051029482144578 9.444329718102992 0.9045738907769265 
0.8514844677097787 6.383223790979977 0.9447872781621217 
0.7070992530740127 10.41919066341559 0.9126085856000077 
0.8592848565206435 6.137763031883437 0.9466853312466623 
0.8919400664937286 4.787193634446401 0.952268620947109 
0.7070992530740127 11.229041843658903 0.8879874749517505 
0.8041021569771424 8.215994133104203 0.9530922340802938 
0.7423724984165659 10.729582507571687 0.8594389933650506 
0.7067794134131015 11.407440416740295 0.8603355946180291 
0.8343338112281399 8.520495377329818 0.9206561027613336 
0.7082752595101428 11.052356299305343 0.8664489154217817 
0.762279760561646 10.259192440502439 0.8892309300057881 
0.8138436326678103 8.022349373262326 0.9548854364055287 
0.8138954650959629 8.41408481352229 0.9332237330614596 
0.7691577882867151 9.702295235767448 0.915546211800805 
0.7560411073998881 9.08150270008021 0.9440700801220209 
0.8753910981094741 5.894661221573382 0.9392112169646246 
0.7070992530740127 9.580576868466132 0.934816610445113 
0.7509023760499473 10.385924681767571 0.8928664400708561 
0.7210798831956549 10.123378545566108 0.918460653061352 
0.8494184476861296 5.643729263454448 0.9565513465374158 
0.8391519161369745 7.161542734450287 0.9392538618892181 
0.7922743800704035 9.4420360686572 0.919402400764964 
0.8387337363852685 6.265643348922713 0.9647122155780294 
0.7209210467174023 10.888157483008536 0.9020239448199623 
0.8502999409981201 5.54641306079009 0.9640081275097446 
0.7293953027963038 10.890405917258706 0.8918295841608632 
0.7070992530740127 10.41919066341559 0.9126085856000077 
0.7396618343454588 9.98390011756684 0.8959127461574286 
0.7831395280273373 8.943033055607252 0.9194553020760173 
