0.8338427354798544 3.2490106659161238 0.9784821749513758 
0.7425263651661631 4.615246311490135 0.9817219583106668 
0.7612331772251235 5.908142088636509 0.9814669759754145 
0.8161804439187579 3.1892441330794346 0.9819276352511391 
0.7927144697970969 5.799204374351122 0.9638557078519926 
0.7358974663934449 8.049037357352974 0.9513159622600166 
0.7507698394112979 6.8678154295082905 0.9688545728551391 
0.7098993505511526 7.688444770132049 0.964478536062719 
0.8353950637855131 5.233841207124106 0.9661758881645136 
0.7743742273759635 6.715456869504505 0.9497586624380621 
0.7194183046438478 7.276394572601159 0.9653587375791017 
0.8718429124684685 1.1631533142149932 0.9833624099072467 
0.7249154141721436 8.56597550944802 0.9578404114004954 
0.8567013243486903 2.3349481234780693 0.9797785062226319 
0.7341381039210286 8.271959715058202 0.9399752055988967 
0.7168927379988494 8.39537859049763 0.9582379773341725 
0.7689784786846179 7.178279748623931 0.9588304734450539 
0.7974694639385846 6.427140307839773 0.9552321467799171 
0.8838842529022528 1.3460117868124701 0.9833048486649411 
0.7779253830926962 6.224320866497318 0.97165617298788 
0.7037905498903686 5.91715358603984 0.9765869457924901 
0.730941281738934 8.055070877776311 0.9496400881373519 
0.842350945098105 4.482440406850927 0.9743876342978731 
0.8057626742788117 4.229744221859959 0.9783797025511461 
0.7736219929636761 6.7743070461492 0.9619761690520914 
0.8087269268910487 5.276670057485132 0.9734719738265809 
0.8043715937665998 5.661907825022107 0.9525689297798496 
0.8639330265683091 3.6014802649148145 0.9716587119850485 
0.8564106217148801 4.062624207957387 0.964814897774397 
0.7824575525765397 5.4527762057201565 0.9789608903829278 
0.8274133868561967 5.42581218815622 0.9571152244982413 
0.762853782366236 3.9006547421861173 0.9809121042343641 
0.7593746244352564 7.572728025990308 0.9639482774479475 
0.8442517382288879 2.411074232673333 0.9835086252200664 
0.7249154141721436 8.199278421397254 0.9626187284462693 
0.7253674854131404 6.335293576859776 0.9729675062912259 
0.8795834822494362 2.1413735676696533 0.9699746322092098 
0.7076969568223137 6.832359410928054 0.9732414308095254 
0.8043003772289851 5.415190109164684 0.9694847884910638 
0.8567949191426768 4.060099949359104 0.964799303053958 
0.7929630230159255 3.733707506131868 0.9818692870721156 
0.7253062832369666 6.3347994237101615 0.9729715999689053 
0.8122180504932633 4.271008766321485 0.9783631809030624 
0.7690552198734855 6.630776987412071 0.9662734832836029 
0.8466445952860469 4.191391573758287 0.9713603098860232 
0.8209710598163896 5.623038114511892 0.9614087370350609 
0.796317413841063 6.651462810417117 0.9625279068148996 
0.7974746257736796 6.366986094061262 0.9553307661035055 
0.8155326749082696 3.6090279220073973 0.9823116998288136 
0.7434782413485082 6.387318800211533 0.9695915317921879 
0.7409727749035836 7.306270297030734 0.9648095791972819 
0.8474019238545757 1.7378877181808317 0.9825847418617437 
0.8336578249881599 3.3182620641106864 0.9792421116541854 
0.8471226459112026 1.8855871064990715 0.9825247253136614 
0.7106065537908951 7.469897702826464 0.9666985150052071 
0.7850064439466677 4.9002842239486615 0.9780038535598489 
0.784178730953706 5.9958230519726285 0.9693291674266219 
0.8431969026638001 4.7936437427686025 0.9620765933357841 
0.8639330265683091 3.6014802649148145 0.9716587119850485 
0.8043715937665998 5.62861511069545 0.9525928234072101 
0.7323433069194 6.9847496288184425 0.9680265033021117 
0.7249674172490856 8.428622482350116 0.9578228515990609 
0.8570824497753429 1.9298118314962611 0.9806848905144163 
0.8751079143978626 2.1833994361511384 0.9658509008539541 
0.852628908579992 3.9310989028728005 0.9651635836788154 
0.7691698220595546 6.4452554616736455 0.966919522454117 
0.8273560762930294 5.348865930647222 0.9585876024960605 
0.8474019238545757 1.8652596055891635 0.9822895805481081 
0.8722333211412281 2.1929280563400018 0.9699656093866503 
0.7627192634287396 7.169828131159551 0.9656843897144906 
0.8014168957508485 5.568061559453998 0.9679052347354538 
0.8265864223708735 3.1430365230883583 0.9793888270310487 
0.7672288176189553 7.864578069166049 0.9634981949145489 
0.7254442080532436 6.498702159019597 0.9715903521014067 
0.8155417751747482 3.5611323454584327 0.982309307430273 
0.7222285283423031 6.985173852497426 0.967885716248549 
0.8433969073883891 4.780642596569666 0.9620892361910878 
0.8189875837290572 3.9513735950593594 0.9766659835333755 
0.8684046891462952 1.6454991772801386 0.9818390865323928 
0.7851712175916353 5.50834531892353 0.9731312035676127 
0.7622255235950318 4.276180020506574 0.9814079348944861 
0.8655329395468863 3.0532329962127074 0.9774745371956378 
0.8682802543636652 1.5551495633374666 0.98347134508554 
0.8362979502862691 4.447792722432467 0.9749688566575228 
0.7593922699383719 6.866710632823991 0.9667455229090415 
0.7898730895921741 5.833487222942299 0.9706778587450983 
0.8161380784336423 2.1008922455232706 0.9847132531610234 
0.7552208301334673 6.794429002654096 0.9674069193738596 
0.844982119439233 3.7999372869026415 0.972233989526246 
0.76228152177485 4.223685874429842 0.9814133299717613 
0.8833434526749959 1.0972783034882063 0.9836871491655772 
0.7736154183814763 7.155945983977532 0.9605336382526481 
0.7920931283031134 4.520894231611028 0.9792151328364551 
0.8155403890214815 3.5649911272092507 0.9823012556628022 
0.8543007707416261 3.8913668795014 0.9710648461030424 
0.833901332573589 3.2902283555268927 0.9783739304424702 
0.8794527000565243 2.0844433213970257 0.9722862239196655 
0.8571585903477169 1.9459713932801341 0.980534951329555 
0.817763419976818 5.343297613881544 0.9638416499629681 
0.7883613513483753 5.498607180192416 0.973584880195812 
0.7271123864551858 7.4678942067343606 0.9647230362008034 
0.8046963259392393 5.11306978861996 0.9746729972644611 
0.7208069028922378 6.708472477424587 0.9748760580412674 
0.8679871731753286 2.3757381710520478 0.9702128268996724 
0.8045930990717696 5.218492954820746 0.9745403295605645 
