0.7031563085275114 5.809726807420955 0.979437925060331 
0.8832804407547179 2.5337503899070017 0.9704609921621234 
0.716615687294201 8.218638166043721 0.9548746387698607 
0.8205287912535362 5.753953915316292 0.963664181343832 
0.7776378019989977 6.308645085052506 0.9695269765722613 
0.7778862709363633 4.672765361711809 0.9825664185574449 
0.7378090896085965 7.240907228010311 0.9596494499005742 
0.7074275329754471 8.789720026026577 0.9572070843406852 
0.8109473729349066 3.918631485677511 0.9817848087740101 
0.7485583890727334 5.673112673626609 0.9808935686085722 
0.8075685267823004 6.391690239333259 0.9565112435955515 
0.7545394657702842 6.140842287886574 0.9738931259270509 
0.7285147662294471 6.854017916186932 0.9704240303600727 
0.7239672216205155 6.179068137339573 0.9788187305102267 
0.7007625840188776 7.878462595685195 0.9653733309008524 
0.7353494725493617 8.185238275340764 0.9417022982538836 
0.7764284626396578 5.55737065127541 0.9781067817806786 
0.7779356230991292 6.936325014835228 0.9624178650276346 
0.7495045391392876 6.971130294930431 0.9672890179077407 
0.7105664406945055 9.162983428299254 0.9545353216666005 
0.72706072974124 7.482692716066814 0.9644842344018901 
0.7211286975349358 8.292202361334898 0.9500711826985965 
0.8729335014104721 3.48672023973996 0.9655747214433221 
0.8353529891605328 2.419582557520425 0.9828093159029107 
0.803955115686688 6.69499914333251 0.9561056301526976 
0.7537753682467631 7.475441899241208 0.9491766631261577 
0.7051320252872666 7.32375654372601 0.9690150914005544 
0.8410313966072402 4.825661293643016 0.9756852754388871 
0.8409951706246398 5.613834208035454 0.9584712307121385 
0.8527079227672707 2.6510439545834714 0.9745775919941765 
0.7293191405084185 7.99167092272536 0.9599063543276564 
0.8716483115837005 1.6687965246179643 0.9750329255866781 
0.7537379019491087 7.90006843986786 0.9442573973402687 
0.7001906071833663 6.255760865971633 0.9780522914583725 
0.8490250423965627 3.688031274942421 0.9691030488010764 
0.8498567137704377 1.6299691239824525 0.9780960964210992 
0.802041375574677 4.643003970020059 0.977725401843243 
0.7990980504909192 5.241010146128677 0.9669047057518827 
0.7366289131533641 4.632903065514349 0.9835499036816283 
0.8608519480575152 4.668093278035145 0.9673544429346251 
0.8015197934973669 6.447619732665969 0.963105944237685 
0.8421758726365398 3.784386740291128 0.9785176524598653 
0.7449021255445069 7.655259604762847 0.9558603825452009 
0.7092824800220925 5.856822567043531 0.9794093840503066 
0.8410202713310879 4.5214447669911975 0.9758595500414305 
0.8592125976641807 2.416131155356031 0.9754129636482973 
0.7499146403509453 7.2735680622063565 0.9580504758136238 
0.7333229830331576 6.810246012392809 0.9701132627802964 
0.8409485858602874 5.614087205491747 0.9584702160581882 
0.777645411410071 6.191220236130995 0.9727876246262143 
0.8314857854076078 3.327018244964464 0.9792357060986695 
0.7537571055184306 7.558099378924369 0.9490966737492021 
0.8617075855306667 3.4936346110364593 0.9740025291477042 
0.8724435953313694 3.565997357525612 0.9655799164759803 
0.7270463021858573 7.27024577123063 0.9688139363060965 
0.787211977175523 6.819448179978415 0.9610655962124832 
0.7218855232939128 8.19800653567012 0.9517175809939988 
0.785688374532099 3.88131580375905 0.9820194256835196 
0.7105608425248493 9.202830734489186 0.9545311581734852 
0.7265012898146803 8.24157515472543 0.9420522603446986 
0.7971376829568053 5.735247143457985 0.9696355715512871 
0.7091473252033587 7.81799642227841 0.9634680788743013 
0.8134494581475155 3.2789220078038968 0.9804871620834831 
0.7238791355084533 6.234311793701573 0.9777436650542806 
0.8015824180338835 5.88128139111816 0.9637419606262665 
0.8713248257036964 1.51809435301481 0.9793496177017461 
0.833859124335117 5.925297762089723 0.9575675167705693 
0.7479977460473248 6.352373591622354 0.9720933380352696 
0.7257622658946592 8.088132542113181 0.9583478728857069 
0.7485655115367831 5.30674126710081 0.9818262040003854 
0.8536558202219873 5.083086266235819 0.9670025041868778 
0.8184171066099591 5.85849379204543 0.9634976842544969 
0.7494722279620789 7.217698073906264 0.9673574698017465 
0.8073652957372145 3.9472226081609385 0.9773786634499427 
0.7971313634503807 5.636312775181746 0.977277403650496 
0.7051320252872666 7.376547536826729 0.9690131178093901 
0.8691674283490732 2.078694242551724 0.9745680443327283 
0.7451343742905299 7.977680833671462 0.9529361306457588 
0.8680956796032941 2.8197634210632203 0.968429713160307 
0.7126838046186434 7.404680942554664 0.968174767522809 
0.7377214680054316 7.24238568122155 0.9619002670817814 
0.8409832087260621 5.749457362940675 0.958467366959377 
0.8416908001636308 3.9650235775914133 0.9739581630643598 
0.777941649799479 6.865336784922392 0.9623932922769582 
0.8073773106998521 3.947046815733031 0.9773640637719768 
0.8185890942143131 5.929950880793296 0.9634952867776067 
0.7077429572469767 8.241311630339574 0.963029424742184 
0.8681019285836504 2.998704820796781 0.9675527076379712 
0.7690574554752824 6.216832416376801 0.9707392152242466 
0.7186242487063511 6.855206858739932 0.9692954407211712 
0.7707781789406004 4.809464614408344 0.9823286908371407 
0.8050529370317178 4.079049087966573 0.9810913946041798 
0.8716349757909798 1.8415584966206116 0.9771768061358745 
0.8338434280997662 5.800498382973244 0.9582209924841449 
0.8723363469726054 3.571928196311976 0.9657447790303513 
0.7128066159188173 8.542739298204507 0.960741531818858 
0.7208466362126467 6.426668289288324 0.9750275662065276 
0.7063066978808678 7.169741772295118 0.9692913205293134 
0.7105664406945055 8.68269030400486 0.9572069340892884 
0.7990538546883547 5.286162169117017 0.9669351231349047 
0.7479156015204291 6.803265367538942 0.9715613070297187 
0.7210068552818498 8.357957903273633 0.9526456716008893 
0.7779451269726594 7.153711526679968 0.9606770979230361 
0.7578331870263316 6.2895928210397 0.9721743380451839 
0.8494455258276099 3.0898812884093605 0.9786516714670983 
