0.7971299113319331 6.203188961848642 0.9553776313560521 
0.8148175404995166 1.5722218752966353 0.983582006210512 
0.8647012934598464 3.0942426820407993 0.9726785835906467 
0.7874429691863379 3.590344357042159 0.9836693785206159 
0.8420599319578623 2.837662308556262 0.9813072582504923 
0.7047043518950689 6.7344967220962255 0.9725727932461926 
0.8465415638911878 5.341158423707003 0.9692828994003038 
0.7296890797571125 7.370735547013874 0.9707556992694827 
0.7301369431457048 7.919247210255571 0.961444689720942 
0.8124023028360758 4.830672259819664 0.9754838914474359 
0.7799014764977453 6.639806713467913 0.9548812501724837 
0.8061324335186995 5.38777341073317 0.9716248008952262 
0.7599041283319625 5.6670666975015225 0.979023100289177 
0.7194143702044205 6.473779826769758 0.9744289815468772 
0.852949656092409 3.667332301225645 0.9706006352469029 
0.8938033734491843 1.6361106297849997 0.9811287307651475 
0.7668646480639193 7.043858387420867 0.9691025884546303 
0.7756794049674007 6.247256057610295 0.9720274571901838 
0.8472014244175646 3.9243812119216717 0.9769942618178998 
0.8003399811457298 3.2112680866994454 0.9836254861979508 
0.8625530858062769 3.4467187674866757 0.9646634286374784 
0.8073204817828882 3.8945110878011096 0.9805673524845984 
0.7107668927737103 7.643719088479923 0.9657146572883726 
0.756590569275145 6.039055036922701 0.9754403661723464 
0.7437744346610801 4.573716497137926 0.9818931325745438 
0.8588721317735614 3.007997067919904 0.9734201852366973 
0.7986676334762888 5.857551645120644 0.9774420563767858 
0.7255564391813616 8.0335654960925 0.9590166694640078 
0.8529255352044799 2.3654685276858802 0.9791048607951303 
0.8649052218180475 2.7981816423929033 0.9653522747105927 
0.8938083373675222 1.4483574587507733 0.9766239900035756 
0.7086237465847942 7.89188890185268 0.9615016533945087 
0.8467042635852166 4.945051209910396 0.9692275091391065 
0.7085574304202769 5.945523029710452 0.9773352014137275 
0.8465509462787999 5.107497428295326 0.9754665701982299 
0.7994496853071827 5.760509862481252 0.9577299836577267 
0.7279828692668893 4.8267863369346555 0.9809648279462571 
0.7449622033560478 7.4263527193385 0.9682094679077196 
0.8797882920231398 2.5818649291047064 0.9782264924541558 
0.7494185060672824 7.388788999812667 0.9618317009000297 
0.8536137278465898 1.4834056409128227 0.9828776820732059 
0.808722977543721 5.745982400718793 0.9656138573748708 
0.8198406803050582 2.51263849711884 0.9818662079623485 
0.7083483790706789 7.475294354109154 0.9699500007664866 
0.756464409528411 6.73553030428368 0.9708875394311245 
0.7889548116791357 4.6042670775943195 0.9808327558304478 
0.7970904850665255 6.067888312486083 0.9617005845808408 
0.7086481802026978 7.831759757643594 0.9615010755393975 
0.7408789791046683 7.551961563898926 0.9631716020932397 
0.7437215460460875 4.743362403323464 0.9819024122863266 
0.8121874252398368 3.2982968467783307 0.9826050393506081 
0.7194411916682965 6.645780710747627 0.9740731990923492 
0.7734807067677603 4.842064292326972 0.9808302725665178 
0.8646404826700038 3.0943593333818518 0.9726785850131539 
0.7105926656726023 6.896255639915287 0.9724042391712839 
0.7669136211077645 7.269392370512135 0.9689390233665793 
0.7598381998826824 5.8035122086515685 0.9788804668924155 
0.8590487133127102 3.4314923062393587 0.972176264008987 
0.7965529626778454 5.901516969499531 0.9618077107868439 
0.8562822101609646 1.934678742259353 0.9817151421698098 
0.7567227093470575 6.518766225630679 0.9715270371620047 
0.7599173415595197 6.037103537549166 0.9760045054629352 
0.7301315988746944 7.88936656691575 0.9614455163273703 
0.8716647661210021 1.4428743448471224 0.9823737936278593 
0.8066030178375164 4.292046894560348 0.9805448418076556 
0.8474266151372722 4.520911315094913 0.9757941267041178 
0.7360409382582123 7.090791658859883 0.9713017478034192 
0.8625634953304211 3.610789001362593 0.9643705132111097 
0.7905881916008104 3.767827708999309 0.983194213503196 
0.8796385067488054 2.60197640643816 0.9782296509669833 
0.8716691491758018 1.4612915533786797 0.9814045652067415 
0.8466647614351469 5.1665507520362235 0.9692867477812082 
0.854759144747577 2.7389584806982463 0.9777679250209516 
0.7970187546845341 6.380510710620111 0.9552558684472311 
0.7801983254702816 6.607096772030647 0.9701360207469112 
0.8298911406391369 1.5424474424718213 0.9831890184545641 
0.8298397035866929 4.312163478523231 0.9777673810064741 
0.8076876496795771 4.532635830106485 0.9788576444333393 
0.7849011914325753 6.613963369474551 0.9546983655270864 
0.8433697518646157 2.368235212878156 0.982570427890776 
0.8249265622665886 2.9849606526350287 0.981840213026375 
0.7281949988866374 4.763705496002723 0.9809502407902575 
0.8061373750888593 5.448824036474058 0.9712856046290561 
0.7986893935847895 5.650427613400818 0.9806206905245849 
0.744052886638437 4.5732602768404105 0.9813962251034206 
0.8465014542850189 5.267643532501019 0.9692832288654977 
0.7749546342729443 6.492257618553934 0.9715420007400208 
0.7772722887227554 3.938483960509995 0.9814635445812866 
0.814048168589483 4.399936884609896 0.9761639208260701 
0.7815704758764481 6.322975839859642 0.9558703962152498 
0.8527434785790814 3.4378452610616494 0.9724363490066521 
0.8712840978404869 1.552931232263082 0.9818055033015481 
0.7971172903915941 6.203188961848642 0.9553785073759377 
0.8506616695644067 3.293068954128269 0.9784237759151924 
0.8625129971206249 3.725637264899618 0.9643758365246841 
0.8179292488934393 5.327702909122499 0.9718691760282866 
0.8124055832482824 3.6570613602983295 0.9801795135375921 
0.8716208166743807 1.471400559296273 0.9823748042007432 
0.8393657068911581 5.310505254149666 0.9752056804649324 
0.8473497334736877 4.055933629173015 0.9764687569737637 
0.7562554318758705 4.9219623012696285 0.9809442518346925 
0.7734608333755661 4.779671189508036 0.9808308877657607 
0.7565101677975175 6.5630807077861055 0.9718688777992333 
0.7623660746481626 6.0766656063188575 0.9753505571131915 
0.8140467731042652 3.228830834274709 0.9826513790517523 
