0.7220048924788993 6.809837485063375 0.9678145891951467 
0.7829534112818978 6.309729095072872 0.9504694814571986 
0.791699313065056 6.000761454636526 0.9541738162651402 
0.7277706759973162 7.326482188986164 0.9616670503979482 
0.7268765759893596 6.2915870715524225 0.9749184837809818 
0.8233190356317484 2.7109862467994974 0.980797058401234 
0.8002730466796765 2.6958531856435703 0.9844208532326343 
0.8710765676063055 2.838396935881538 0.9715035686120431 
0.7562576916363971 6.603985964157743 0.9674580719772286 
0.819687204372674 5.549706312434088 0.9677528925344505 
0.7065265311766422 7.201859502900481 0.9627495275599813 
0.7015505258152954 6.783636825153547 0.9695948760172608 
0.8653100347753896 1.4250679286950925 0.9807712984287387 
0.7425598490112718 6.896808926306119 0.96692312803643 
0.7700225429542142 3.5971098652421745 0.9824114138009691 
0.8681641728602276 3.677651938984011 0.967669286477415 
0.8361363867611404 3.7726532497723464 0.9771000155958174 
0.8530977144728804 2.1929268008084883 0.9814941370617303 
0.7878028107710449 6.201239097932784 0.9634080607025606 
0.841645057955509 2.9120001447114947 0.9774097022117411 
0.7618505685899329 5.45100886732698 0.9760506466160349 
0.709486167574021 5.955867367730514 0.9756423420348966 
0.7528515735331266 5.1316599759654995 0.9788760975733842 
0.7084258990767804 7.015242545607672 0.9679433063612387 
0.8378730602733462 4.974355465298133 0.9730681890202906 
0.722419351923208 5.2320142658166855 0.977892357149206 
0.7996773239362864 3.5500744471288415 0.983408227622179 
0.8840138637448489 2.098368576529882 0.9792435326875627 
0.7442198263355674 5.911331502385457 0.9753951800846108 
0.7133937150366501 5.292090996882483 0.9799649828331691 
0.8625732782029988 3.9716496326396222 0.9741601516951857 
0.8895495626144471 1.6770865243045343 0.9726342517543989 
0.8056894182189367 5.647232986308528 0.9717996688901896 
0.7174728852642243 5.189273691536205 0.980495129757689 
0.766297460418485 4.313116203815713 0.9814568196013232 
0.8943924602480655 1.3165611899087457 0.9788361420986496 
0.8016090601892938 1.8962500411831995 0.9850518861572973 
0.7712404084967137 6.333154711293485 0.9722470523317774 
0.8410961371648955 1.133659742781018 0.9820779867396465 
0.7935308222887902 4.645128217338668 0.9769872384520921 
0.844017839089044 4.152359768647271 0.9623162995208946 
0.7418472993287701 5.046030497147136 0.9810144183295911 
0.8362069276224856 3.3412095150629506 0.9783822516637005 
0.8314441481662977 5.08160440942255 0.9700779019545356 
0.7987947490619514 1.9807867373653285 0.9850734204581646 
0.8097025056184141 4.059750833990393 0.9816996848841102 
0.7248133434678996 6.781500391237253 0.9680437598988312 
0.7945373697213047 5.3146150781652155 0.9757296256055271 
0.7497287353875288 5.885133324123733 0.9729552273725857 
0.8002504945531632 3.0708232268337987 0.9824486409718269 
0.8664612436585748 3.4694162648015414 0.9741507048159803 
0.7317400563409154 5.146659019961429 0.9810266045860931 
0.8261542263186622 2.489351037375202 0.9833492567429932 
0.8320496498647709 5.254417107857414 0.9699017952846728 
0.7828954399644914 6.310319636824891 0.9504610354938805 
0.8664757054508144 3.133891300813423 0.974147326121709 
0.763771895013561 4.964040202148569 0.9817246647485074 
0.809224537079232 5.669551165574046 0.9537711619612368 
0.8464559409822365 2.4895104698313366 0.9793698689175306 
0.9003035927808642 1.5631832179761407 0.9749082010641036 
0.8624232347478253 4.1520736066680435 0.9647025470248255 
0.7317777304377586 5.778535896072678 0.9759937232926233 
0.7065265311766422 7.201859502900481 0.9627495275599813 
0.8073348676647972 4.881245092372107 0.9750586993583686 
0.8505138104792054 1.1141060847642534 0.9826256878092399 
0.8857725399036687 1.7232983802270994 0.9733522273354343 
0.8857585318898186 1.8804856106125996 0.9744523163984734 
0.7277441892451664 7.3404529419222735 0.9616667179013112 
0.850047009988115 1.1520468746623584 0.9819458092377731 
0.7134931202162598 5.348437791067612 0.9789812680582402 
0.7637725722775279 3.8743135205095256 0.9827727026418852 
0.7712760703413136 6.022368079607036 0.9722463703310642 
0.767486599658481 5.585805543863987 0.9742756493609054 
0.8530929579048131 2.212218793434637 0.9814936291675695 
0.7611275317579007 6.58703731693908 0.9695149286630902 
0.7890192935163884 5.872665817709234 0.9681236741948442 
0.8021412597761564 2.589160143816803 0.9833704853621397 
0.8056322525083459 5.749790979783391 0.9717976400780304 
0.7092132836900991 7.165606112802458 0.9634039552299098 
0.7277426701435117 7.366862533237448 0.9616670492552819 
0.8504913473233564 1.2244583506996674 0.9817544572996566 
0.782314878326761 5.891527846658827 0.9693017046041911 
0.8101594575120089 4.38853956726049 0.9738294841345073 
0.7253656080009291 5.9018323036704725 0.9755083362262681 
0.7316851940826639 5.921333902112203 0.9739991467059351 
0.8688983145729368 2.1904041097055162 0.9802747962900721 
0.7458753450887012 5.336568526922199 0.9778496764573966 
0.8458992591582741 2.4832677431273447 0.9808150827558065 
0.7793954544467199 4.89691666714465 0.9771297673518794 
0.819650192157822 5.599046169130803 0.967755122791328 
0.8100224730406039 3.344546833074348 0.9774477891385672 
0.7703452103690519 4.170746180655317 0.98210905877565 
0.8165706802145526 2.9922384341544888 0.9802225217012873 
0.7198339792976665 6.923739578000047 0.9657050290881076 
0.8707193895589622 2.6277175397000376 0.9716875764037581 
0.80919973642547 5.771682200894429 0.9537712166863753 
0.8097630510156626 4.334873897733519 0.9809469965037823 
0.8499207813717361 2.4889443640721756 0.9759513997562513 
0.7890434170846783 5.854744050577441 0.9681245486235277 
0.9002839847159523 1.6425411022128524 0.9749239995619549 
0.782904041199699 6.4130646818569454 0.95045982343072 
0.8410749766507328 1.145679029075793 0.9820761155174215 
0.8097220391800065 3.8997502475923405 0.9818458996201753 
0.8606626143328476 3.4779145981158113 0.9744389010841747 
0.8886000915799145 1.4181465951379795 0.9777821192865661 
