0.7171925885123838 7.866166620167948 0.9652557260572553 
0.8153133391023898 2.018449483616302 0.9836564601334505 
0.808926524327737 5.8263004853860085 0.9632664564526205 
0.8052696430235422 4.077688222278428 0.9815657887343392 
0.7601121417871446 7.682432675539984 0.9541902738083035 
0.8021832633662899 6.05525550936919 0.9730885133579027 
0.7847379862429587 5.785306577743305 0.9741194060025604 
0.7778854101306888 5.254521104505988 0.9803722656511087 
0.7491577919854027 7.4028156508672645 0.9686205436145106 
0.7308887708785561 8.261867984386532 0.94954132660532 
0.7971464697554543 6.691143524493311 0.9641047900031675 
0.7239047696301014 8.37946135007489 0.952692778337706 
0.7104646307177191 7.241704287830915 0.9738786908110784 
0.7063583550053363 6.005057369921982 0.9795407414977035 
0.7907471196213693 7.017986214045275 0.9462710726904456 
0.7035898249192776 8.18089488060582 0.9622843920701323 
0.8619840001222667 2.1109329615691386 0.9770125704734501 
0.7613170780959703 5.913827513350885 0.9813658791221908 
0.8353595247121022 5.263793649235175 0.9743658135320356 
0.7824744830732933 7.3085239050322235 0.9476183864372605 
0.7057671637513264 7.761030561608879 0.9682979927543254 
0.7490990114527942 7.995044875506679 0.9615376323188423 
0.760352718034963 6.654700475548479 0.9762855006379997 
0.8573719282964337 3.3195545582749206 0.9786887907953229 
0.7225484597071012 7.023176520827234 0.97046089043901 
0.7305147688944189 8.755007423188477 0.9393830207606538 
0.817112310892793 2.6772445807129612 0.9802000396963326 
0.8549395241701188 3.575390819848736 0.9706674887930509 
0.8387206185381529 2.0843896036402367 0.9802646783109027 
0.8374104936737083 3.811830959575852 0.9792643574795225 
0.7182018469861773 8.273502250566452 0.9585389669539877 
0.8547486257290902 4.843135895668056 0.9652263203352985 
0.7861274514552992 2.9742166817636897 0.9823793051329541 
0.8076759439063845 5.159176506437471 0.9765116196659647 
0.7612493874027486 7.043312258698564 0.9638237807792658 
0.8074834863888409 6.827629699947686 0.949210423781407 
0.7765089545627937 6.583442748118388 0.9658977677661978 
0.7206248394395287 6.323080368825327 0.9789160763666401 
0.7733126945932068 7.9960326210321435 0.9453528688476256 
0.8353271474208145 4.966466715755626 0.9770500576988309 
0.7566457373719357 5.2848985939549875 0.9821973519285409 
0.8173878185415069 2.391043168668251 0.9823703993515297 
0.7522112927143413 7.5598399691790314 0.9581360787047718 
0.7860963628442919 3.0468389137555127 0.9821549538674115 
0.8675013600352682 3.99415472251945 0.968551653840433 
0.8108510963865739 6.449615201270637 0.9509336921174796 
0.7273985053265772 7.219738214676807 0.9698161326824952 
0.7788807136539346 6.249509453120541 0.9685639749444986 
0.7601166399084864 7.975659078024265 0.9518146297067818 
0.7170630335900433 7.896016382206003 0.9652521467313905 
0.834705849135769 2.9988934696210903 0.9794363109945576 
0.8356456843827238 4.404459618229471 0.977722130538316 
0.7363387447091616 8.373964972241827 0.9390865450751956 
0.7037680762999339 8.058751870599842 0.9641428367540441 
0.8113973052787712 6.1962990153251285 0.9600737801376593 
0.8573720747304967 3.375047958260749 0.9781758704208955 
0.8623258242168821 1.949173843356332 0.9784690566831793 
0.7947422559799713 5.646487685712439 0.9750253886622766 
0.7182974715835778 8.11380374229119 0.961587500142848 
0.7377085145355606 6.695992306136416 0.9696718385418391 
0.7864282352240173 7.373374141277939 0.9459433114671807 
0.7491517542065795 7.097300434377232 0.9691479753572753 
0.7990083336612498 6.793081194736322 0.9591902321430966 
0.7732879306027588 8.02696457711274 0.9453506425859609 
0.7030166405588474 8.059888271303755 0.9668132567617574 
0.7641890084909087 5.891731810433607 0.9756021987314162 
0.7208775686812063 6.01116118560602 0.9782172991702003 
0.7306927585583824 8.294446517799255 0.9495248501472219 
0.7878817705067251 4.0928844633092 0.9820331318050088 
0.8480683395690748 4.8463819295486985 0.9662589659247138 
0.7693759811878164 4.516070330962638 0.9823533035898585 
0.7029556344199634 6.253279408655629 0.979536231659934 
0.8478852063789631 4.826791570734914 0.9710048927126818 
0.7774139096725097 5.303134287626549 0.9803932517602008 
0.7826902868255999 7.938433027792823 0.946055884977807 
0.7324681377362614 6.002600023175477 0.9785639097936416 
0.7347564711033419 7.731711191531273 0.9653824047297654 
0.8006880196660648 6.4015534235353835 0.9621321252247814 
0.8389706708986173 1.9873065447122837 0.9838132084252884 
0.8008231308862166 5.579242085550611 0.9738730294072512 
0.8203376526666137 5.365733655759982 0.9651240016228048 
0.8207393887684298 2.1981759525574907 0.9799949199788993 
0.7311302833029929 8.252152125234659 0.9600374804611139 
0.749152296816248 7.043964155979871 0.9689778401670129 
0.782935202083474 6.562301941603656 0.9671347239148332 
0.8054115888158013 3.822922211556512 0.9816327944447918 
0.8403979267568311 3.3196106692236533 0.9785245927090764 
0.7947200790898219 6.993141598350468 0.9511030091132158 
0.7363385789093739 8.579917021009098 0.939214869770166 
0.850214533623023 3.8288299095613825 0.9730853341208221 
0.7412901809538727 8.214637973207223 0.9603000312066516 
0.828419630865748 3.7513366246608664 0.9793007308817582 
0.7058597542144373 7.760996201826871 0.9683019065413452 
0.7601394956913875 7.888193409141357 0.9522748473759527 
0.7319512613421155 7.02191888708797 0.9703502968293922 
0.7847885256990881 5.534098864145457 0.977228247276448 
0.8128738740983574 3.0853282432269338 0.9820885083200355 
0.7030058480110636 8.028851357034021 0.9668180028440453 
0.8088052212410005 5.951995411551713 0.9632674664232826 
0.7661795080848577 7.100361191127361 0.9556241381349816 
0.8174571623672675 2.1901954218722226 0.9823760738081326 
0.8008363123240528 5.15212089274338 0.9790738956617566 
0.7774627874727794 5.272938131801929 0.9803922393713937 
0.7878852060808957 4.083075559528674 0.9820328033685504 
0.8153381316176 2.521963341537348 0.9820049585076789 
