-1.133653978186676 0.6999550939020316 0.5973201137292737 
-0.9096680348437043 0.699871871805024 0.6239331326932791 
-0.6277565524153932 0.6934493422235806 0.6985910402921717 
-1.0047258727721187 0.698145952674906 0.6993825851980809 
-0.3942320080342723 0.15641284516301227 0.6999822571037803 
-1.9071632949689468 0.6998801438656985 0.6931739345998237 
-0.8271381269897133 0.6991924609261984 0.698336174894235 
-0.37560708321463654 0.6408181464020297 0.6999042638326585 
-0.7308488571118024 0.6997441335003588 0.6965459980076775 
-1.8432713009162582 0.6996293434980516 0.6976928301096003 
-0.36450084464447396 0.6123468810337166 0.699480217722692 
-0.7460127818638902 0.6915503972813447 0.6996641358695038 
-0.70596183854239 0.6998085916365001 0.6810850597718198 
-0.965504109368247 0.6999447222257975 0.6561681818771121 
-0.9699147462440503 0.6999663087191619 0.586695392363717 
-0.3644878229034121 0.6110196211663844 0.6992590304287332 
-1.8385461565063639 0.6941313447347254 0.699552981171971 
-0.39110027154780513 0.6977477767065514 0.697718725185902 
-0.40914595147421573 0.6815261014587654 0.6999158097366645 
-0.3673554515192581 0.6359373633600807 0.6994747431053736 
-0.37262006075324705 0.4026998160903494 0.699974426695517 
-0.3716211386496675 0.3800632909303041 0.6999524370948442 
-0.6377888760882997 0.6998271098933073 0.6436352245276221 
-1.8676363571141845 0.6985178998700388 0.6998886915196159 
-0.5178004988117688 0.6092029835848886 0.6999861189587033 
-0.3865378778926025 0.688098714504975 0.6983146415339438 
-0.3645115665816818 0.6130524067129041 0.6991883181409453 
-0.37838452442674964 0.6943249460082048 0.6977801668623547 
-0.37562060047323964 0.6492040297374738 0.699966086141581 
-0.5278847863696463 0.6536163117134645 0.6999924044256753 
-0.8382872634150234 0.6998451993449858 0.6009030661614042 
-0.37703805113811995 0.6540896552211878 0.6970936983790772 
-0.8657798495893163 0.6998556883891061 0.6677682538878521 
-0.44307371622214253 0.6997115935564708 0.6953995291163326 
-0.3756040263435765 0.6488171839730422 0.6998123950513525 
-0.3715985533336703 0.3725154631922726 0.6999072466334954 
-0.37748932600976115 0.6684410381720067 0.6993060956362086 
-0.3777738761520728 0.680298287651895 0.6978865862500132 
-0.6158438299008568 0.699812951938088 0.6471499418030286 
-0.41961924613125534 0.6896939221933293 0.6989102922294733 
-0.364501631651553 0.5495246178442788 0.6998930259083994 
-0.7256160159209495 0.6928417922370824 0.6988513625311261 
-1.8718549803584539 0.6992191049970266 0.698010243794989 
-0.3726775526409538 0.4171864300639095 0.699898265607021 
-0.39356110232737707 0.6838664433214128 0.6987602102588354 
-0.4336627246064333 0.6997019673225918 0.6863691779788145 
-0.3648219141061446 0.5656191902136213 0.6996814330612265 
-0.546716070442069 0.6979011239837034 0.6984045262780285 
-0.9395716688503106 0.6999907848726302 0.5793857011455702 
-0.41345181264524755 0.6967119076643916 0.698176078127276 
-0.47767048512879895 0.6841475095276912 0.6997522688669888 
-0.3644752001210583 0.5024164757517258 0.6993401695753305 
-0.3735757281337735 0.6956542642897238 0.6968829946582084 
-0.36734303532453794 0.6456516187073494 0.6992299868526922 
-1.227925176403318 0.6952061415351116 0.698433484925217 
-1.8534097467920039 0.6963245479905098 0.6992813170736891 
-1.2010061395859397 0.6944403827284702 0.6986076407757762 
-2.178342403394512 0.6998800455785102 0.6650556534703124 
-1.0307846578444 0.6997226054608979 0.692921056067934 
-1.056640672631168 0.6980662810187378 0.6957526944374481 
-0.8397400071468113 0.6913758211194029 0.6994726246086822 
-0.7584106766349612 0.6897806717300521 0.6988884347579969 
-0.7880491694152025 0.6910231841123249 0.6992388643172766 
-0.9448833499549076 0.6997927184038312 0.6729926908984467 
-0.9802806328626141 0.6999470801414243 0.5815562400102917 
-1.8479809970108367 0.6934098671768312 0.6992004018466145 
-0.4044639868735673 0.6974274149604308 0.6927757832741667 
-1.8428525068358574 0.6786114340238568 0.6998662499153274 
-0.41848319555403335 0.6759515758421225 0.6995510301033662 
-1.9697780391667163 0.6908843517783597 0.6995569323770117 
-1.8896470900138542 0.6984918416018191 0.6993806053228742 
-0.527822159085847 0.6089481930806759 0.6998759607131053 
-1.1291265912508401 0.637298161881504 0.6998969238925775 
-0.8841780810830886 0.6998471537683862 0.6303193615687173 
-0.6894727104303033 0.6997014241301494 0.6901381659513447 
-0.4507868438649494 0.6380181043793057 0.6996718669901779 
-0.3716089811835508 0.3719672226212567 0.699901727254602 
-0.3799903519875478 0.6538505723954942 0.6983052868668194 
-0.37775993207082736 0.6504856595167088 0.6977806069225485 
-0.3853452187922588 0.6592964858391742 0.6982362391855499 
-0.41844882004351147 0.6595087481310248 0.6991241341477279 
-0.36451002362630525 0.5396553014687445 0.6991216946419124 
-0.37260405177222733 0.42279886584847554 0.6998349909325408 
-0.3707649494122911 0.42476549478417824 0.6997402018550344 
-0.38283766125699703 0.4853259894569102 0.6996968066494555 
-0.3726490256956523 0.46648450553652915 0.6998081587362934 
-1.8808014514299551 0.6982826982208682 0.6979890026391962 
-0.6547300040902406 0.699557862569341 0.6768418112840383 
-0.5714305585702351 0.6993467044180233 0.6619727809150935 
-0.3672025920667088 0.5043992227712166 0.6996304409503701 
-1.8646212141102305 0.6971037731644686 0.6981578530492003 
-1.1293150470512363 0.6999666849300897 0.5389178188368366 
-1.6123241178101386 0.6999835933084843 0.45410357818967795 
-0.8750003534489752 0.695890950520273 0.6973261147992262 
-0.7319295483067108 0.692181693039174 0.6969155674766461 
-0.4476189527023078 0.6963940699678094 0.6959512097205287 
-1.8125724514576689 0.683736043367264 0.6995972803917843 
-1.804723888878161 0.6396467213644026 0.6996107895868379 
-0.5708746205895692 0.6273927024820255 0.6996886730269571 
-0.7243379104612495 0.6317505517034422 0.6997047407069755 
-0.3787217197980206 0.6860855229406831 0.6967288868679897 
-0.39378817745486794 0.6889262965698195 0.6943464061118974 
-0.395179085768699 0.686314882840689 0.6962603022266908 
-0.3715857585138127 0.6450902657890369 0.698308353875421 
-0.36739923783673634 0.640388462666963 0.6991955379136995 
