-0.7943414716363439 0.5243613902221459 0.6999999676572239 
-1.080048057987176 0.6463676774517474 0.6999784172908767 
-0.63261578885212 0.6956971105490153 0.6993084328606259 
-0.6467610837302606 0.6999621220351117 0.6905168701092054 
-0.5432173392533017 0.6999347467054894 0.66389245337089 
-0.45060509660705383 0.6941235130597697 0.6993665967143959 
-1.8588962492718788 0.6979538073757929 0.6993542365770054 
-0.3717089976351424 0.670057048002861 0.6992146331155407 
-0.3717566892275499 0.6771798195438005 0.6991136238753278 
-0.5760332365304155 0.6997905630139117 0.6656643708174154 
-0.3696023329702216 0.07252168493526139 0.6999605806100483 
-1.8346966640319584 0.6907333100906244 0.6999553963611024 
-0.3723619594486445 0.6903183718000371 0.6999532931211019 
-1.9469060025143254 0.6932224071938615 0.6998574605702651 
-0.3717212777879919 0.6865853918232845 0.6989874729355047 
-1.881173563310857 0.6412192191370706 0.6999886152675565 
-1.2031272130392758 0.6999954834868581 0.6015400543497014 
-1.8741998919411857 0.699905841340804 0.6948184594446043 
-2.1123354098726437 0.6995798780260396 0.6965341055312038 
-1.1452136361248564 0.6995650948533343 0.6987759049107419 
-1.815344050904561 0.6954703305131776 0.6997457401435978 
-1.080068017240413 0.6964976978452815 0.6995216674332643 
-0.37226022339361275 0.6613322120638976 0.6994458454322368 
-0.3672919065995133 0.43282846874172376 0.6993999835081743 
-0.3716847918591304 0.6613521223993528 0.6986636131092588 
-0.4898125354046814 0.6996903305547754 0.6759803326154384 
-0.36379052460377137 0.3325946656429137 0.6998838757496066 
-0.3717150553699178 0.6380154742767989 0.6999968447392657 
-0.37609246628922754 0.6995131645075366 0.6992718687763143 
-0.4677488284778739 0.6996069409632005 0.6885755696169001 
-1.0812484525537038 0.6964023844814942 0.6996261361481941 
-1.8753138194477983 0.6990597776548236 0.699805168661226 
-0.3711298329175181 0.06630647156374782 0.6999810218761764 
-0.3637848503276764 0.3744919115440203 0.6995508387155551 
-1.1039980803591831 0.6999742975843051 0.5650248038306082 
-0.366658683851494 0.42840171013552225 0.6997072847999294 
-1.9899342616985667 0.6925869005611871 0.6999049225669757 
-0.3711171694691082 0.08919106220057428 0.6999708455275605 
-0.9134117332565261 0.6999466842709867 0.5947873577929373 
-0.7455514275554151 0.699940901982233 0.632305533662667 
-2.1541471533344474 0.6999571406632529 0.6707409022922519 
-0.7561273597932248 0.6998299134572844 0.6708085434281827 
-2.0623375281621494 0.699907551983106 0.6785371936864498 
-0.9579912266763215 0.6998112263576194 0.6750235753977105 
-1.1519947042552676 0.699789202747277 0.6814821469249975 
-0.764485921496354 0.6998643497885539 0.6336122001853098 
-0.6331352710689304 0.6997185078186263 0.6567309699137789 
-0.3707857674730488 0.04695180058168958 0.6999227884753028 
-0.3706453998971546 0.04234003221711104 0.6999421296788313 
-0.5245497212093506 0.6514326252074406 0.6997657713572335 
-1.0800322673752412 0.6808395659091518 0.6997272143476615 
-0.3812939746373909 0.6683685428704287 0.6993929289789356 
-0.5685903309615434 0.6749449085485933 0.6998857410764525 
-1.0800604276369534 0.6735280941923064 0.6999264084520627 
-2.08740975298273 0.6898021086236196 0.6999373429771374 
-0.4297324597999186 0.6826769154225764 0.6994458913093042 
-0.3760826074198933 0.6665509839700483 0.6993706379433428 
-1.956070314146901 0.6855650763268328 0.6998516126660098 
-0.37175191577510946 0.6536651843532617 0.6988913908875313 
-0.37413747496716376 0.6754655374234546 0.6978052250452491 
-0.37536121472901596 0.6639609155411694 0.6989549371329058 
-0.374118086354718 0.6865659138823708 0.6975735819315306 
-2.235118793924561 0.6999011331897882 0.6842261950174078 
-1.9563031552957626 0.6997771555377436 0.6885570674231203 
-1.9584176613319246 0.6998352972381648 0.6892023315960277 
-1.9634887966590107 0.6996432786991262 0.6933202777461875 
-1.8612578564588538 0.6934497636030756 0.6996692155080138 
-0.3742406787330492 0.6581322728997056 0.6986550570411101 
-0.37175994911843646 0.6563932611585304 0.6985039670041066 
-0.3722399265085796 0.6297488335865267 0.6999349056866538 
-0.4505082162603111 0.6306214137796456 0.6995092383454335 
-0.37535205557208484 0.6348580975532494 0.6989448571608488 
-0.3760258980373099 0.6313246772201079 0.6992284773170135 
-0.5847849043443452 0.6994749810437861 0.6921449076879591 
-0.7042922219557395 0.6992347094631708 0.6978805417449494 
-0.7353006885445204 0.6980350523130695 0.6992467047617377 
-0.45801674942149284 0.6958041252805566 0.6987488381932849 
-0.3776044615717953 0.6956059624262521 0.6988576914479646 
-0.5925339370121956 0.6978907510619993 0.698786976755947 
-0.38028318124339466 0.694125294858551 0.6990671458213814 
-0.42817170510031977 0.6990558956484437 0.6985181075783662 
-0.3913124954358398 0.6965474460436636 0.6970243306426795 
-0.37757661871187254 0.6952919604758807 0.6987251608754516 
-0.40125230904401055 0.6970352497985659 0.6940459500380436 
-1.874687319436359 0.6992623606727574 0.697888422484618 
-0.5722892986866648 0.6995583755809346 0.6672968658449169 
-0.5324702076115286 0.6994356268862373 0.6737702151238812 
-0.5201459612614112 0.6992669479186187 0.666758408971209 
-1.8286191673253134 0.6881661119287307 0.6995492489456607 
-1.9388167536822887 0.6978218602108734 0.6995093630232831 
-1.882449588926129 0.6974299279589007 0.6992775780763743 
-0.3691957707682354 0.2686429036734797 0.6996411411889413 
-0.3694163563052235 0.2819837518949718 0.6996432405154114 
-0.3691213541266283 0.2805838333806383 0.6986803849009005 
-2.0169406199867246 0.6884554456980254 0.6998553137392952 
-2.35040179846217 0.6997341560909057 0.6521265943398141 
-1.8153292254889197 0.6920280966418395 0.6992145785727434 
-1.8487090684473535 0.6930374850219918 0.6991985667782019 
-1.8608463803611128 0.6568699035603544 0.6993925656875365 
-1.9911308777100492 0.6975114713371944 0.6973191546713907 
-1.8589200597624682 0.6973929484668752 0.6988648502399949 
-1.0688639629103593 0.531301756557666 0.6999313853364232 
-1.8494036559070657 0.6511382181721296 0.699633478297977 
-0.8643549672676858 0.6983920938775952 0.6969027983016614 
-0.465575976018612 0.36777030666619126 0.6788025685087921 
