-1.9299997782290204 0.6997157275989335 0.6924578352576046 
-0.3739810015681966 0.452074117567157 0.6999610750318057 
-2.017083296582921 0.699765052216345 0.6835733781766236 
-0.5631121756862398 0.6996875079634488 0.6978913498245981 
-1.963111330084705 0.6999983954986418 0.36318128680217765 
-0.5053515445280843 0.6998479879522146 0.6697249369950573 
-0.6448459840204686 0.6999634807985685 0.6577393588706044 
-0.8767830905070264 0.6867485309386955 0.699999815548722 
-0.6116473658422772 0.6999344830828701 0.6763959890046709 
-0.8680194377928907 0.6999922707042547 0.6564523564014254 
-0.6365544995411003 0.6997989675566542 0.6772314754242642 
-0.8461525766561995 0.6999714912301906 0.6329033473505065 
-0.5444386123476868 0.6999410713453375 0.6762648608125165 
-0.47714484001553314 0.6997094195566832 0.6890090306904313 
-0.36694321957688514 0.6731384003658583 0.6996187551368606 
-1.0167592998920862 0.6999854079674073 0.6826815546662647 
-2.39936746781074 0.6999996487760891 0.6460665070972282 
-1.925400149877238 0.6984407179569394 0.6998210855311097 
-1.892535511306078 0.6944000178670141 0.6999920801763958 
-0.943078046341131 0.6997121473915212 0.6869737630049605 
-0.36466603340188986 0.6737186207670968 0.6986574670837163 
-0.41079962805508563 0.6968755932991749 0.6995158104466066 
-1.81676724671697 0.6977569662836366 0.6998525996291662 
-0.36232652423611467 0.672501596286422 0.6999609141469683 
-1.829752289477657 0.6950339444699931 0.699990748927573 
-0.7639650759080399 0.6999752256994142 0.6162737398460475 
-0.4275070624260131 0.699526747569646 0.6935939846801497 
-0.40116988232196205 0.699513365434373 0.6971902313643454 
-0.3670149470627524 0.6776526096616587 0.6997688180569553 
-0.3841946794106543 0.12981343114816268 0.6999879918494207 
-0.364940263583869 0.6990681028413379 0.6994402419239394 
-0.40740453243008345 0.5554495865328754 0.6999755120393744 
-1.84773458065157 0.6992530970191297 0.6984734852267328 
-1.845884515113481 0.69928880337885 0.6977054452301338 
-0.7349676016953486 0.6999565340884631 0.6210407850905397 
-0.5558128071112745 0.6999187997920981 0.6730416704714118 
-2.1947799179063514 0.6999486900819666 0.6739978695786012 
-2.168266960966988 0.699863628621501 0.6752656940187566 
-1.8212209606114924 0.6957440255277876 0.699668951940417 
-0.3656630234971816 0.1425055205672193 0.6998506683714857 
-0.3740646680470907 0.6239990395366083 0.699780909864468 
-0.3633052200278746 0.6535852932422095 0.6992589587263963 
-0.4166543048414282 0.6562681555414633 0.6999117693341327 
-0.42242986480190825 0.6260434745918873 0.6999591959481921 
-0.3739844587069523 0.4640576095555243 0.6998062101014451 
-0.4009830909120371 0.5754639385266872 0.6998603561526605 
-0.36440837667583237 0.667041941640408 0.6994749800060048 
-1.8238806543625312 0.6673819925207146 0.6998430208065122 
-0.37398012192483665 0.46698969572485316 0.6997911243606549 
-0.36690700401579845 0.13245742066986135 0.6998818903147512 
-0.3656950887833681 0.15773378188908957 0.6997991488294473 
-0.511428992400611 0.6569380714091937 0.6998837072063144 
-1.8861370693512947 0.679776178960383 0.699908204823032 
-1.866993791794191 0.6491509509966864 0.6999789362673776 
-1.904723147783764 0.6920600751472524 0.6999462356140904 
-1.8552126879963629 0.6848341643284744 0.699741506992683 
-1.8539538118261363 0.6797253368053586 0.6998491790241456 
-0.4281612870379732 0.6991218097738491 0.6959027270112229 
-0.41092961905704617 0.6992653915354979 0.6900542585543756 
-1.9466095458137649 0.6994449296862796 0.6902802301423066 
-1.9212990413800686 0.6993930083338213 0.6917759147146534 
-1.977151550020901 0.6994966204469624 0.6881499260224616 
-0.41902258801625125 0.6994233059735969 0.6885630757516429 
-0.38423897543308816 0.6403308421941922 0.69973677370343 
-0.3912135448166014 0.6670382623262291 0.6995971828723354 
-0.3670261937785735 0.6559912876535262 0.6996846970130699 
-0.36706388358343367 0.6663440880166339 0.6997362285981732 
-0.4345711777056751 0.6977428419806132 0.6989456602639611 
-1.8397530248384544 0.6985535644413615 0.699044240328888 
-0.3691354242991771 0.6987035403418211 0.6988714354776527 
-0.3669387005530842 0.6734975788524807 0.6993784847163887 
-0.36523535132586726 0.6902583051093816 0.6992474055637307 
-0.5428715650035538 0.6881900615307591 0.6993683206770794 
-0.5992375019260625 0.693632806823408 0.6993943164016544 
-0.9561038654031173 0.6988933456300328 0.6967950772344271 
-0.36975701990920573 0.6963971560323284 0.6992500047493594 
-1.9430599324696711 0.698903333162405 0.6962785082391961 
-0.692981497284082 0.6998625271131385 0.630061098828716 
-0.6026034576464046 0.6997485282598187 0.6581709481094933 
-1.8254079282388647 0.6800166393800958 0.6995315138806918 
-1.824902653877086 0.6953316543726373 0.6992838369417772 
-1.8369420222190578 0.5685999583954999 0.6999431096501747 
-1.8101008075651377 0.6146443042426568 0.6999092670444994 
-1.8499090084619572 0.6152705096334848 0.6998876544055644 
-1.8513372560711239 0.6486176452098039 0.6998696904806777 
-1.8234856747504011 0.6499117109842916 0.699824771457616 
-1.8209494406336737 0.6479856679055848 0.6997652113990319 
-1.9184029754566074 0.6990903624856739 0.693736124108849 
-2.1376214569912304 0.6992911015843198 0.6769437051354257 
-0.44363641684185007 0.6989788896666679 0.6832829860480734 
-1.8228651549576163 0.6607042948881171 0.6995568080904687 
-0.37399652527387994 0.521194477820604 0.6994222961156703 
-0.37400234587148273 0.46726900382580366 0.6996244648091811 
-2.020765910315143 0.6981628405173413 0.6987794456600893 
-2.247073258131523 0.6983975656570118 0.6987638641014648 
-1.8502710293681979 0.6971485480594296 0.6988396699604741 
-1.8381572067948073 0.6967224777016023 0.6987614928569095 
-0.3732227429516637 0.6981895154011134 0.6973767354179471 
-0.8843631841764641 0.6986291806731947 0.6986598686620372 
-0.3682278550811 0.6868404740361804 0.6990934880798706 
-0.3697379964252656 0.688537648663577 0.6989301422826071 
-1.849143619987438 0.6818840952673816 0.6992871882048505 
-1.814702770715439 0.681406497089899 0.6992266301143548 
-0.389643617437613 0.6756757927633698 0.6992231567246288 
-0.4749899786870493 0.6934401168392414 0.6985440752969425 
