-2.0127986079190827 0.6999959645567618 0.3908703371070986 
-1.202963288633319 0.6987168489407686 0.6991821685253493 
-0.40115432902198545 0.6972397317110838 0.6998177161170928 
-1.8351043981826223 0.6473874194356621 0.6999828530448082 
-0.4214980816470384 0.6998812272227389 0.6920976099467097 
-1.037423031196682 0.6972897616863063 0.6995226658391036 
-0.41139093341224053 0.6984145602033076 0.696000866013584 
-0.49358549608384394 0.012824983532081015 0.6999946650100715 
-1.8405898474528377 0.6995101196561729 0.6981523999784752 
-1.620607889400322 0.65817894387673 0.6999480355710372 
-0.4126863488944885 0.6996799071913058 0.6963587041512012 
-1.8701720567417666 0.6997295590807846 0.6988919686760098 
-1.85723895529423 0.66311850796589 0.6999630260303142 
-0.37810205404353314 0.6955025603050683 0.6998815565923479 
-0.3744771027758498 0.26749291645834405 0.6999901832961469 
-1.8383192517341573 0.6992744753312592 0.6998031689241444 
-0.37444201351864104 0.2701990067221956 0.6999731361534185 
-1.8291711559919244 0.6974596039883796 0.6994754537758724 
-0.44248977521972943 0.699959353154607 0.6956549887865738 
-1.8247997296918257 0.6968675299479062 0.6999288698719137 
-0.37635630715509105 0.6890452275548867 0.6997981096863243 
-1.8521643907535603 0.6992642033041243 0.6999283472883026 
-0.35806766259969147 0.6441220118163894 0.6999714173937194 
-0.6904411277824525 0.699993000011315 0.6576537310305173 
-0.36580695373185956 0.696513690505499 0.6995872097715196 
-1.8197129066679456 0.658757864936689 0.6999724653992346 
-0.43238471990736493 0.6975392488065717 0.6892449107097449 
-0.4126946862766012 0.6974315817271758 0.6962833843418595 
-0.44057028111185703 0.6982640532029932 0.6886167449839838 
-2.0695541822598233 0.699405383300448 0.6984088794045372 
-0.4315584669380579 0.6705594232746676 0.6998425447451503 
-0.38174854521930235 0.6916599259926848 0.6998317716804596 
-1.8424858698376818 0.6992112444010923 0.6979907354919809 
-1.9398714149639855 0.6998829093578295 0.6914767228545842 
-0.5779055813996135 0.6999259730168861 0.6582188044407655 
-1.8935619162031667 0.6997897872751235 0.694130146246437 
-1.882567245133488 0.6997712477287625 0.6947427455146201 
-1.085983179315218 0.6997260703279335 0.695413872005832 
-0.525874368156326 0.6997495746240521 0.6793845615294862 
-0.47650318224087207 0.698709983653697 0.6803809578820462 
-0.5120486763683243 0.6995085871677249 0.6955536137357994 
-0.48211276706864825 0.6993389270528809 0.6885986929914228 
-0.47830175996859614 0.6978875180030872 0.6909859833602341 
-0.5446664207977607 0.6998348470469653 0.6652962278462426 
-0.5866831234311864 0.6997681066397602 0.6663947370301847 
-1.8487026961487407 0.6924926513816005 0.699682673553926 
-1.4329545176635077 0.6422652555738182 0.6998861901176863 
-0.36410637019071346 0.5380834707576085 0.698380325277153 
-1.110964469124109 0.6279499833228775 0.6999249363532191 
-0.4350413709228187 0.5850155871576687 0.6999523280409269 
-0.38125154702500796 0.27186536876565326 0.6999296313107763 
-0.4332864715833753 0.5632195249793575 0.699882012008541 
-0.3700292335990434 0.4598902429757972 0.6999228575021117 
-0.37003222286701565 0.4664344072852562 0.6997205383004355 
-0.3880208217158989 0.6212706153282264 0.6998634234457743 
-0.8555046850989396 0.6999699457904678 0.5986344062608598 
-1.0878317736406533 0.6999898086131991 0.553238112826957 
-1.2935857548694174 0.6999379658238913 0.6113590544367565 
-2.704267524219513 0.6999359323088248 0.6144163853768613 
-1.0311574385089752 0.6999581563093042 0.6053958455173414 
-0.376003359400233 0.6582135084968604 0.699002903332324 
-0.37600930455976744 0.6751740805225238 0.6992737157403043 
-0.37550736280392316 0.6555256210411051 0.6987494447616841 
-0.37061764044526346 0.6504277542802842 0.6982714865265964 
-0.37083529300809603 0.6815468243214813 0.6985435026264464 
-0.4767789245577452 0.6957705093578423 0.6990877939569456 
-0.4064432260119484 0.6937422530994333 0.6957269415520606 
-0.8930880194454449 0.6948262480553777 0.699525854769686 
-1.8376611352496033 0.6960285002414581 0.6987606040013696 
-0.37699157815841433 0.6775598899458489 0.6990327166914928 
-1.857713927871667 0.6956544370281351 0.6992018573417413 
-0.3666844018976141 0.591661913699083 0.699539222832857 
-0.3705330628596686 0.6333553837837628 0.6984720157558545 
-1.8382320606392728 0.6556585533767885 0.6999320691882965 
-1.914618167392586 0.6414504508544152 0.6999689702815253 
-1.8807871012192319 0.6110266517744622 0.6999626914775088 
-2.0806427401367342 0.6986832022428346 0.6804059895584689 
-0.5044086196842261 0.6967394466975319 0.6696626132382528 
-0.3709835435624653 0.6727333747650128 0.697635270528886 
-0.6968432416966641 0.699830125247368 0.6334644777316691 
-0.3710093793918552 0.6525604097954346 0.6978615340641304 
-0.5920944930464707 0.6995145043212175 0.6502644393228589 
-1.8523044539444435 0.6783569860396513 0.6980217117631671 
-0.5889030664332198 0.6991189677927283 0.6667603080337452 
-0.4023257662348285 0.6741990478653768 0.6961373272511047 
-0.3744350916024686 0.2599499603710737 0.6998632164250342 
-0.5180381048401301 -0.031776701290376554 0.699946362206493 
-0.7109140866907033 0.6986606264451773 0.6858523510991145 
-0.37821210147110107 0.6281830282637634 0.6983832088563291 
-1.834434851679279 0.5834790173856763 0.6999053410343318 
-0.38176932914390904 0.6512268515532523 0.6982076507629064 
-1.858283398759331 0.6761793391323717 0.6998199306457746 
-0.37087334829855423 0.6039239115153605 0.6983305092840462 
-1.8991046987040758 0.6956077627741398 0.6935373610240236 
-0.3745155070325259 0.31338836288534916 0.6999075056154892 
-0.40253586840372435 0.6877473893341117 0.6923509875182383 
-0.3744789666345498 0.42334547814521656 0.6996834197010391 
-0.3806198362055062 0.35668368254334976 0.6998447467487755 
-0.3744950173528636 0.29687687977161387 0.6998859007419411 
-0.5134223083998162 0.6977325978450193 0.6754081140311522 
-0.4532522178202254 0.6878823432148119 0.697726361827888 
-0.4239814669244588 0.6956374827805858 0.6895705379374132 
-0.3813283312514999 0.5905009265387832 0.6995319636754912 
-0.8017189375068594 0.699609862546672 0.6784867962908727 
-1.9314381534823974 0.6490120232252098 0.6998448655779324 
