-0.374973323959658 0.6739324109598086 0.6999139448411803 
-0.843455201393239 0.6904606621980245 0.6999500133693014 
-0.6904985946113595 0.6886817166680109 0.6999555368209532 
-1.4675734455212894 0.6999953504319715 0.48661804567475736 
-0.3742959889367794 0.6989577241044411 0.6994904306934089 
-0.4150514391884119 0.6823584951520465 0.6997702981117861 
-0.37423110748500443 0.6639888471977489 0.6997526150690565 
-0.36709827988158183 0.684550939324267 0.6992506872613558 
-0.37477644845750135 0.6556935010574544 0.6998788027038728 
-0.36478286808798743 0.6281885601596114 0.6996822205902192 
-0.37492937818462857 0.6988160180124773 0.6996303506662168 
-0.3671532741596506 0.6738919723167572 0.6994739977738011 
-0.37501212452470445 0.668878978996895 0.6999813227543159 
-0.4150269162099067 0.6999952368750254 0.6994792104099389 
-0.3670392259190163 0.5920889356487394 0.6997214173219477 
-0.36546966812924997 0.6630494916033843 0.6989868917209993 
-0.3671175436023153 0.6912914801287644 0.6991830119962338 
-0.36244723577379 0.5683705433622244 0.6999871256523015 
-0.3671438521266901 0.6967971684480038 0.6991174314865309 
-0.40938880537636924 0.6733068651330121 0.6997018082592185 
-0.38476413495995065 0.673768662829098 0.6996420310827346 
-0.7472368540036554 0.6875835001452157 0.699752643917611 
-0.7352112953169678 0.6875046114755459 0.6997812561370421 
-1.8491593333484193 0.6825438112639929 0.6998831787779534 
-0.9462036828233555 0.6758944180790172 0.6998512276406761 
-1.8423819420080512 0.6800230154066016 0.6998660757519759 
-0.5923801113064375 0.6755684662103995 0.6997381787424011 
-0.3671094715799659 0.6812419074449341 0.6992094234334377 
-0.36706771422803075 0.6245383650080991 0.6995760909414429 
-0.3648222777208585 0.6143243116263096 0.6995176061210542 
-0.4093664939830526 0.6807798427863524 0.6995976889182284 
-0.4093902805942773 0.6823652434018067 0.6993498658884941 
-0.3913278238399569 0.6969321629696845 0.6985430507233813 
-0.3681490015604325 0.6249563557283339 0.6994217150902561 
-0.3681279420893109 0.6258438821060524 0.6992735340013919 
-0.39587100943331444 0.6072472674478909 0.6999449320396621 
-0.9756162861853608 0.6064626527097651 0.6999607769178552 
-0.42309658971285824 0.6686684634760072 0.6997258682063451 
-0.41071879994459937 0.6579055937611615 0.699949496030774 
-0.39586731696601385 0.6022992733772723 0.6998861089112358 
-0.3890676920559448 0.6546143299559325 0.6998843390481905 
-1.448107842320184 0.6999828527159812 0.5178278673844148 
-0.6382344882994551 0.6995053851050382 0.6896437547842182 
-0.43672016767429844 0.699182325527904 0.6939621537976621 
-0.806014951751354 0.699687436698299 0.6938903629245706 
-0.570445888958097 0.6995349961935561 0.6862666768584601 
-0.6540889883507357 0.699557198724668 0.6982277884511153 
-0.474394286716731 0.6995046047009639 0.696628062070568 
-0.8279860011853126 0.6999772512045692 0.6969585147971815 
-0.4558456647670792 0.6998412543639757 0.68032239844418 
-0.6370869931919187 0.699933509813883 0.6429555282540873 
-0.7095024468542157 0.6998493442484971 0.6917655196047313 
-1.9399457227799903 0.6999942022385327 0.40618372968013156 
-0.43171682676126144 0.6989073502762888 0.6872803859655376 
-0.9462162175638085 0.6969510511659159 0.6994130732261277 
-0.946200600692138 0.6917361271450913 0.6994610789924317 
-0.6408770676046518 0.6996492073716749 0.6814015901379014 
-0.41504074368145116 0.6988175326948834 0.6993201878761897 
-1.6664668795550543 0.6999938316917917 0.49488821747485623 
-0.36713569050711525 0.6836450818011256 0.6987640813618916 
-0.3732929365563362 0.1794570914732982 0.6998371718290501 
-0.37336648219703883 0.23404614346533553 0.6999308211792313 
-0.3733841285269808 0.2355142747386243 0.6999380812933576 
-0.37333980456792015 0.1811081479083757 0.6998407047378263 
-0.37335509911620024 0.21853508745131506 0.6998325046988362 
-0.37212129274653005 0.185288464077601 0.6997550021175503 
-0.37340378000825303 0.24461074427922638 0.699852711285813 
-0.3723559917006456 0.2668464341691084 0.6998191461757786 
-0.36635448429206496 0.4220637251138223 0.6996585979191902 
-1.8230661576084546 0.5466851496562122 0.6999728306755801 
-0.3753211572424562 0.24635315405265318 0.6999472190129987 
-0.37042249844472863 0.6958673579062555 0.698302430737742 
-0.3732992983120995 0.6941823816382299 0.6984867138191532 
-1.8460981547286264 0.6715231542673561 0.6996070095540811 
-0.3649328042503952 0.5772177694419471 0.6992116888663122 
-1.8605285501916327 0.5962400447565092 0.699932634365675 
-0.4278813254490388 0.6085746295854458 0.6998918633463616 
-1.7907603591183703 0.6236211727348246 0.6997504656907753 
-1.846096773953791 0.6499583869590783 0.6998598492825083 
-0.6288942512752511 0.6997166291030831 0.6544711019830338 
-0.7578676949335637 0.6995980477077848 0.6841654882073314 
-1.2724137682761634 0.6997963115659583 0.638453307750806 
-1.922023380115316 0.6933385166086308 0.6993214683169687 
-1.9220140839527105 0.6937358154619778 0.699302729189685 
-0.6252506776522411 0.6987823030768465 0.6685326114140943 
-0.41926108561083764 0.69598714991334 0.6879955193222335 
-0.42711679544716286 0.6985842754141616 0.6890306992853161 
-0.4867877325342367 0.69541259452178 0.6988082862055642 
-0.7122486764899525 0.6970977043964001 0.6986624919455477 
-0.49972258395371427 0.6857625239922508 0.698817090994784 
-0.9257779966424138 0.6971871170997291 0.6987745524725163 
-0.5687533150044708 0.6986732464990525 0.6766000099286319 
-0.3956785634066189 0.6753950742618087 0.698740400473508 
-0.3740668863361767 0.15786459177840975 0.6999219986416003 
-0.37338680932103396 0.21826165107830856 0.699904403635177 
-0.3732975909021823 0.18251803305867245 0.6996965747848369 
-0.37343778909757797 0.2610943200132458 0.6998139536386883 
-0.3733964534915144 0.2574681206919176 0.6997324074846027 
-0.3732881101962684 0.17636374961522913 0.6998037300537471 
-0.38127199452546057 0.6953114732315258 0.6970901227374916 
-0.37469182943979673 0.6902037717559897 0.6975517154921891 
-0.3942451550241233 0.6897782432639535 0.6980390131997011 
-0.39424799406107125 0.6876122702663313 0.6984002900658941 
-0.3865964344113819 0.6931329548223993 0.6976845641469829 
-1.9465525394671084 0.6731519156975084 0.688218317779348 
