-1.30472150961899 0.6999816139354132 0.6253978581568059 
-2.2265687456343173 0.6999537963837152 0.6748052147294181 
-0.6164133596681531 0.5167637208495728 0.6999571100839153 
-0.6212346105908437 0.6928569960537881 0.6998188064991286 
-0.5258845037549855 0.32640251420844374 0.6999668127540157 
-0.4155142947487007 0.6814196819890763 0.6997777380455374 
-0.36635818562166955 0.6284780489536672 0.6999351957457487 
-0.40856198867684035 0.699682411776289 0.6907942687945948 
-0.8552824243762907 0.6997515988173363 0.6983205896446961 
-0.525375752213981 0.6919873127998734 0.6998056716226893 
-0.7808706291171803 0.6998707166502868 0.6641080032928239 
-0.5948655947508135 0.6999763384614871 0.6551417726267612 
-0.4579473382161694 0.6995053001178584 0.6984552260147562 
-0.4504192322807885 0.6998158666813599 0.6965581445963579 
-0.39652018617973184 0.6994333749319976 0.6943873423257998 
-0.532775425040465 0.6997158830772161 0.6998179067529975 
-0.36915080205570905 0.6723256974091398 0.6996869777267222 
-0.6535078776290624 0.6779312623098787 0.6999862932680826 
-0.9064852836688395 0.6999866082111543 0.6015570589022406 
-1.17108024413327 0.6999875379132012 0.5457395846256663 
-0.7112689405776955 0.6998215947038328 0.6670139657671945 
-0.6276641053902499 0.6848683508447435 0.6999068152332366 
-0.3931340875999725 0.6834976124319064 0.6993679778431818 
-0.4880734299925107 0.6924169190040697 0.6996011799344718 
-0.42444861694285696 0.699654891652252 0.6957567238262545 
-0.36638131493005544 0.6702920894504664 0.699682585398491 
-0.4325330642605274 0.697103421138601 0.6980324057609347 
-0.37127825770778067 0.6940790557339122 0.6993415819705572 
-0.3957893352662336 0.6979886082834833 0.6936968264880915 
-1.187218053403794 0.6999326784342912 0.692933221102234 
-0.8319157157651891 0.6999789177061795 0.6025524466722094 
-0.36630397493174405 0.6511391809256732 0.6998679916350466 
-0.4411276425813404 0.6396824052530787 0.699951759021909 
-0.6279198849274292 0.6749861205793921 0.6999201222300047 
-0.3713432024391057 0.6968319470391007 0.6993426352511247 
-0.36629679356359524 0.6603033788423374 0.6997352132610842 
-0.36633869525260976 0.6821820550495888 0.6991061117939348 
-0.36630657638645414 0.6611791294880288 0.6996972871896235 
-0.36634988022431414 0.6822629637152184 0.6993312940603457 
-0.37082566338994183 0.6819370989133886 0.6995011236165426 
-0.3664567308386453 0.6923379459050891 0.6989353846687621 
-0.5456812099227899 0.6999254373386945 0.6620189525417172 
-1.8909552370271543 0.6998367507447839 0.6941379325021381 
-0.4411956023582444 0.6729777938540831 0.6997539149089371 
-0.3754361481170516 0.5289845538021732 0.6999028285582862 
-1.1815950957060344 0.6999424213577753 0.6395745122274594 
-0.6009891998741073 0.6997453862119983 0.6769063174534706 
-0.8549737654387977 0.6997693890475685 0.6815072732470685 
-0.46513280506827304 0.6992562533875833 0.6958953648115561 
-0.4162489034117307 0.6993842165783566 0.6901098313926786 
-0.41479792873177446 0.6981688102454292 0.6937861231423704 
-0.5804590175371562 0.6984952412348544 0.6988091259548174 
-0.9815130487585191 0.6988519683048261 0.6989037456136054 
-0.5470865772238933 0.6922101000130367 0.6997679598297428 
-1.9352724119505633 0.6991470193480536 0.6965074563576367 
-0.8476520591124779 0.6983632956939456 0.6997914764091087 
-0.7083325760226822 0.697318330753255 0.6997799584670675 
-0.8733577353023054 0.6997048231236334 0.6954829929642554 
-0.6490548443119579 0.6996802131309273 0.6932679571091757 
-0.6760214907226982 0.31354464542829497 0.6999583128148391 
-1.0918293809812658 0.6998052900464415 0.6628504957102076 
-0.6278868441067755 0.6782444218101659 0.6997942300518288 
-0.9293253010493021 0.6796607404283792 0.6998104767745489 
-0.6279149684743757 0.6787874087189393 0.699870743595171 
-0.5347599336323052 0.6736011197987247 0.6995559501572934 
-0.4474557411686304 0.6995528235345853 0.6937150353017401 
-0.6193535503780454 0.6995945200146803 0.6801000930738932 
-0.5651073479474784 0.6995865382664919 0.6774154965763222 
-0.39311847831374735 0.6675022234998774 0.6995891762480332 
-0.39851468977292437 0.6976709079754034 0.6933451721516402 
-1.1821212391357747 0.6999648508674009 0.5276488498847122 
-1.840376311027753 0.699973023750025 0.39930152707160227 
-0.8813578939106816 0.6999379185493038 0.5931820481415566 
-0.9080535262899274 0.699957654196505 0.5867170397081348 
-0.3691079542571827 0.6437748122248528 0.6998235937557217 
-0.546562101819609 0.6183522996204109 0.6998800124082548 
-0.7621681366382032 0.6717583492480476 0.6998767595056511 
-1.0342741301644809 0.3718190720785644 0.6999165035317426 
-0.3808385852459588 0.6949748914677774 0.6973443332758731 
-0.4579937269511265 0.694313333990939 0.69870792933554 
-0.4504535070521867 0.6949846940293065 0.6963956558493619 
-0.5800543410587586 0.6963600813119404 0.6969536776579233 
-0.44708976739347683 0.6927832181565688 0.6987754431601261 
-0.3717073066203913 0.6854925701052602 0.6992292321379544 
-0.3931183553413178 0.6868707172776006 0.6992947435263874 
-0.3713692813422602 0.6914353006215855 0.6991482006795563 
-0.44372237823314764 0.6933420554859467 0.6974305353203486 
-0.3714157563454925 0.6807720188414642 0.6994616140238629 
-0.37126998947574164 0.6802669821596591 0.6994460551639521 
-0.36923764048763474 0.6885133526711654 0.6988587308602304 
-1.0719129308789155 0.6998320138904304 0.6409875009677113 
-0.7792134579869503 0.6999215762501405 0.6250652114800154 
-0.693871812597946 0.6997657638637285 0.6324505934870488 
-0.588717234363282 0.6995888567265338 0.6612472545885829 
-1.2732079362148276 0.699882656674313 0.5090252200632135 
-2.3851038069305384 0.6997267120333592 0.6442932780804174 
-1.7086567348598733 0.6999028275588648 0.5269347413468536 
-1.1744841107427875 0.6996729817111362 0.5298779126428371 
-1.9660180947941108 0.6980655636696009 0.6986492347682172 
-1.8258753749247507 0.6435004223804458 0.6994366469231982 
-1.8900412497302814 0.6979991643198867 0.6969914605495535 
-0.5373172009212162 0.6924007158844957 0.6760902021469214 
-0.7739026674915495 0.6923848553714615 0.683559897880781 
-0.4113577735573035 0.6307602100187099 0.6937541409001116 
-0.49879804631717684 0.6980954215782199 0.6711326004094615 
