-0.44537459174727134 0.699606158169376 0.699151514612863 
-0.37595650438231965 0.21684999615089204 0.6999976641228876 
-1.8590472362821497 0.6995846179526174 0.6998835687459969 
-1.8138096050943533 0.6851440031384759 0.6999222040918628 
-0.36548716807724824 0.655693233750535 0.6998605574913458 
-0.3747469838503863 0.6981296857869983 0.6998762834003509 
-1.8190186835235433 0.699894418481661 0.6993557370712787 
-0.5574961022821117 0.6997450141512922 0.6977965663634227 
-1.8335592398939182 0.5992815889687987 0.6999871256016075 
-0.3744415828847443 0.0930543367199029 0.6999872167390828 
-1.8856507988791926 0.6999107908091933 0.6972867326890937 
-0.3747148769253368 0.6889291649501625 0.6992031736511646 
-0.3759591318087536 0.24945685509548798 0.6999796733420913 
-1.0788723561445321 0.699997934722467 0.5499854115405188 
-0.3648955775161278 0.6102996035827516 0.6999133410983702 
-0.36264385805603894 0.6821173757804349 0.6998235163561167 
-0.38461102614969755 0.6763179649131219 0.6999452221798247 
-1.9461954367753695 0.6999398669018431 0.6917846959574666 
-0.39090799694629697 0.6997544992104887 0.6954558367990201 
-0.3744455098391042 0.11326866330587763 0.6999830252894718 
-1.5451759027105187 0.6999974301356098 0.6346903590538072 
-0.5691680255850011 0.6989016629549683 0.699405121741428 
-0.3759551033023081 0.23567480230983617 0.6999810063265222 
-0.38461836382414805 0.6994262163800572 0.6954354139311797 
-1.8566101192266329 0.6038543717181409 0.6999620444470721 
-0.3654242143736828 0.5881228920766334 0.699978105274564 
-0.4338011802690942 0.6999731933247922 0.6857478109729704 
-2.067656811289272 0.6988105142495146 0.699471198688451 
-1.86574695049541 0.6876692470270892 0.6998493616424661 
-0.4116014594719193 0.6899264055231377 0.6989855710557412 
-0.4115949094733027 0.6913624873757184 0.6985661592871535 
-0.4092107928958053 0.6939124638200017 0.6971471916998934 
-0.5276132650231764 0.6929022628214786 0.6983799638132547 
-0.3938068744417531 0.6977868200351831 0.6957992684052623 
-0.40963572376079904 0.6892691243603067 0.6994159150698791 
-1.8098530008248535 0.6969568205258151 0.699772527516938 
-0.41658064143045825 0.6981181902150468 0.6982220018756665 
-1.9334949533876582 0.6827458780383426 0.6998731832224202 
-1.8091162267575105 0.68813149149178 0.6997047717115659 
-1.8927796529187466 0.6978062863721836 0.699749132206341 
-0.5651135395756073 0.699023419812112 0.6972099930642629 
-1.8755461250762013 0.6996364489253867 0.6975526656953118 
-1.9078851406159703 0.6997591717158708 0.6954997295233886 
-0.37759497404446263 0.6852652473188898 0.6978765668663516 
-0.38151185517045283 0.6878170820025964 0.6981836903248285 
-0.3653892942845214 0.561347254328273 0.6998370634399964 
-0.37228894679225166 0.6811464329419334 0.6981671638776907 
-0.3626439535962256 0.6434899234729077 0.6990076321748728 
-0.3647918923089497 0.3270527308243945 0.6995563306172111 
-0.36479633155257796 0.35653330156162616 0.6994385410798951 
-0.3649078841936031 0.5978631573919068 0.6994309114479759 
-0.36493456431033033 0.6034527305308657 0.6995709687397923 
-0.36482396721034815 0.3571634935731188 0.699560346410886 
-0.3718281800321426 0.6508929771281604 0.699750620171262 
-0.3654039430606517 0.577237158362797 0.6997496498992092 
-0.3651810472286061 0.597946045951311 0.6996012258054254 
-0.3648478852279631 0.3919050700644309 0.6995099996241079 
-0.3656714179642808 0.659306320247047 0.699739952322686 
-0.36543484041088004 0.5942726956516409 0.6996750223061772 
-0.36532970677868204 0.6801173600275324 0.699674712605426 
-0.36517860336198393 0.6279235084516108 0.6994240399226281 
-0.9159315255376097 0.6642685730471579 0.6999037432351998 
-1.8827823960513985 0.6709583112004887 0.6999047829644688 
-0.4653609771735301 0.5955757274615163 0.6998683415957478 
-0.3744949124917547 0.10731673813512597 0.6999803628455219 
-1.8313328135752451 0.6973165845971775 0.6993439023690161 
-1.9764411561824011 0.6981004796157055 0.69909149939253 
-1.8718989959384404 0.6988077937370785 0.6975705929447115 
-0.42573699005381394 0.6991475912039438 0.6892572035416279 
-0.3918806997192288 0.688530222354467 0.6952171126485578 
-0.4009428940165827 0.6986873059171242 0.6937459040329247 
-0.3759700590471253 0.2799323120856258 0.6999325080536849 
-0.37606183418914485 0.2751708934637144 0.6999648973235885 
-0.3760035326893112 0.24569149038790514 0.6999664521845523 
-0.37443891975633825 0.09114803978414512 0.69984983957466 
-0.37441133914026725 0.08581116471585412 0.699886905373811 
-0.36556848868857594 0.5785581489419204 0.6998345137756359 
-0.7179574453472148 0.3527084251844723 0.6999282242461761 
-1.8543209611164224 0.55663571647932 0.6999056664545802 
-0.3744502945110981 0.09938702535408397 0.6999120185144587 
-0.3744728369609909 0.11235074167374431 0.6998814748109102 
-0.3759741789046469 0.21961424896025206 0.6999420174873655 
-0.37605573948534277 0.32835886154246946 0.699873652642208 
-0.5033910142310711 0.6998490213142267 0.6834978595592112 
-1.453912054932236 0.69990028890538 0.6816871046959354 
-1.3636560637883668 0.6999138245249298 0.6688183888106874 
-2.060777631491296 0.6999571710688964 0.6762170156014791 
-0.5238964775815718 0.6999583857041555 0.6684179426596379 
-1.9696975616607744 0.6998679481170432 0.6839268153919166 
-0.44187106327644066 0.6996203601152777 0.6856368797370886 
-2.3605050910254053 0.6999447904627373 0.648818839783787 
-2.2103799425697455 0.6998924452788278 0.6750044609655863 
-1.8422833853488774 0.5087374224675346 0.6994405884753921 
-1.94032832574322 0.6999450158824009 0.4166671223022569 
-1.9046050862550041 0.6994446915424721 0.6957000165006562 
-1.9676692704729244 0.6954885722847558 0.6975957666333527 
-1.9878693018918852 0.6997422159117888 0.6877023214926623 
-1.866799361435341 0.6950068346837208 0.6969183813397442 
-1.8902839859917044 0.6984676432509099 0.6929483652169195 
-1.8657143319560214 0.6938959884261379 0.6996988979984099 
-1.8563583975927687 0.6545030876675765 0.6998608444401909 
-1.8780024252504797 0.6951428938969941 0.6995139859949805 
-1.7983316877055446 0.6999434294393373 0.5771464958578028 
-0.5204618017276925 0.6929394655486749 0.6979703277883735 
-0.43351264828275604 0.6953601291757057 0.6908296717060713 
