0.7598040145753238 3.539874989948742 0.7998672854872926 
0.7369518980111713 3.895945491173599 0.7844762652051667 
0.8803439120549702 1.4011450324089618 0.901701472788687 
0.8478845233751146 2.2429523864235974 0.8691982882245892 
0.8661810984448782 1.937784239598247 0.8826759109231573 
0.8969447602069265 0.9509889033668268 0.9129021110499244 
0.7948499406157885 3.1615864260028768 0.8273014159606777 
0.8969447602069265 1.0138905165016219 0.9128133877684529 
0.7427230704500793 3.7112397032344653 0.790948425133071 
0.7641865563367166 3.3048790949987388 0.8140116486733782 
0.7113677046450556 3.895980572154638 0.768507497663084 
0.7191686760046785 3.895959882742682 0.7778551128941269 
0.7012036836251433 3.9939131885446146 0.7642428553523978 
0.8325847524455012 2.567207340810541 0.8538392338135646 
0.8641164814994273 1.7745418103702086 0.8896763236995888 
0.7976501145884421 2.9015531338883203 0.8323020717627136 
0.7948499406157885 3.1615864260028768 0.8273014159606777 
0.8969447602069265 1.081010022877904 0.9121607856565879 
0.7084770489507035 3.993897724627393 0.7685137292660391 
0.7369518980111713 3.895945491173599 0.7844762652051667 
0.8478845233751146 2.2429523864235974 0.8691982882245892 
0.7592719540609923 3.6238455721099467 0.80352322837473 
0.817767847590503 2.7833516404994256 0.8448819663624433 
0.8969447602069265 0.9509889033668268 0.9129021110499244 
0.8325847524455012 2.5169725974103487 0.8539209988018739 
0.7740906579272994 3.4587390800221613 0.8131162484811462 
0.8715112589580056 1.4971379259079622 0.89667037672413 
0.8646057028502631 1.7440564616320096 0.8899864475467405 
0.8661810984448782 1.937784239598247 0.8826759109231573 
0.7101764519235962 3.9938786332561493 0.7691250375850844 
0.7191686760046785 3.895959882742682 0.7778551128941269 
0.7427230704500793 3.7112397032344653 0.790948425133071 
0.7369518980111713 3.895945491173599 0.7844762652051667 
0.7101764519235962 3.9938786332561493 0.7691250375850844 
0.8006164317399369 3.1615799971633662 0.829195235919185 
0.8715112589580056 1.6850560384431774 0.8957459258218291 
0.8969447602069265 1.081010022877904 0.9121607856565879 
0.8540240143905045 2.121391648746097 0.8699838465180632 
0.8969447602069265 0.9509889033668268 0.9129021110499244 
0.8649876518878361 1.7441185234184664 0.8879640075445746 
0.7012036836251433 3.9939131885446146 0.7642428553523978 
0.815433336594935 2.901543994697262 0.8381190369909666 
0.8622938562834268 1.9035630654276983 0.8870151379086495 
0.7636096203719592 3.4587537583397694 0.8091675039730203 
0.8288149065170007 2.420637451318749 0.85481313598523 
0.7191686760046785 3.895959882742682 0.7778551128941269 
0.7427230704500793 3.7112397032344653 0.790948425133071 
0.8646057028502631 1.7440564616320096 0.8899864475467405 
0.815433336594935 2.901543994697262 0.8381190369909666 
0.7369518980111713 3.895945491173599 0.7844762652051667 
0.7191686760046785 3.895959882742682 0.7778551128941269 
0.8907035760676502 1.4011109007046558 0.9071252153224449 
0.8478845233751146 2.2429523864235974 0.8691982882245892 
0.8969447602069265 1.081010022877904 0.9121607856565879 
0.8325847524455012 2.5169725974103487 0.8539209988018739 
0.7740906579272994 3.4587390800221613 0.8131162484811462 
0.7084770489507035 3.993897724627393 0.7685137292660391 
0.8006164317399369 3.1615799971633662 0.829195235919185 
0.7427230704500793 3.7112397032344653 0.790948425133071 
0.7101764519235962 3.9938786332561493 0.7691250375850844 
0.8639039061614363 1.972755377919866 0.8803422442512323 
0.8006164317399369 3.1615799971633662 0.829195235919185 
0.7084770489507035 3.993897724627393 0.7685137292660391 
0.7636096203719592 3.4587537583397694 0.8091675039730203 
0.8622938562834268 1.9035630654276983 0.8870151379086495 
0.7101764519235962 3.9938786332561493 0.7691250375850844 
0.8332001093801931 2.516945201583797 0.8534216561403306 
0.7369518980111713 3.895945491173599 0.7844762652051667 
0.7427230704500793 3.7112397032344653 0.790948425133071 
0.7191686760046785 3.895959882742682 0.7778551128941269 
0.8639039061614363 1.972755377919866 0.8803422442512323 
0.83303909865754 2.420609583375725 0.8601370705798309 
0.8969447602069265 1.081010022877904 0.9121607856565879 
0.815433336594935 2.901543994697262 0.8381190369909666 
0.8907035760676502 1.312194408646738 0.9075900937325326 
0.7101764519235962 3.9938786332561493 0.7691250375850844 
0.7948499406157885 3.1615864260028768 0.8273014159606777 
0.8490870013064381 2.1213633922220194 0.8714053414202536 
0.7427230704500793 3.7112397032344653 0.790948425133071 
0.815433336594935 2.901543994697262 0.8381190369909666 
0.8639039061614363 1.972755377919866 0.8803422442512323 
0.7369518980111713 3.895945491173599 0.7844762652051667 
0.8622938562834268 1.9035630654276983 0.8870151379086495 
0.8325847524455012 2.5169725974103487 0.8539209988018739 
0.7191686760046785 3.895959882742682 0.7778551128941269 
0.7084770489507035 3.993897724627393 0.7685137292660391 
0.8969447602069265 1.081010022877904 0.9121607856565879 
0.7741255861788294 3.3805273075269517 0.8103252110657423 
0.8751887714812437 1.4481831392004187 0.8979345182112773 
0.7084770489507035 3.993897724627393 0.7685137292660391 
0.7427230704500793 3.7112397032344653 0.790948425133071 
0.8907035760676502 1.4011109007046558 0.9071252153224449 
0.8661810984448782 1.937784239598247 0.8826759109231573 
0.8963666885149875 1.0984959700552135 0.9118147229509982 
0.8006164317399369 3.1615799971633662 0.829195235919185 
0.8627984344833421 1.8701935957230513 0.8873310673039293 
0.7976501145884421 2.9015531338883203 0.8323020717627136 
0.7101764519235962 3.9938786332561493 0.7691250375850844 
0.817767847590503 2.7268929914346853 0.8449605795099964 
0.7191686760046785 3.895959882742682 0.7778551128941269 
0.7636096203719592 3.4587537583397694 0.8091675039730203 
0.7369518980111713 3.895945491173599 0.7844762652051667 
0.8478845233751146 2.2429523864235974 0.8691982882245892 
0.7741255861788294 3.3805273075269517 0.8103252110657423 
0.815433336594935 2.901543994697262 0.8381190369909666 
