0.7606686181926794 3.623845081054988 0.8001716494138031 
0.7010588904766786 3.9939131885446146 0.7641696657439674 
0.8225136624425979 2.672098667832665 0.8469985529994388 
0.787157804284093 3.1615864260028768 0.8231674609449603 
0.7191577068267645 3.895959882742682 0.7778495831525064 
0.8290600276164709 2.3743258630656228 0.8592492449931376 
0.8878588288474757 1.1905286869881668 0.9088814773181728 
0.7104241754763221 3.8961548167089823 0.7697463713410395 
0.8727765830030259 1.628597245343777 0.8961879607708212 
0.7311744377091092 3.8959543891111967 0.7823844040930007 
0.8558218526506134 2.045265903589444 0.8702659628748499 
0.8928113483813941 1.2497553120468579 0.9078141307370682 
0.7976391454105282 2.9015531338883203 0.8320879914066409 
0.7670210428818993 3.4587611381146535 0.8104211874222622 
0.7427844978463976 3.7112397032344653 0.7909784781896962 
0.7593333814573107 3.6238455721099467 0.803553133302162 
0.8503188861686296 2.045274341378192 0.8702610746108546 
0.872244548086096 1.6851024579583926 0.8956123718110255 
0.7084770489507035 3.993897724627393 0.7685137292660391 
0.7191577068267645 3.895959882742682 0.7778495831525064 
0.8006493392736789 3.1615799971633662 0.8292103112186946 
0.834319527960206 2.567207340810541 0.8539715131679334 
0.8404189277862347 2.242969669828305 0.8606425416769022 
0.7104241754763221 3.8961548167089823 0.7697463713410395 
0.8878588288474757 1.1905286869881668 0.9088814773181728 
0.7311744377091092 3.8959543891111967 0.7823844040930007 
0.7433056062283472 3.6241170141693466 0.7913173361895652 
0.7806904674346165 3.3805511961002934 0.8153845563316288 
0.7670210428818993 3.4587611381146535 0.8104211874222622 
0.8928113483813941 1.2497553120468579 0.9078141307370682 
0.8503188861686296 2.045274341378192 0.8702610746108546 
0.7976391454105282 2.9015531338883203 0.8320879914066409 
0.834319527960206 2.567207340810541 0.8539715131679334 
0.840976427933039 2.201402317363158 0.8616813110276256 
0.787157804284093 3.1615864260028768 0.8231674609449603 
0.7606686181926794 3.623845081054988 0.8001716494138031 
0.7012036836251433 3.9939131885446146 0.7641396568661272 
0.7311744377091092 3.8959543891111967 0.7823844040930007 
0.7414777628765854 3.6238584084605296 0.7968209931569495 
0.8670096022018494 1.7745418103702086 0.8905165157567934 
0.7104241754763221 3.8961548167089823 0.7697463713410395 
0.8884741957443223 1.1714774330782278 0.9092540956837312 
0.8928113483813941 1.333809177783103 0.9070888320614344 
0.7806904674346165 3.4587537583397694 0.8151252539299412 
0.7191577068267645 3.895959882742682 0.7778495831525064 
0.787157804284093 3.1615864260028768 0.8231674609449603 
0.834319527960206 2.567207340810541 0.8539715131679334 
0.7976391454105282 2.9015531338883203 0.8320879914066409 
0.7598259699766838 3.5398963808876656 0.8038773439166419 
0.7427844978463976 3.7112397032344653 0.7909784781896962 
0.7806904674346165 3.4587537583397694 0.8151252539299412 
0.7084770489507035 3.993897724627393 0.7685137292660391 
0.7191577068267645 3.895959882742682 0.7778495831525064 
0.8626026772911477 1.9377906118286277 0.8815696649546352 
0.8878588288474757 1.1905286869881668 0.9088814773181728 
0.7104241754763221 3.8961548167089823 0.7697463713410395 
0.7311744377091092 3.8959543891111967 0.7823844040930007 
0.8359360184863454 2.0827552427485947 0.8695036514047825 
0.8869971718221324 1.5743545625020101 0.9038191802610985 
0.8878588288474757 1.2099121245811002 0.9088043037303912 
0.8376941970280303 2.3744251642425005 0.8578222699488499 
0.8540240143905045 2.121391648746097 0.8693304958878963 
0.834319527960206 2.567207340810541 0.8539715131679334 
0.867386101505941 1.7441367258377953 0.8858376388131692 
0.7593333814573107 3.6238455721099467 0.803553133302162 
0.7084770489507035 3.993897724627393 0.7685137292660391 
0.7427844978463976 3.7112397032344653 0.7909784781896962 
0.7191577068267645 3.895959882742682 0.7778495831525064 
0.7104241754763221 3.8961548167089823 0.7697463713410395 
0.7806904674346165 3.3805511961002934 0.8153845563316288 
0.7670210428818993 3.4587611381146535 0.8104211874222622 
0.7370133254074898 3.895945491173599 0.7845060255159713 
0.7981712029704036 2.841593702789949 0.8324232573328181 
0.7084770489507035 3.993897724627393 0.7685137292660391 
0.7427844978463976 3.7112397032344653 0.7909784781896962 
0.8535591314843037 1.8376021950626569 0.8820026642701244 
0.7806904674346165 3.4587537583397694 0.8151252539299412 
0.78282224055553 3.1615903951990174 0.8230801014992168 
0.8663078055130227 1.972755377919866 0.8801429052457701 
0.7104241754763221 3.8961548167089823 0.7697463713410395 
0.8382262190669609 2.329454197757313 0.8581370263595437 
0.7311744377091092 3.8959543891111967 0.7823844040930007 
0.8219531543612953 2.672116448806926 0.8467467513565707 
0.7191577068267645 3.895959882742682 0.7778495831525064 
0.7606686181926794 3.623845081054988 0.8001716494138031 
0.8878588288474757 1.2099121245811002 0.9088043037303912 
0.8194741032426314 2.7833516404994256 0.8452744567343277 
0.7191577068267645 3.895959882742682 0.7778495831525064 
0.7606686181926794 3.623845081054988 0.8001716494138031 
0.8325614288180643 2.420640484438677 0.855974500683249 
0.7670210428818993 3.4587611381146535 0.8104211874222622 
0.8866675761260164 1.2296403743855544 0.907976857332388 
0.7104241754763221 3.8961548167089823 0.7697463713410395 
0.7370133254074898 3.895945491173599 0.7845060255159713 
0.8503188861686296 2.045274341378192 0.8702610746108546 
0.7012036836251433 3.9939131885446146 0.7641396568661272 
0.8668398404299525 1.805791958627069 0.8830901950724332 
0.7414777628765854 3.6238584084605296 0.7968209931569495 
0.834319527960206 2.567207340810541 0.8539715131679334 
0.83917858967293 2.285642367708027 0.8607150180028045 
0.8503188861686296 2.045274341378192 0.8702610746108546 
0.7104241754763221 3.8961548167089823 0.7697463713410395 
0.7427844978463976 3.7112397032344653 0.7909784781896962 
0.7311744377091092 3.8959543891111967 0.7823844040930007 
0.7593333814573107 3.6238455721099467 0.803553133302162 
