0.8579399978701683 1.8702811162182216 0.8749218936216535 
0.8461379024816058 1.9035630654276983 0.8794043276398174 
0.7012036836251433 3.9939131885446146 0.7642428553523978 
0.7084770489507035 3.993897724627393 0.7685137292660391 
0.8747670879071606 1.548130388049705 0.8968010993956377 
0.8610883466889038 1.7745418103702086 0.8882843755416037 
0.8610883466889038 1.7745418103702086 0.8882843755416037 
0.7084770489507035 3.993897724627393 0.7685137292660391 
0.8581253357592283 1.8702614943543674 0.8799590080495769 
0.8353945073957769 2.567207340810541 0.854443641257506 
0.7414887320544994 3.6238584084605296 0.7968265623323 
0.7191686760046785 3.895959882742682 0.7778551128941269 
0.7084770489507035 3.993897724627393 0.7685137292660391 
0.8881960209862421 0.906293933471063 0.9088594036625918 
0.8353945073957769 2.567207340810541 0.854443641257506 
0.7084770489507035 3.993897724627393 0.7685137292660391 
0.8546786029431606 1.8375865892909466 0.8828966047599744 
0.8095944488965544 2.9015496452256926 0.8360780705161649 
0.8881960209862421 1.0139154343162016 0.9077899800458369 
0.8881960209862421 0.8918533683622075 0.9089311884603224 
0.7084770489507035 3.993897724627393 0.7685137292660391 
0.7593457277343223 3.623838156613779 0.8033893101625373 
0.8610883466889038 1.7745418103702086 0.8882843755416037 
0.7084770489507035 3.993897724627393 0.7685137292660391 
0.8610883466889038 1.7745418103702086 0.8882843755416037 
0.7540879225046863 3.6238455721099467 0.8008786738304648 
0.7084770489507035 3.993897724627393 0.7685137292660391 
0.8881960209862421 1.0139154343162016 0.9077899800458369 
0.7097428920819779 3.8959966174200655 0.7692230401901682 
0.7414887320544994 3.6238584084605296 0.7968265623323 
0.8610883466889038 1.7745418103702086 0.8882843755416037 
0.7084770489507035 3.993897724627393 0.7685137292660391 
0.8819425740445557 1.4011448273847464 0.9026609503674324 
0.8353945073957769 2.567207340810541 0.854443641257506 
0.7414887320544994 3.6238584084605296 0.7968265623323 
0.7084770489507035 3.993897724627393 0.7685137292660391 
0.7593457277343223 3.623838156613779 0.8033893101625373 
0.7311854068870232 3.8959543891111967 0.7823897940063691 
0.7414887320544994 3.6238584084605296 0.7968265623323 
0.8881960209862421 1.0139154343162016 0.9077899800458369 
0.7414887320544994 3.6238584084605296 0.7968265623323 
0.7191686760046785 3.895959882742682 0.7778551128941269 
0.7191686760046785 3.895959882742682 0.7778551128941269 
0.7728704531262383 3.1615903951990174 0.8166001511355105 
0.7414887320544994 3.6238584084605296 0.7968265623323 
0.7370133254074898 3.8018170392540265 0.7847515934183338 
0.7191686760046785 3.895959882742682 0.7778551128941269 
0.7414887320544994 3.6238584084605296 0.7968265623323 
0.7370133254074898 3.895945491173599 0.7845060255159713 
0.7084770489507035 3.993897724627393 0.7685137292660391 
0.7812891625552435 2.96333052432411 0.8290388418701019 
0.8610883466889038 1.7745418103702086 0.8882843755416037 
0.7925689905171862 3.1615799971633662 0.8241234596769863 
0.7097428920819779 3.8959966174200655 0.7692230401901682 
0.7414887320544994 3.6238584084605296 0.7968265623323 
0.7593457277343223 3.623838156613779 0.8033893101625373 
0.7191686760046785 3.895959882742682 0.7778551128941269 
0.8610883466889038 1.7745418103702086 0.8882843755416037 
0.7485487965723729 3.7110945955384165 0.7939528727476507 
0.7097428920819779 3.8959966174200655 0.7692230401901682 
0.7097428920819779 3.8959966174200655 0.7692230401901682 
0.7593457277343223 3.623838156613779 0.8033893101625373 
0.8881960209862421 0.8918533683622075 0.9089311884603224 
0.7084770489507035 3.993897724627393 0.7685137292660391 
0.8881960209862421 1.0139154343162016 0.9077899800458369 
0.8405488833949518 2.2429523864235974 0.8656486536893985 
0.7084770489507035 3.993897724627393 0.7685137292660391 
0.7191686760046785 3.895959882742682 0.7778551128941269 
0.8205776025407787 2.7833516404994256 0.8457787850799018 
0.7084770489507035 3.993897724627393 0.7685137292660391 
0.8508486177740973 1.9726806005342985 0.8792664062995591 
0.8553500799922429 1.972883889088825 0.8703542163381559 
0.7084770489507035 3.993897724627393 0.7685137292660391 
0.7593457277343223 3.623838156613779 0.8033893101625373 
0.7191686760046785 3.895959882742682 0.7778551128941269 
0.7191686760046785 3.895959882742682 0.7778551128941269 
0.8205776025407787 2.7833516404994256 0.8457787850799018 
0.7593457277343223 3.623838156613779 0.8033893101625373 
0.7084770489507035 3.993897724627393 0.7685137292660391 
0.7191686760046785 3.895959882742682 0.7778551128941269 
0.8581253357592283 1.8702614943543674 0.8799590080495769 
0.8205776025407787 2.7833516404994256 0.8457787850799018 
0.7191686760046785 3.895959882742682 0.7778551128941269 
0.8620786152600468 1.7745953742474918 0.8798725008514438 
0.7191686760046785 3.895959882742682 0.7778551128941269 
0.7628458180318052 3.4587656944236373 0.8088000779413607 
0.7097428920819779 3.8959966174200655 0.7692230401901682 
0.7097428920819779 3.8959966174200655 0.7692230401901682 
0.7970901205416572 3.1615739902670303 0.826075793699004 
0.8405489231830472 2.285642367708027 0.8613026024433441 
0.7097428920819779 3.8959966174200655 0.7692230401901682 
0.7311854068870232 3.8959543891111967 0.7823897940063691 
0.8881960209862421 1.046925933213845 0.9077527923844565 
0.7097428920819779 3.8959966174200655 0.7692230401901682 
0.8596240026550725 1.8057308776659864 0.8840981368422084 
0.7084770489507035 3.993897724627393 0.7685137292660391 
0.8740623182261867 1.6564989700886334 0.8958121294511565 
0.7737700187939164 3.4587611381146535 0.8126097128878941 
0.7104163764924701 3.895961733276225 0.7681054244011551 
0.7097428920819779 3.8959966174200655 0.7692230401901682 
0.7976501145884421 2.9015531338883203 0.8320932280262541 
0.7628458180318052 3.4587656944236373 0.8088000779413607 
0.7084770489507035 3.993897724627393 0.7685137292660391 
0.7097428920819779 3.8959966174200655 0.7692230401901682 
0.8881960209862421 1.0139154343162016 0.9077899800458369 
