0.7191686760046785 3.895959882742682 0.7778551128941269 
0.8346099242099649 2.4681392909058024 0.8571306513804642 
0.7012036836251433 3.9939131885446146 0.7642428553523978 
0.7113304086380905 3.8959770163400522 0.7697697847898808 
0.8743272736425585 1.4011210008184087 0.8983028113290672 
0.7628458180318052 3.4587656944236373 0.8088000779413607 
0.7977804558888643 3.027378649474711 0.8307526514724044 
0.7539826183967119 3.6238455721099467 0.8008269266351017 
0.8500421988776541 2.201394989509922 0.8663831204246943 
0.7672615168895147 3.1616526531035745 0.8166132879139772 
0.8562893713953332 1.805728426216275 0.8818748658500917 
0.8778719895713014 1.472444759604697 0.8945468563786892 
0.7812444276607393 3.2320958967950997 0.8156125146539481 
0.736956579325931 3.711247942463593 0.7888241264746754 
0.7249398484435864 3.711253029404588 0.7842124933355741 
0.8154333365949351 2.841529161454443 0.837965132343822 
0.7324325967106077 3.895945491173599 0.7822776644216152 
0.7084770489507035 3.993897724627393 0.7685137292660391 
0.8681691662943396 1.7745621408771974 0.8881565690566884 
0.8775642758925785 1.5743745889853729 0.8938278319603531 
0.7311854068870232 3.8959543891111967 0.7823897940063691 
0.7796089064922971 3.4587537583397694 0.8146184648062224 
0.8397116504813994 2.1213066813557058 0.8674973717842347 
0.7012036836251433 3.9939131885446146 0.7642428553523978 
0.8325847524455012 2.567207340810541 0.8538392338135646 
0.7748625489141499 3.4587611381146535 0.8131316617377767 
0.7414887320544994 3.6238584084605296 0.7968265623323 
0.7535054629368441 3.623853508496378 0.8014158984908332 
0.8728633860200122 1.522356922634695 0.8973245091445506 
0.7249398484435864 3.711253029404588 0.7842124933355741 
0.8197006167389481 2.7268965919890324 0.8460323709772135 
0.7191686760046785 3.895959882742682 0.7778551128941269 
0.7977804558888643 2.9634675188360213 0.8310057335922304 
0.7672614210499644 3.232060245773653 0.8163601994178131 
0.8775642758925785 1.522376148282605 0.8943600779998649 
0.7918856145125354 3.1615864260028768 0.8246943099691437 
0.7672614210499644 3.232060245773653 0.8163601994178131 
0.7191686760046785 3.895959882742682 0.7778551128941269 
0.8728633860200122 1.522356922634695 0.8973245091445506 
0.8590365620412725 1.628541158907455 0.8892669456193046 
0.8546393602984259 2.008576340803077 0.8697866519395907 
0.7012036836251433 3.9939131885446146 0.7642428553523978 
0.7311854068870232 3.8959543891111967 0.7823897940063691 
0.7796090023318473 3.3806708580137217 0.8148987945401549 
0.7748625489141499 3.4587611381146535 0.8131316617377767 
0.8325847524455012 2.567207340810541 0.8538392338135646 
0.8197006167389481 2.7268965919890324 0.8460323709772135 
0.7414887320544994 3.6238584084605296 0.7968265623323 
0.7084770489507035 3.993897724627393 0.7685137292660391 
0.7535054629368441 3.623853508496378 0.8014158984908332 
0.7249398484435864 3.711253029404588 0.7842124933355741 
0.7535054629368441 3.623853508496378 0.8014158984908332 
0.849426829064963 1.9727810078977481 0.8709538384976541 
0.7748625489141499 3.4587611381146535 0.8131316617377767 
0.8325847524455012 2.567207340810541 0.8538392338135646 
0.817767847590503 2.7833516404994256 0.8448819663624433 
0.8728633860200122 1.522356922634695 0.8973245091445506 
0.7191686760046785 3.895959882742682 0.7778551128941269 
0.7977805517284146 2.9016480570459633 0.8312814325881622 
0.849426829064963 2.24298016099356 0.8660344052154794 
0.8775642758925785 1.522376148282605 0.8943600779998649 
0.7012036836251433 3.9939131885446146 0.7642428553523978 
0.736956579325931 3.711247942463593 0.7888241264746754 
0.7249398484435864 3.711253029404588 0.7842124933355741 
0.7311854068870232 3.8959543891111967 0.7823897940063691 
0.7801629577717845 3.3051505227368203 0.815237708097522 
0.7084770489507035 3.993897724627393 0.7685137292660391 
0.7012036836251433 3.9939131885446146 0.7642428553523978 
0.7748625489141499 3.4587611381146535 0.8131316617377767 
0.7806652311592153 3.305034016209744 0.8152583642063049 
0.7084770489507035 3.993897724627393 0.7685137292660391 
0.7340201140687778 3.8959271413870873 0.7828004390223543 
0.8728633860200122 1.522356922634695 0.8973245091445506 
0.8500421988776541 2.201394989509922 0.8663831204246943 
0.8084744901262999 2.901543994697262 0.8347716866933996 
0.7414887320544994 3.6238584084605296 0.7968265623323 
0.8775642758925785 1.522376148282605 0.8943600779998649 
0.7535054629368441 3.623853508496378 0.8014158984908332 
0.8346099242099649 2.4681392909058024 0.8571306513804642 
0.7249398484435864 3.711253029404588 0.7842124933355741 
0.7943262508931619 3.0933746418029466 0.8248048173801841 
0.8504055457413516 1.9378134051453908 0.8708073031688903 
0.7191686760046785 3.895959882742682 0.7778551128941269 
0.7535054629368441 3.623853508496378 0.8014158984908332 
0.7012036836251433 3.9939131885446146 0.7642428553523978 
0.8346099242099649 2.420640484438677 0.8573965807587557 
0.8728633860200122 1.522356922634695 0.8973245091445506 
0.8197006167389481 2.7268965919890324 0.8460323709772135 
0.7249398484435864 3.711253029404588 0.7842124933355741 
0.8562893713953332 1.870217487702772 0.8815560112033486 
0.7414887320544994 3.6238584084605296 0.7968265623323 
0.7812444276607393 3.2320958967950997 0.8156125146539481 
0.7748625489141499 3.4587611381146535 0.8131316617377767 
0.8769488983564279 1.548103939804304 0.8939927066409599 
0.8546393602984259 2.008576340803077 0.8697866519395907 
0.7191686760046785 3.895959882742682 0.7778551128941269 
0.7084770489507035 3.993897724627393 0.7685137292660391 
0.7311854068870232 3.8959543891111967 0.7823897940063691 
0.7535054629368441 3.623853508496378 0.8014158984908332 
0.7628458180318052 3.4587656944236373 0.8088000779413607 
0.7191686760046785 3.895959882742682 0.7778551128941269 
0.7414887320544994 3.6238584084605296 0.7968265623323 
0.8500421988776541 2.201394989509922 0.8663831204246943 
0.8325847524455012 2.567207340810541 0.8538392338135646 
0.7104241754763221 3.8961548167089823 0.7697463713410395 
