0.7641121702929706 3.232060245773653 0.81502650849644 
0.8096558762928727 2.9015496452256926 0.836106022683349 
0.7011927144472292 3.9939131885446146 0.764237311159254 
0.8354318026006845 2.567207340810541 0.8544599801753415 
0.8626421267201904 1.714237568694378 0.8900267743581733 
0.7373898455239554 3.8959271413870873 0.7844345703186527 
0.8911176615718976 1.4011109007046558 0.9064101283794493 
0.9034372412502066 0.9663251145057226 0.9141553239122004 
0.7593333814573107 3.6238455721099467 0.803553133302162 
0.7839021156508015 2.9634260321695196 0.8294156506752705 
0.8663078055130227 2.008567143448899 0.8806037857243181 
0.8523353066164647 2.285642367708027 0.8665782482017194 
0.7419724749589861 3.623855998559348 0.7928014357886476 
0.7948389714378745 3.1615864260028768 0.8272962735247775 
0.7191577068267645 3.895959882742682 0.7778495831525064 
0.7112931142352406 3.8959792964026234 0.7687951536712191 
0.7096683016721628 3.8959966174200655 0.769181204629589 
0.78282224055553 3.1615903951990174 0.8230801014992168 
0.8911176615718976 1.378245659722648 0.9064897604610501 
0.8206148977456863 2.7833516404994256 0.8457957955908877 
0.8670973556251613 1.7745418103702086 0.889949072592323 
0.7373898455239554 3.8959271413870873 0.7844345703186527 
0.7641121702929706 3.232060245773653 0.81502650849644 
0.8540240143905045 2.121391648746097 0.8693304958878963 
0.7414777628765854 3.6238584084605296 0.7968209931569495 
0.7011927144472292 3.9939131885446146 0.764237311159254 
0.7191577068267645 3.895959882742682 0.7778495831525064 
0.7839021156508015 2.9634260321695196 0.8294156506752705 
0.7534944937589301 3.623853508496378 0.8014104774501981 
0.8663078055130227 2.008567143448899 0.8806037857243181 
0.8375184017614665 2.4681392909058024 0.8580353387053827 
0.7839021156508015 2.9634260321695196 0.8294156506752705 
0.8206148977456863 2.7833516404994256 0.8457957955908877 
0.7096683016721628 3.8959966174200655 0.769181204629589 
0.8376941970280303 2.3744251642425005 0.857429144655527 
0.7534944937589301 3.623853508496378 0.8014104774501981 
0.8354318026006845 2.567207340810541 0.8544599801753415 
0.7191577068267645 3.895959882742682 0.7778495831525064 
0.78282224055553 3.1615903951990174 0.8230801014992168 
0.8663078055130227 2.008567143448899 0.8806037857243181 
0.742639704697933 3.7112397032344653 0.7909076335536961 
0.8644547849106902 1.4971379259079622 0.8926301709901335 
0.8670973556251613 1.7745418103702086 0.889949072592323 
0.7721415826794689 3.2321396379808913 0.8137031930051795 
0.7311744377091092 3.8959543891111967 0.7823844040930007 
0.7084770489507035 3.993897724627393 0.7685137292660391 
0.8540240143905045 2.121391648746097 0.8693304958878963 
0.8354318026006845 2.567207340810541 0.8544599801753415 
0.7593333814573107 3.6238455721099467 0.803553133302162 
0.7311744377091092 3.8959543891111967 0.7823844040930007 
0.8626421267201904 1.6850560384431774 0.8900973731027892 
0.7084770489507035 3.993897724627393 0.7685137292660391 
0.8663078055130227 2.008567143448899 0.8806037857243181 
0.7096683016721628 3.8959966174200655 0.769181204629589 
0.7839021156508015 2.9634260321695196 0.8294156506752705 
0.7772927658092992 3.4587537583397694 0.813398661596139 
0.78282224055553 3.1615903951990174 0.8230801014992168 
0.7414777628765854 3.6238584084605296 0.7968209931569495 
0.7191577068267645 3.895959882742682 0.7778495831525064 
0.8676436167011498 1.5223552733793426 0.8913447801419222 
0.7976391454105282 2.9015531338883203 0.8320879914066409 
0.8670973556251613 1.7745418103702086 0.889949072592323 
0.7414777628765854 3.6238584084605296 0.7968209931569495 
0.8540240143905045 2.121391648746097 0.8693304958878963 
0.7593333814573107 3.6238455721099467 0.803553133302162 
0.8911176615718976 1.4011109007046558 0.9064101283794493 
0.7728025384432586 3.4587611381146535 0.8120192888491904 
0.8206148977456863 2.7833516404994256 0.8457957955908877 
0.7084770489507035 3.993897724627393 0.7685137292660391 
0.78282224055553 3.1615903951990174 0.8230801014992168 
0.8663078055130227 2.008567143448899 0.8806037857243181 
0.7101194121984435 3.9938786332561493 0.7690965017747476 
0.8354318026006845 2.567207340810541 0.8544599801753415 
0.7191577068267645 3.895959882742682 0.7778495831525064 
0.7311744377091092 3.8959543891111967 0.7823844040930007 
0.8670973556251613 1.7745418103702086 0.889949072592323 
0.8689842718884055 1.805772929078302 0.8860164203031684 
0.7414777628765854 3.6238584084605296 0.7968209931569495 
0.8206148977456863 2.7833516404994256 0.8457957955908877 
0.7534944937589301 3.623853508496378 0.8014104774501981 
0.8992704082065333 1.1527589360811459 0.9134493591833389 
0.7311744377091092 3.8959543891111967 0.7823844040930007 
0.8354318026006845 2.567207340810541 0.8544599801753415 
0.78282224055553 3.1615903951990174 0.8230801014992168 
0.7191577068267645 3.895959882742682 0.7778495831525064 
0.7096683016721628 3.8959966174200655 0.769181204629589 
0.7084770489507035 3.993897724627393 0.7685137292660391 
0.8376941970280303 2.3744251642425005 0.857429144655527 
0.760785807560914 3.4587656944236373 0.8076599566517145 
0.7534944937589301 3.623853508496378 0.8014104774501981 
0.7096683016721628 3.8959966174200655 0.769181204629589 
0.7373898455239554 3.8959271413870873 0.7844345703186527 
0.8680370847775163 1.6851154600899358 0.8875213116075444 
0.8663078055130227 2.008567143448899 0.8806037857243181 
0.78282224055553 3.1615903951990174 0.8230801014992168 
0.7728025384432586 3.4587611381146535 0.8120192888491904 
0.8376941970280303 2.3744251642425005 0.857429144655527 
0.7414777628765854 3.6238584084605296 0.7968209931569495 
0.7084770489507035 3.993897724627393 0.7685137292660391 
0.8670973556251613 1.7745418103702086 0.889949072592323 
0.7191577068267645 3.895959882742682 0.7778495831525064 
0.7356816672087314 3.895945491173599 0.7838601124461593 
0.7084770489507035 3.993897724627393 0.7685137292660391 
0.8911176615718976 1.378245659722648 0.9064897604610501 
0.7721415826794689 3.2321396379808913 0.8137031930051795 
