0.7721415696438383 3.2321264137825647 0.8138652322978016 
0.8934327508723291 0.9819645730087713 0.9067545567635152 
0.8889455726608076 0.9663502960897214 0.9110444305137213 
0.7368951381755184 3.895788782632469 0.7847885249489205 
0.890980724149412 1.3121957945217306 0.9078845493542599 
0.7191686760046785 3.895959882742682 0.7778551128941269 
0.8121052880158306 2.901543994697262 0.836348073914842 
0.7011927144472293 3.9939131885446146 0.764237311159254 
0.8006778591362552 3.1615799971633662 0.8292233752136271 
0.7593457277343223 3.623838156613779 0.8033893101625373 
0.710734770802311 3.8959653333297455 0.7694747965851877 
0.8325847524455012 2.567207340810541 0.8538392338135646 
0.854612142613391 1.714237568694378 0.8862009336237374 
0.8578763766382671 1.837670045119483 0.8757586050779982 
0.7414887320544994 3.6238584084605296 0.7968265623323 
0.8426387739505418 2.1608081564023585 0.8701011050788028 
0.7593457277343223 3.623838156613779 0.8033893101625373 
0.7191686760046785 3.895959882742682 0.7778551128941269 
0.854612142613391 1.714237568694378 0.8862009336237374 
0.8629575348869015 1.8057308776659864 0.8852214415683322 
0.7976501145884421 2.9015531338883203 0.8323020717627136 
0.7721415826794689 3.2321396379808913 0.8137031930051795 
0.7101194121984435 3.9938786332561493 0.7690965017747476 
0.7368951381755184 3.895788782632469 0.7847885249489205 
0.7414887320544994 3.6238584084605296 0.7968265623323 
0.8327184819901654 2.516899812765095 0.8541530841387877 
0.8695099304734883 1.6011656921406074 0.8945694267588333 
0.8426387739505418 2.1213676082231148 0.8703695248366382 
0.9088822468812741 0.8228595014464772 0.9205526936637746 
0.8006778591362552 3.1615799971633662 0.8292233752136271 
0.9030356756091232 0.8776761671349125 0.9169428660445551 
0.7084770489507035 3.993897724627393 0.7685137292660391 
0.7011927144472293 3.9939131885446146 0.764237311159254 
0.774873686761699 3.6238253203756385 0.808451118253674 
0.8006778591362552 3.1615799971633662 0.8292233752136271 
0.7414887320544994 3.6238584084605296 0.7968265623323 
0.7311854068870232 3.8959543891111967 0.7823897940063691 
0.7101194121984435 3.9938786332561493 0.7690965017747476 
0.8629575348869015 1.8057308776659864 0.8852214415683322 
0.8900995301773593 1.1715051159489738 0.9081385494154119 
0.7976501145884421 2.9015531338883203 0.8323020717627136 
0.8400119843488635 2.3744251642425005 0.8590920407863706 
0.7191686760046785 3.895959882742682 0.7778551128941269 
0.7721415826794689 3.2321396379808913 0.8137031930051795 
0.8527340154078467 2.0452603951428783 0.8707964331887769 
0.7368951381755184 3.895788782632469 0.7847885249489205 
0.8312947534628433 2.420622888243928 0.8560079518367797 
0.7101194121984435 3.9938786332561493 0.7690965017747476 
0.7721415826794689 3.2321396379808913 0.8137031930051795 
0.8427045758057474 2.160861524984073 0.8690797119963294 
0.782833209733444 3.1615903951990174 0.8230854545443907 
0.7976501145884421 2.9015531338883203 0.8323020717627136 
0.7191686760046785 3.895959882742682 0.7778551128941269 
0.7084770489507035 3.993897724627393 0.7685137292660391 
0.7369456101480171 3.711247942463593 0.787780003614205 
0.8932332051188249 0.9977933123809928 0.9063730118700494 
0.8658788044118224 1.6850769475860552 0.8884491732264128 
0.7593457277343223 3.623838156613779 0.8033893101625373 
0.8327184819901654 2.516899812765095 0.8541530841387877 
0.818383217403194 2.726874023343523 0.8452422829803388 
0.7191686760046785 3.895959882742682 0.7778551128941269 
0.7593457277343223 3.623838156613779 0.8033893101625373 
0.7101194121984435 3.9938786332561493 0.7690965017747476 
0.8578763766382671 1.837670045119483 0.8757586050779982 
0.8844283285628252 1.4724343695501472 0.8982296877731725 
0.7414887320544994 3.6238584084605296 0.7968265623323 
0.7721415826794689 3.2321396379808913 0.8137031930051795 
0.782833209733444 3.1615903951990174 0.8230854545443907 
0.8411793263345481 2.2428884452534477 0.8672521809017005 
0.7311854068870232 3.8959543891111967 0.7823897940063691 
0.7084770489507035 3.993897724627393 0.7685137292660391 
0.870125323946152 1.5743539963020032 0.8949478476374423 
0.7593457277343223 3.623838156613779 0.8033893101625373 
0.782833209733444 3.1615903951990174 0.8230854545443907 
0.8658788044118224 1.6850769475860552 0.8884491732264128 
0.851904441007942 1.9035853307166788 0.8790405708045651 
0.7721415826794689 3.2321396379808913 0.8137031930051795 
0.7101194121984435 3.9938786332561493 0.7690965017747476 
0.8314134656999231 2.4205384446662697 0.8607957657479426 
0.7311854068870232 3.8959543891111967 0.7823897940063691 
0.7976501145884421 2.9015531338883203 0.8323020717627136 
0.7191686760046785 3.895959882742682 0.7778551128941269 
0.7084770489507035 3.993897724627393 0.7685137292660391 
0.7414887320544994 3.6238584084605296 0.7968265623323 
0.7414887320544994 3.6238584084605296 0.7968265623323 
0.7904277155219643 3.1615864260028768 0.8249311922753774 
0.7084770489507035 3.993897724627393 0.7685137292660391 
0.8573640615649687 1.8057658224267923 0.8778894864070383 
0.7191686760046785 3.895959882742682 0.7778551128941269 
0.870125323946152 1.5743539963020032 0.8949478476374423 
0.8528527276449265 1.9727592020298008 0.8763122892039428 
0.7721415826794689 3.2321396379808913 0.8137031930051795 
0.8327184819901654 2.516899812765095 0.8541530841387877 
0.7976501145884421 2.9015531338883203 0.8323020717627136 
0.7593457277343223 3.623838156613779 0.8033893101625373 
0.7101194121984435 3.9938786332561493 0.7690965017747476 
0.8629575348869015 1.8057308776659864 0.8852214415683322 
0.7414887320544994 3.6238584084605296 0.7968265623323 
0.7721415826794689 3.2321396379808913 0.8137031930051795 
0.8314134656999231 2.4205384446662697 0.8607957657479426 
0.7101194121984435 3.9938786332561493 0.7690965017747476 
0.8527340154078467 2.0452603951428783 0.8707964331887769 
0.890980724149412 1.3121957945217306 0.9078845493542599 
0.7721415826794689 3.2321396379808913 0.8137031930051795 
0.8658788044118224 1.6565176074673316 0.8886990588526855 
