0.7685141409558375 3.305055683417489 0.8136457694563677 
0.8708473074257029 1.8057308776659864 0.8876857012782895 
0.7593333814573107 3.6238455721099467 0.803553133302162 
0.8975794118514173 0.9663499710483632 0.914843790132619 
0.858517169801924 1.714237568694378 0.888236342570929 
0.7370133254074898 3.895945491173599 0.7845060255159713 
0.7113106649199028 3.8959782672503143 0.7697623541298756 
0.7834134387471261 2.9634260321695196 0.829509989080112 
0.7191686760046785 3.895959882742682 0.7778551128941269 
0.7419724749589861 3.623855998559348 0.7931548127595965 
0.8325847524455012 2.567207340810541 0.8538392338135646 
0.8994896954742804 0.9663261167786004 0.9146888638507156 
0.8848302114673369 1.4244548178026077 0.9035230178538317 
0.8096668454707867 2.9015496452256926 0.8363326297903831 
0.7012036836251433 3.9939131885446146 0.7642428553523978 
0.7948499406157885 3.1615864260028768 0.8273014159606777 
0.8474778262536873 2.1608689016936817 0.8714445319578902 
0.8994151050644652 1.0469001918438088 0.9145397753856326 
0.7191686760046785 3.895959882742682 0.7778551128941269 
0.8708473074257029 1.8057308776659864 0.8876857012782895 
0.7096683016721628 3.8959966174200655 0.769181204629589 
0.7084770489507035 3.993897724627393 0.7685137292660391 
0.782833209733444 3.1615903951990174 0.8230854545443907 
0.7535054629368441 3.623853508496378 0.8014158984908332 
0.8540240143905045 2.045274341378192 0.8703347537360893 
0.8325847524455012 2.567207340810541 0.8538392338135646 
0.7727827939230134 3.4587611381146535 0.8120098310534842 
0.7311854068870232 3.8959543891111967 0.7823897940063691 
0.8986938803274787 0.9062939334710628 0.9154128642576355 
0.7419724749589861 3.623855998559348 0.7931548127595965 
0.883062252797401 1.4971379259079618 0.9022863234845446 
0.817767847590503 2.7833516404994256 0.8448819663624433 
0.7721415826794689 3.2321396379808913 0.8137031930051795 
0.8143517756526156 2.901543994697262 0.8376385646581231 
0.8842535055188603 1.4724182256230496 0.9031011157502092 
0.8325847524455012 2.567207340810541 0.8538392338135646 
0.7535054629368441 3.623853508496378 0.8014158984908332 
0.8986938803274787 0.9062939334710628 0.9154128642576355 
0.8730959737282945 1.6850769475860552 0.8907323122889798 
0.782833209733444 3.1615903951990174 0.8230854545443907 
0.7191686760046785 3.895959882742682 0.7778551128941269 
0.89945020643379 1.0302876876282179 0.9146299971815092 
0.7084770489507035 3.993897724627393 0.7685137292660391 
0.7096683016721628 3.8959966174200655 0.769181204629589 
0.742639704697933 3.7112397032344653 0.7909076335536961 
0.7311854068870232 3.8959543891111967 0.7823897940063691 
0.8478735541972007 2.2429523864235974 0.8689119570107255 
0.8986938803274787 0.9062939334710628 0.9154128642576355 
0.782833209733444 3.1615903951990174 0.8230854545443907 
0.8325847524455012 2.567207340810541 0.8538392338135646 
0.817767847590503 2.7833516404994256 0.8448819663624433 
0.7311854068870232 3.8959543891111967 0.7823897940063691 
0.8490201319435358 2.2014116425765735 0.868373357664679 
0.8994151050644652 1.0139155387811987 0.9146917451866156 
0.7113106649199028 3.8959782672503143 0.7697623541298756 
0.7191686760046785 3.895959882742682 0.7778551128941269 
0.742639704697933 3.7112397032344653 0.7909076335536961 
0.7535054629368441 3.623853508496378 0.8014158984908332 
0.7685141409558375 3.305055683417489 0.8136457694563677 
0.8662501221001615 1.9377381381008223 0.8844590482575361 
0.7084770489507035 3.993897724627393 0.7685137292660391 
0.8915776259877213 1.3121957945217306 0.908513133653464 
0.7535054629368441 3.623853508496378 0.8014158984908332 
0.7084770489507035 3.993897724627393 0.7685137292660391 
0.7311854068870232 3.8959543891111967 0.7823897940063691 
0.8482772069088048 2.0085604604839182 0.873718038159827 
0.8986938803274787 0.9062939334710628 0.9154128642576355 
0.7414887320544994 3.6238584084605296 0.7968265623323 
0.8662501221001615 1.9377381381008223 0.8844590482575361 
0.8143517756526156 2.901543994697262 0.8376385646581231 
0.7685141409558375 3.305055683417489 0.8136457694563677 
0.7191686760046785 3.895959882742682 0.7778551128941269 
0.8681033114387603 1.522396175340802 0.8943441857350658 
0.782833209733444 3.1615903951990174 0.8230854545443907 
0.7096683016721628 3.8959966174200655 0.769181204629589 
0.8994151050644652 1.0469001918438088 0.9145397753856326 
0.8325847524455012 2.567207340810541 0.8538392338135646 
0.849426829064963 2.045274341378192 0.870511031845649 
0.7191686760046785 3.895959882742682 0.7778551128941269 
0.8659248749590611 1.6285594060581043 0.8911200848652208 
0.8096668454707867 2.9015496452256926 0.8363326297903831 
0.7948499406157885 3.1615864260028768 0.8273014159606777 
0.8986938803274787 0.9062939334710628 0.9154128642576355 
0.8994896954742804 1.0638152829592151 0.9144961134568281 
0.8708473074257029 1.8057308776659864 0.8876857012782895 
0.7084770489507035 3.993897724627393 0.7685137292660391 
0.7720975602261729 3.4587390800221613 0.8122706090637432 
0.7368117861774663 3.711247942463593 0.7887522960259892 
0.8314321390793219 2.4681290761485855 0.8550128252392428 
0.7311854068870232 3.8959543891111967 0.7823897940063691 
0.7535054629368441 3.623853508496378 0.8014158984908332 
0.7101764519235962 3.9938786332561493 0.7691250375850844 
0.8516472141499655 2.008512110919973 0.8767781076210369 
0.7419724749589861 3.623855998559348 0.7931548127595965 
0.7535054629368441 3.623853508496378 0.8014158984908332 
0.8689973127461008 1.6011656921406074 0.8934969687719645 
0.8143517756526156 2.901543994697262 0.8376385646581231 
0.7084770489507035 3.993897724627393 0.7685137292660391 
0.7096683016721628 3.8959966174200655 0.769181204629589 
0.8708473074257029 1.8057308776659864 0.8876857012782895 
0.7721415826794689 3.2321396379808913 0.8137031930051795 
0.8994151050644652 1.0469001918438088 0.9145397753856326 
0.8325847524455012 2.567207340810541 0.8538392338135646 
0.7191686760046785 3.895959882742682 0.7778551128941269 
0.782833209733444 3.1615903951990174 0.8230854545443907 
