0.7370133254074898 3.895945491173599 0.7845060255159713 
0.8839711466253521 1.378245659722648 0.9035322469649281 
0.7427844978463976 3.7112397032344653 0.7909784781896962 
0.7976391454105282 2.841543358816194 0.83254396826803 
0.7012036836251433 3.9939131885446146 0.7642428553523978 
0.7113106649199028 3.8959782672503143 0.7697623541298756 
0.7592938924168203 3.6238455721099467 0.8035339091204333 
0.7191577068267645 3.895959882742682 0.7778495831525064 
0.8428593539255687 2.2428884452534477 0.8683257284289478 
0.8682731554851078 1.714237568694378 0.8937014907140216 
0.8961314134875789 0.9210010457929746 0.9122516343491522 
0.756966694861166 3.4587656944236373 0.8066775118886397 
0.8006778591362552 3.1615799971633662 0.8292233752136271 
0.8948763346835749 0.9977817372814662 0.9132209631434516 
0.8324926113510237 2.567207340810541 0.853798097382691 
0.7780812555018485 3.4587537583397694 0.8143430855257621 
0.8611144360809199 1.805772929078302 0.8833711489346008 
0.8682731554851078 1.714237568694378 0.8937014907140216 
0.8958312016209876 1.2099013933530012 0.9112680190230714 
0.8176757064960256 2.7833516404994256 0.8448393770871591 
0.7084770489507035 3.993897724627393 0.7685137292660391 
0.7101194121984435 3.9938786332561493 0.7690965017747476 
0.756966694861166 3.4587656944236373 0.8066775118886397 
0.8324926113510237 2.567207340810541 0.853798097382691 
0.8529185692882275 2.0452674943423137 0.8719796301693505 
0.7370133254074898 3.895945491173599 0.7845060255159713 
0.7414382738360951 3.6238584084605296 0.7968009433991099 
0.774074351827914 3.1616214258046202 0.8148834138827743 
0.7592938924168203 3.6238455721099467 0.8035339091204333 
0.8026106282847003 3.0933746418029466 0.8303686229392807 
0.8594506847046546 1.9377381381008223 0.882708648105304 
0.8951465465292571 1.013915807369137 0.91170763899541 
0.7191577068267645 3.895959882742682 0.7778495831525064 
0.8196084756444706 2.7268965919890324 0.845989963182346 
0.7084770489507035 3.993897724627393 0.7685137292660391 
0.78282224055553 3.1615903951990174 0.8230801014992168 
0.7427844978463976 3.7112397032344653 0.7909784781896962 
0.8176757064960256 2.7833516404994256 0.8448393770871591 
0.8951465465292571 1.013915807369137 0.91170763899541 
0.7592938924168203 3.6238455721099467 0.8035339091204333 
0.774074351827914 3.1616214258046202 0.8148834138827743 
0.8435330904592543 2.3744251642425005 0.8610324221762953 
0.7191577068267645 3.895959882742682 0.7778495831525064 
0.7370133254074898 3.895945491173599 0.7845060255159713 
0.8917698634983329 1.2909851564734285 0.9085223576884854 
0.7113106649199028 3.8959782672503143 0.7697623541298756 
0.86405883920811 1.8057308776659864 0.8863791246110672 
0.774074351827914 3.1616214258046202 0.8148834138827743 
0.7976391454105282 2.841543358816194 0.83254396826803 
0.7370133254074898 3.895945491173599 0.7845060255159713 
0.7084770489507035 3.993897724627393 0.7685137292660391 
0.7592938924168203 3.6238455721099467 0.8035339091204333 
0.8958312016209876 1.2099013933530012 0.9112680190230714 
0.7414382738360951 3.6238584084605296 0.7968009433991099 
0.8579369376540493 1.9377906118286277 0.8796944727660253 
0.7191577068267645 3.895959882742682 0.7778495831525064 
0.8951465465292571 1.013915807369137 0.91170763899541 
0.78282224055553 3.1615903951990174 0.8230801014992168 
0.8540240143905045 2.121391648746097 0.8696221476244738 
0.7101194121984435 3.9938786332561493 0.7690965017747476 
0.8324926113510237 2.567207340810541 0.853798097382691 
0.7101194121984435 3.9938786332561493 0.7690965017747476 
0.78282224055553 3.1615903951990174 0.8230801014992168 
0.774074351827914 3.1616214258046202 0.8148834138827743 
0.8951465465292571 0.9978066251696414 0.9119604697156433 
0.8176757064960256 2.7833516404994256 0.8448393770871591 
0.7592938924168203 3.6238455721099467 0.8035339091204333 
0.8430869042973366 2.285642367708027 0.8633937566864214 
0.7191577068267645 3.895959882742682 0.7778495831525064 
0.86405883920811 1.8057308776659864 0.8863791246110672 
0.7370133254074898 3.895945491173599 0.7845060255159713 
0.8324926113510237 2.567207340810541 0.853798097382691 
0.8682731554851078 1.6850579073261835 0.8939367837528683 
0.7084770489507035 3.993897724627393 0.7685137292660391 
0.8659407787373451 1.7745621408771974 0.8872103441930874 
0.7592938924168203 3.6238455721099467 0.8035339091204333 
0.7113106649199028 3.8959782672503143 0.7697623541298756 
0.7191577068267645 3.895959882742682 0.7778495831525064 
0.8961314134875789 0.9063386014336388 0.9123276654737704 
0.7084770489507035 3.993897724627393 0.7685137292660391 
0.8324926113510237 2.567207340810541 0.853798097382691 
0.774074351827914 3.1616214258046202 0.8148834138827743 
0.8540240143905045 2.121391648746097 0.8696221476244738 
0.78282224055553 3.1615903951990174 0.8230801014992168 
0.8176757064960256 2.7833516404994256 0.8448393770871591 
0.8742618756092748 1.4244185541574372 0.896833744664449 
0.7370133254074898 3.895945491173599 0.7845060255159713 
0.8710557092604269 1.5743720650853759 0.8926868155293444 
0.7592938924168203 3.6238455721099467 0.8035339091204333 
0.774074351827914 3.1616214258046202 0.8148834138827743 
0.8583436347754767 2.008567143448899 0.8774262953460537 
0.7370133254074898 3.895945491173599 0.7845060255159713 
0.7084770489507035 3.993897724627393 0.7685137292660391 
0.8430567974401185 2.0827803410369747 0.8703934251134323 
0.7101194121984435 3.9938786332561493 0.7690965017747476 
0.8324926113510237 2.567207340810541 0.853798097382691 
0.8176757064960256 2.7833516404994256 0.8448393770871591 
0.78282224055553 3.1615903951990174 0.8230801014992168 
0.7191577068267645 3.895959882742682 0.7778495831525064 
0.8742618756092748 1.4244185541574372 0.896833744664449 
0.774074351827914 3.1616214258046202 0.8148834138827743 
0.7101194121984435 3.895984481012366 0.7693272654092079 
0.7191577068267645 3.895959882742682 0.7778495831525064 
0.7084770489507035 3.993897724627393 0.7685137292660391 
0.7592938924168203 3.6238455721099467 0.8035339091204333 
