0.7012036836251433 3.9939131885446146 0.7642428553523978 
0.7191686760046785 3.895959882742682 0.7778551128941269 
0.7249398484435864 3.711253029404588 0.7842124933355741 
0.797691594677174 3.1615799971633662 0.8266036193842266 
0.8568057848738617 1.7143158363597024 0.8764970310054181 
0.7414887320544994 3.6238584084605296 0.7968265623323 
0.8511766355829641 1.7745621408771974 0.8796751498898439 
0.8346661547136864 2.567207340810541 0.8543012596695561 
0.8813436877838446 1.2296340047877077 0.90403835775407 
0.9017764080179611 0.746345491869772 0.9170693708499292 
0.7769667881671432 3.4587537583397694 0.8139448303218911 
0.8352609053142764 2.1608081564023585 0.866506664026549 
0.735870337068852 3.895945491173599 0.7839517211494714 
0.8096668454707867 2.9015496452256926 0.8363326297903831 
0.7598489296371975 3.539794984834575 0.8038752714649833 
0.7414887320544994 3.6238584084605296 0.7968265623323 
0.9017764080179611 0.746345491869772 0.9170693708499292 
0.7012036836251433 3.9939131885446146 0.7642428553523978 
0.7976501145884421 2.9015531338883203 0.8323020717627136 
0.7191686760046785 3.895959882742682 0.7778551128941269 
0.8430350790782704 2.2014029385917766 0.8616617684150422 
0.8707260871520135 1.6850769475860552 0.8906993581164474 
0.7535054629368441 3.623853508496378 0.8014158984908332 
0.8400865747586787 2.3744251642425005 0.8590723615110272 
0.7249398484435864 3.711253029404588 0.7842124933355741 
0.782833209733444 3.1615903951990174 0.8230854545443907 
0.8813063925789371 1.2497175467829613 0.9039481022212217 
0.735870337068852 3.895945491173599 0.7839517211494714 
0.7671087963052112 3.4587611381146535 0.8104640604916725 
0.7976501145884421 2.9015531338883203 0.8323020717627136 
0.7191686760046785 3.895959882742682 0.7778551128941269 
0.8718537186415717 1.6565157781030169 0.8913013862543722 
0.7311854068870232 3.8959543891111967 0.7823897940063691 
0.7535054629368441 3.623853508496378 0.8014158984908332 
0.782833209733444 3.1615903951990174 0.8230854545443907 
0.7249398484435864 3.711253029404588 0.7842124933355741 
0.736956579325931 3.711247942463593 0.7888241264746754 
0.8548135645026432 1.870217487702772 0.8787801149307448 
0.8346661547136864 2.567207340810541 0.8543012596695561 
0.8706800166047747 1.5223737253107252 0.8939174382076677 
0.7769667881671432 3.4587537583397694 0.8139448303218911 
0.9017764080179611 0.746345491869772 0.9170693708499292 
0.7084770489507035 3.993897724627393 0.7685137292660391 
0.7414887320544994 3.6238584084605296 0.7968265623323 
0.7976501145884421 2.9015531338883203 0.8323020717627136 
0.7604611187533037 3.4587656944236373 0.8076199134253044 
0.8699351682067284 1.4481831392004187 0.89476983198417 
0.7769667881671432 3.4587537583397694 0.8139448303218911 
0.8568057848738617 1.9036526328477381 0.872993399116068 
0.782833209733444 3.1615903951990174 0.8230854545443907 
0.7249398484435864 3.711253029404588 0.7842124933355741 
0.7012036836251433 3.9939131885446146 0.7642428553523978 
0.7191686760046785 3.895959882742682 0.7778551128941269 
0.8706800166047747 1.5743720650853759 0.8921759553975193 
0.8332239683385347 2.4681392909058024 0.8563176901401277 
0.735870337068852 3.895945491173599 0.7839517211494714 
0.8430350790782704 2.374415494061074 0.8595702923301674 
0.7769667881671432 3.4587537583397694 0.8139448303218911 
0.7012036836251433 3.9939131885446146 0.7642428553523978 
0.8707260871520135 1.6850769475860552 0.8906993581164474 
0.8718537186415717 1.5481059617336146 0.8928075505043724 
0.7976501145884421 2.9015531338883203 0.8323020717627136 
0.736956579325931 3.711247942463593 0.7888241264746754 
0.7535054629368441 3.623853508496378 0.8014158984908332 
0.7191686760046785 3.895959882742682 0.7778551128941269 
0.7249398484435864 3.711253029404588 0.7842124933355741 
0.8566779916303227 1.9036526328477381 0.8747786093228292 
0.7311854068870232 3.8959543891111967 0.7823897940063691 
0.782833209733444 3.1615903951990174 0.8230854545443907 
0.8568057848738617 1.7143158363597024 0.8764970310054181 
0.8430350790782704 2.374415494061074 0.8595702923301674 
0.7535054629368441 3.623853508496378 0.8014158984908332 
0.7671087963052112 3.4587611381146535 0.8104640604916725 
0.7976501145884421 2.9015531338883203 0.8323020717627136 
0.8947451649750936 0.9509663696960536 0.9132470468802121 
0.736956579325931 3.711247942463593 0.7888241264746754 
0.7191686760046785 3.895959882742682 0.7778551128941269 
0.782833209733444 3.1615903951990174 0.8230854545443907 
0.7311854068870232 3.8959543891111967 0.7823897940063691 
0.7012036836251433 3.9939131885446146 0.7642428553523978 
0.7249398484435864 3.711253029404588 0.7842124933355741 
0.8540240143905045 1.903658857871085 0.8741725154056345 
0.7012036836251433 3.9939131885446146 0.7642428553523978 
0.8707260871520135 1.4011261268395112 0.8956023654008354 
0.7311854068870232 3.8959543891111967 0.7823897940063691 
0.8430350790782704 1.9727735027196314 0.8653681259911638 
0.7976501145884421 2.9015531338883203 0.8323020717627136 
0.7191686760046785 3.895959882742682 0.7778551128941269 
0.7535054629368441 3.623853508496378 0.8014158984908332 
0.8346661547136864 2.567207340810541 0.8543012596695561 
0.7249398484435864 3.711253029404588 0.7842124933355741 
0.782833209733444 3.1615903951990174 0.8230854545443907 
0.736956579325931 3.711247942463593 0.7888241264746754 
0.8707260871520135 1.6850769475860552 0.8906993581164474 
0.7191686760046785 3.895959882742682 0.7778551128941269 
0.8430350790782704 2.2014029385917766 0.8616617684150422 
0.7976501145884421 2.9015531338883203 0.8323020717627136 
0.8430350790782704 2.374415494061074 0.8595702923301674 
0.7012036836251433 3.9939131885446146 0.7642428553523978 
0.7598489296371975 3.539794984834575 0.8038752714649833 
0.7904101648373019 3.1615864260028768 0.8249228836822796 
0.7427230704500793 3.7112397032344653 0.7908395564579545 
0.7249398484435864 3.711253029404588 0.7842124933355741 
0.8707260871520135 1.5481076448353173 0.8924499046435913 
0.7311854068870232 3.8959543891111967 0.7823897940063691 
