0.7191686760046785 3.895959882742682 0.7778551128941269 
0.7101764519235964 3.9938786332561493 0.7691250375850844 
0.7593457277343223 3.623838156613779 0.8033893101625373 
0.7948499406157885 3.1615864260028768 0.8273014159606777 
0.8429163936507215 2.2428884452534477 0.8683526469047324 
0.8540240143905045 1.9378134051453908 0.8700725745675267 
0.8876948150170346 1.0810111454744011 0.9067279125016522 
0.8354120580804394 2.567207340810541 0.8546819093447704 
0.7011466438999905 3.9939131885446146 0.7642140246989741 
0.8619115792604928 1.714237568694378 0.8907786458087248 
0.7414887320544994 3.6238584084605296 0.7968265623323 
0.7721415826794689 3.2321396379808913 0.8137031930051795 
0.7370133254074898 3.895945491173599 0.7845060255159713 
0.756920624313927 3.4587656944236373 0.8066544186743906 
0.901982903154561 1.0638152829592151 0.9141077756714436 
0.8775734658426664 1.3782471259077356 0.8993695994662948 
0.8096668454707867 2.9015496452256926 0.8363326297903831 
0.7084770489507035 3.993897724627393 0.7685137292660391 
0.7486541006803473 3.7110945955384165 0.7940038908002602 
0.7721415826794689 3.2321396379808913 0.8137031930051795 
0.7104241754763222 3.8961548167089823 0.7697463713410395 
0.7948499406157885 3.1615864260028768 0.8273014159606777 
0.901982903154561 1.0638152829592151 0.9141077756714436 
0.7311854068870232 3.8959543891111967 0.7823897940063691 
0.9020928713115894 0.9358447247615237 0.9146437108349015 
0.8505381893408424 1.9726806005342985 0.8799611670869295 
0.8567004807658875 1.9036526328477381 0.8765422508542349 
0.8300544237030415 2.4681392909058024 0.855484689448552 
0.87048092547909 1.6850769475860552 0.891459245765786 
0.8444931512991888 2.2014116425765735 0.8667691915797 
0.8194850724205454 2.7833516404994256 0.8452794795628572 
0.7535054629368441 3.623853508496378 0.8014158984908332 
0.7191686760046785 3.895959882742682 0.7778551128941269 
0.7311854068870232 3.8959543891111967 0.7823897940063691 
0.7084770489507035 3.993897724627393 0.7685137292660391 
0.8096668454707867 2.9015496452256926 0.8363326297903831 
0.7414887320544994 3.6238584084605296 0.7968265623323 
0.844899848420616 2.285642367708027 0.8644559151511626 
0.8534073441577888 1.9727744829713703 0.8724184040333693 
0.7948499406157885 3.1615864260028768 0.8273014159606777 
0.8559032511014809 1.9377381381008223 0.881469742120053 
0.8354120580804394 2.567207340810541 0.8546819093447704 
0.88607951412554 1.209902659316386 0.905798652464117 
0.7535054629368441 3.623853508496378 0.8014158984908332 
0.7191686760046785 3.895959882742682 0.7778551128941269 
0.9020928713115894 0.9358447247615237 0.9146437108349015 
0.7721415826794689 3.2321396379808913 0.8137031930051795 
0.901982903154561 1.0638152829592151 0.9141077756714436 
0.7104241754763222 3.8961548167089823 0.7697463713410395 
0.7084770489507035 3.993897724627393 0.7685137292660391 
0.7104241754763222 3.8961548167089823 0.7697463713410395 
0.8534073175819717 2.008512110919973 0.8777335471536531 
0.9020928713115894 0.9358447247615237 0.9146437108349015 
0.7370133254074898 3.895945491173599 0.7845060255159713 
0.7593457277343223 3.623838156613779 0.8033893101625373 
0.8354120580804394 2.567207340810541 0.8546819093447704 
0.8848789817736448 1.3558293263905263 0.8986867437245222 
0.7191686760046785 3.895959882742682 0.7778551128941269 
0.7976501145884421 2.9015531338883203 0.8323020717627136 
0.7369456101480171 3.711247942463593 0.7888186853650067 
0.863761573940095 1.8057308776659864 0.8870258834974702 
0.7948499406157885 3.1615864260028768 0.8273014159606777 
0.7721415826794689 3.2321396379808913 0.8137031930051795 
0.8540240143905045 1.9727810078977481 0.86979377939612 
0.7948499406157885 3.1615864260028768 0.8273014159606777 
0.8534073175819717 2.008512110919973 0.8777335471536531 
0.7311854068870232 3.8959543891111967 0.7823897940063691 
0.7191686760046785 3.895959882742682 0.7778551128941269 
0.8594644539147629 1.9035630654276983 0.8859588695493472 
0.9020928713115894 0.9358447247615237 0.9146437108349015 
0.7084770489507035 3.993897724627393 0.7685137292660391 
0.884120421195071 1.2909865170403663 0.9030662697588564 
0.7976501145884421 2.9015531338883203 0.8323020717627136 
0.7721415826794689 3.2321396379808913 0.8137031930051795 
0.7101764519235964 3.9938786332561493 0.7691250375850844 
0.7535054629368441 3.623853508496378 0.8014158984908332 
0.7414887320544994 3.6238584084605296 0.7968265623323 
0.8613440493631203 1.8702614943543674 0.8807113981486036 
0.8354120580804394 2.567207340810541 0.8546819093447704 
0.845964669977872 2.045274341378192 0.8660801390754901 
0.7486541006803473 3.7110945955384165 0.7940038908002602 
0.8354120580804394 2.567207340810541 0.8546819093447704 
0.8540240143905045 1.9727810078977481 0.86979377939612 
0.782833209733444 3.1615903951990174 0.8230854545443907 
0.7084770489507035 3.993897724627393 0.7685137292660391 
0.8096668454707867 2.9015496452256926 0.8363326297903831 
0.7104241754763222 3.8961548167089823 0.7697463713410395 
0.9020928713115894 0.9358447247615237 0.9146437108349015 
0.7191686760046785 3.895959882742682 0.7778551128941269 
0.7721415826794689 3.2321396379808913 0.8137031930051795 
0.8559032511014809 1.9377381381008223 0.881469742120053 
0.8829714417344019 1.4724343695501472 0.896390135202757 
0.7535054629368441 3.623853508496378 0.8014158984908332 
0.7311854068870232 3.8959543891111967 0.7823897940063691 
0.7311854068870232 3.8959543891111967 0.7823897940063691 
0.8096668454707867 2.9015496452256926 0.8363326297903831 
0.7084770489507035 3.993897724627393 0.7685137292660391 
0.7104241754763222 3.8961548167089823 0.7697463713410395 
0.7948499406157885 3.1615864260028768 0.8273014159606777 
0.7191686760046785 3.895959882742682 0.7778551128941269 
0.8848789817736448 1.4481989681863234 0.8974991567144995 
0.7535054629368441 3.623853508496378 0.8014158984908332 
0.8633707797852324 1.805772929078302 0.8836934743735405 
0.9020928713115894 0.9358447247615237 0.9146437108349015 
0.8594644539147629 1.9035630654276983 0.8859588695493472 
