0.80748719506578 4.224213067328422 0.8907116788213731 
0.7442181921899941 5.491498300017755 0.8793396355719482 
0.7759490482056375 5.080217977742485 0.8495200165845804 
0.8459940346953636 3.233215728531908 0.9262775664463532 
0.8242617070814482 4.295904233663459 0.867891151938978 
0.7398443777437271 5.656767402285118 0.8634422809983965 
0.8587554147939953 3.7736694458704307 0.8793563637379955 
0.7771039190306839 4.946571125363002 0.8960377601738229 
0.8682103665218106 3.075590097659427 0.9083828383097623 
0.7002109483276817 5.834198525803589 0.9022302562894599 
0.8661610755922442 2.3848369287605817 0.9330390615229963 
0.7707036028860088 4.685419625844746 0.913687842952573 
0.7639701262448177 4.448449282725443 0.9236408295033166 
0.8906994776444046 1.9697534469674507 0.9134276460248947 
0.8737407391933896 1.7607753453242845 0.9499744550651068 
0.8278915610108086 3.960770557581082 0.9212106635884532 
0.7170166732826986 5.547115111057414 0.9059455184260882 
0.7070288773102127 6.55956994504731 0.801494624090998 
0.8166846135896257 4.806599892276082 0.8587799594436609 
0.7166086400698323 6.14376718362858 0.8878058402371404 
0.7188579350444424 6.345785374710952 0.8231549116138523 
0.724603450203323 6.415694840995571 0.8130811138995141 
0.8750513142396548 2.5854334393973217 0.9039998299660277 
0.8540668888636154 2.673958735529782 0.9453532991473769 
0.7905226384980182 3.7800349996948497 0.9318947832139953 
0.7396241907496728 4.7712759370971956 0.9150659234638834 
0.7567457722796895 5.275092572370106 0.8599422312868662 
0.7431853031006723 6.14376718362858 0.8251944581308 
0.8096642047045677 4.640151545343436 0.8643395062717917 
0.7593108484427515 5.225945782219062 0.8471835638612958 
0.7048696128470336 6.633618253247845 0.812862511338433 
0.7429351918185395 5.134755735960296 0.913558085101104 
0.71667723036092 6.278519798336379 0.8580387389951724 
0.7578696538665857 5.76898947148903 0.8339720774244977 
0.8159698796892536 3.351842397075879 0.9364069866444765 
0.8356273714951414 3.633420049769579 0.8931336406306101 
0.7117405040769993 6.34442068368177 0.8615334012227812 
0.8133761302330549 4.1894259547405 0.8883319404762899 
0.7166086400698323 6.078774452781585 0.8878969577590331 
0.8853649057711417 2.1513091561523527 0.9231511685365791 
0.7047647114903365 6.709141799263 0.8087697816129146 
0.7881548502448119 3.5831702251720783 0.9334103647229446 
0.8822748094291538 1.789454277646525 0.9303290587138293 
0.8210688388329218 4.155765930769136 0.8779918020236009 
0.7431853031006724 6.14376718362858 0.8247500900870572 
0.7530278119148529 5.436718019409434 0.8692278925570288 
0.7049028824778403 5.658979481084775 0.9059839820651349 
0.7356449693708887 5.891078261625062 0.8918353687096412 
0.7234560508216576 6.209838878433464 0.8154742646968146 
0.8475980552137392 3.863038047125718 0.8740715497470016 
0.8658483002886669 3.5784408934769183 0.8974344694719999 
0.7639701262448177 4.605209735174514 0.9230321777281311 
0.7902808847863474 4.228351170095894 0.9101544059573033 
0.8822748094291538 1.740028258684006 0.9313647217425547 
0.7363369282306107 6.016287471652811 0.8622683423934249 
0.7672804694404218 5.276110734995804 0.846556488816214 
0.8355567638425511 4.020932448027982 0.8855553939034465 
0.8361362407150372 2.837467959054505 0.9445180773076832 
0.7561463320285046 5.182480664228209 0.9020071361623107 
0.8166019017680199 4.557328788400223 0.859631297175823 
0.7720061011869899 5.225940982889779 0.8493117522253886 
0.7773024516493108 4.901539301748321 0.896878683422427 
0.8032720190373179 3.664973634763592 0.9322144164443685 
0.8019023832262266 3.6925034302370854 0.92711833911843 
0.7278604769613886 5.600387075051716 0.8922359314438271 
0.7102791014355594 6.415686907803877 0.8206941984414627 
0.8330067322472423 3.424502058681749 0.9145876272952927 
0.7889557994278594 4.9005730381765185 0.8845025410940135 
0.8064886125092575 4.295923297190849 0.880427080898305 
0.736268337939523 5.183452394670572 0.9113258555858506 
0.8161933979657443 4.55888580116459 0.8737845404457181 
0.7109388445253604 6.0176253807737075 0.8897939167758784 
0.8184078624472659 3.555881524348634 0.9350186929189495 
0.7547942482315859 5.333206352334538 0.8859126991517019 
0.7085661119304986 5.602580155907424 0.9040790380645027 
0.8753280210674333 2.3139666667220875 0.9464499137795676 
0.790011170278238 4.373333871661909 0.9257171262164686 
0.7363147372540824 6.080134481715946 0.8621744932110879 
0.8449819615081147 3.036270413771688 0.9363837271881217 
0.720955991007127 6.275855897671133 0.8235041037274328 
0.7077589033057543 5.658997173753084 0.9044102423475283 
0.7672804694404218 5.276110734995804 0.846556488816214 
0.8900680403509666 1.9359676673291797 0.9256761353180447 
0.7909650646416927 4.059272301472512 0.9311520139368246 
0.8598286511133686 3.7446032561174163 0.8795545025937888 
0.71667723036092 6.347147217790025 0.8580112266882689 
0.7927062521638353 5.033139822946171 0.8544794055026562 
0.86623370259527 2.373058508602185 0.9490730520674414 
0.7568224320167876 5.275092572370106 0.8581717588550855 
0.8869840932579119 2.2835735775909454 0.9221864100914896 
0.7431853031006723 5.951343586525175 0.8254433427333021 
0.8556467420592756 3.207626028616729 0.9048911674926906 
0.7048696128470336 6.558129419126276 0.8128625260428595 
0.8320348540990827 4.123186277892606 0.8709899139083161 
0.8426919257254147 4.089083311847492 0.8750959286841095 
0.7145105841071475 5.3861467448250115 0.9067680863314372 
0.8184078624472659 3.555881524348634 0.9350186929189495 
0.7117405040769993 6.34442068368177 0.8615334012227812 
0.7550433940172453 5.231913111384975 0.88596799554983 
0.7363147372540824 6.080134481715946 0.8621744932110879 
0.7209922164508065 6.208448846582587 0.8236156925934881 
0.7431853031006724 6.14376718362858 0.8247500900870572 
0.8737407391933896 1.7607753453242845 0.9499744550651068 
0.8569943420875061 3.1186714552693777 0.9055752677526578 
0.8793631976930902 2.357101609282904 0.9105589532270304 
