0.871749815941341 2.908418255200281 0.8948668139622588 
0.7973976529234108 4.767019414974502 0.858488675871418 
0.7213343237551797 5.8341982881284355 0.9066146755311463 
0.746912602707294 5.485047277257265 0.8763116797188175 
0.9125737164015457 1.407408170627123 0.9235132476833265 
0.7407111681957924 6.558127157158028 0.7989914634439199 
0.7232946210649946 4.901509557197958 0.9137670832860724 
0.7048741700255299 6.943343796732182 0.7757520184189169 
0.7037499339809794 6.863205925373659 0.8014022629017677 
0.7061401458822475 6.412926541905415 0.8745363286597866 
0.8084964861655166 3.529406657729621 0.9338493567793852 
0.8052695610085493 4.409162679130288 0.8809771832296678 
0.7320071218518126 6.07511056232722 0.8686135146461971 
0.7479636505326879 5.591529249217299 0.8418841027949658 
0.7261967403228418 6.3402381777252765 0.827445449202512 
0.7685161143008157 5.882615318356801 0.833125332994499 
0.8527585329502827 1.9704549977761883 0.9403345756583685 
0.8878605504387378 2.024217816054672 0.9259082126006105 
0.7032223575850325 5.95253397431404 0.8867591867285757 
0.7918665507949496 5.129067256726624 0.8331093723649812 
0.8108887577408712 4.681279386585857 0.8427256075238412 
0.7858315281507036 4.485195933313304 0.9136547433570742 
0.834534239460391 3.328623580961116 0.940591405723453 
0.8228717978671174 3.8983725012592325 0.9219655540451961 
0.7122364601650377 6.412933855945741 0.8373660913936886 
0.7614556627982388 4.524849399166539 0.9197599823003143 
0.7769823903377858 5.1252286976871675 0.8493316858630363 
0.7407494980643414 6.209857106658456 0.8298005785396815 
0.7220289634292771 6.20712719201523 0.8460762998742694 
0.8728035384331446 1.2154973200792742 0.9359984338977119 
0.845713588516072 2.9661738797480393 0.9041680746188189 
0.8351475302667238 4.479200320181071 0.8774991925813871 
0.8419273703309745 3.6600138755910745 0.8964881817589555 
0.7592254409137846 4.901446865620386 0.8988128840444621 
0.7820596538726906 4.767922434458554 0.8750224113835066 
0.7820665338359032 4.563514424174797 0.9128410541546812 
0.7701269441469116 5.763116022125848 0.8336936067562798 
0.8685137701830018 2.736138791337155 0.904477615605699 
0.8657934779067118 2.5014094804877995 0.9074745296169355 
0.7769354868972156 5.324062486952168 0.8459480154651838 
0.7820596538726906 4.725541373188775 0.8750480891768199 
0.7520649439848868 5.5383925206060045 0.8542489140534912 
0.711433702465021 6.558022673777055 0.8494479725422766 
0.8604941004447377 1.48446182953651 0.9288513963551519 
0.712775830567165 6.141199663020289 0.8763069043867472 
0.7132254773733411 6.344438630998761 0.849779652343304 
0.8230166214984248 3.930061618427335 0.9079798973551652 
0.8451871061976126 3.346612368567162 0.9042619682281829 
0.8166367200046045 4.368129156105164 0.8958796732718166 
0.7056237420024624 5.951384457329961 0.87832561838195 
0.8172262925325978 3.4264930440214743 0.9358610555040092 
0.711433702465021 6.342971260803193 0.8755552107244619 
0.705925214769751 6.86318662299745 0.7769101813158188 
0.8997635545791636 1.2281669012571714 0.9335603328977928 
0.8174431624258637 4.640159748029205 0.8495503997785813 
0.7354555245377792 4.858066453600312 0.9125512483131341 
0.7397655981829081 5.282081206828144 0.8898280177082036 
0.8527585745448716 1.8201577703533733 0.9388063726461121 
0.8036926528671327 4.125193489384138 0.9307738296631591 
0.7397656124384802 4.990518829506648 0.8981676748135622 
0.834086398116366 4.329314598009254 0.8779641574490707 
0.7311458461329539 6.275853801503364 0.8280427532024522 
0.740688977219264 6.558127157158028 0.7994573303893524 
0.7660124708991191 4.525741133032296 0.9196130510903037 
0.86502928039405 3.44526706309032 0.8930057583331299 
0.7398140291145421 5.8898833702232265 0.8801921138476053 
0.7850186100871719 5.175810258622047 0.826221405847704 
0.7408428828822348 5.952555298987647 0.8321302259146145 
0.7354555245377792 4.858066453600312 0.9125512483131341 
0.7685162018539821 5.479843955665114 0.8344965088038518 
0.7051395345769671 6.013906158859926 0.8782096639275953 
0.8638204983571872 2.5014094804877995 0.9076123827200907 
0.8087710252169074 4.678845568525633 0.8739503627466723 
0.711496240671601 6.34307061490949 0.8755049469691975 
0.8021736402221424 4.9402611808824854 0.8432557875494096 
0.7561862164652968 4.683713840022937 0.9071419427848859 
0.8530421153503736 2.052132901110648 0.9375520855306818 
0.7695094585051429 4.603637359306297 0.8974794990446995 
0.7408428828822348 5.952555298987647 0.8321302259146145 
0.7521623720521798 5.2259796472377325 0.8862155537656361 
0.8483177560448335 2.9528289741516325 0.9349064403508106 
0.7393147263375826 5.602579934069411 0.9103154691367117 
0.8929967481392622 1.4153117242104742 0.9264203988428906 
0.8997030352593163 1.1903442153762496 0.9338768880225289 
0.728157629958923 6.706150120472989 0.8209569917666456 
0.8172262925325978 3.4264930440214743 0.9358610555040092 
0.7765945502646316 5.031340442783131 0.8818273277399795 
0.7547443309963169 4.565201309879884 0.9183447938402 
0.8230166214984248 3.930061618427335 0.9079798973551652 
0.7185772798145239 6.205958450284594 0.865001793318639 
0.7541327395250328 5.5383925206060045 0.8537091154383966 
0.769043572003975 5.03500782422352 0.8595331473406392 
0.7321962838233792 5.039661872029008 0.9124228956046135 
0.7658032636616893 5.079315269380125 0.8812061645849153 
0.739763085004939 4.899811104047767 0.8992015671767039 
0.7328908637684217 6.559569654241701 0.8272447990963726 
0.8105168782268368 4.058060367733531 0.9059719768474402 
0.7764881401770334 5.375807896523063 0.8464065912660381 
0.818247077452904 3.4014893182467585 0.9360518073462033 
0.7408428828822349 5.952555298987647 0.8316727868305931 
0.7887903930106153 4.263668210792099 0.9278272744137868 
0.7397655981829081 5.085837549248416 0.8904777909992594 
0.8118490161578448 4.640159748029205 0.8499783720537747 
0.8596493513097045 2.4554408370519907 0.912021720962836 
0.8483177560448335 2.9528289741516325 0.9349064403508106 
