0.7989217496256713 4.941149833289879 0.8551927829992436 
0.7670433235479353 5.376802362427421 0.8478474817035629 
0.8312292884262071 4.024699606387704 0.9128209544743802 
0.7905002184986288 3.962652051660708 0.9267795872532668 
0.7009397383729323 6.781712199334331 0.8063102148932233 
0.7522691173929901 6.2731721944100185 0.798339211278278 
0.714534460432648 7.27924318301008 0.7811523778662184 
0.832007480499438 4.518746013620554 0.8642201461721286 
0.7492187039572054 5.2801692801885505 0.8904216231895016 
0.7003486689754699 5.834311395916493 0.9020704542514644 
0.7579479833164661 5.767841398212626 0.8064073901391056 
0.7273843144003214 6.080135969264189 0.8633120960066617 
0.8502618867813374 3.1173845962642908 0.9069123655568796 
0.7414585762343189 5.765537177830696 0.8380952943596891 
0.9022370406409189 1.4049346038231332 0.916531868701366 
0.7294930069756946 5.134756852778756 0.9121033484985474 
0.776567321273026 5.083094828518234 0.876430791236782 
0.7410022259211846 6.338859883345152 0.8029175235783801 
0.7181873354728132 6.860089959302353 0.7922116558175435 
0.781877276021509 4.486141724024029 0.9009059586826528 
0.7307308588814426 6.072576139070417 0.834055032229329 
0.871892201142676 2.073346684233115 0.9028466599881935 
0.8101195351569593 4.558115434214024 0.8762143214104428 
0.7137399591100133 6.146337806749619 0.8799552964568527 
0.8466535276106477 4.020934710074829 0.87733405134619 
0.7108316119422333 6.63216981224926 0.856926020281862 
0.8794251158955755 1.5393886912355454 0.9112713112423902 
0.7408693735371461 6.274528359157461 0.8246243182618743 
0.8595002672214839 2.0240096461394073 0.9168790525371048 
0.7573957334717647 5.82361743357178 0.8237849242932953 
0.8344580383624176 3.30469042014867 0.9425198012010333 
0.7244669318329232 5.715238339676838 0.8846662655905215 
0.7671152251318117 5.381002073078901 0.8120059400177903 
0.8674453488806062 3.397573697571139 0.8932396962637125 
0.7216335674212201 6.706152184897142 0.8091989732602626 
0.7960974471200136 5.227007342284498 0.8327400470728087 
0.7404830452983455 5.5449528955060465 0.8670103506888337 
0.7226442695907014 6.4115460316688475 0.8279275838961664 
0.7632809682832937 4.814278704415683 0.9183105568707921 
0.7332909000154453 6.704664211757247 0.795224865277895 
0.7494037965051881 5.538472129205404 0.850323587304743 
0.8426783118125245 4.118580542418474 0.881986698638979 
0.7408895471521719 6.339008358089412 0.801929177529423 
0.7830074928153492 5.2742205545074565 0.8368671706070027 
0.8787131265884868 1.944474096766018 0.9203199208633782 
0.7372115613691115 5.951354666511567 0.8634387376460483 
0.8797172233003467 2.8516294266973836 0.9014811234564296 
0.7715239650487566 4.900579367554701 0.8780723195506093 
0.793220084565429 3.5563978474275166 0.9317438303706633 
0.7135699742921544 6.0788491546211825 0.8801692313348914 
0.7034232965378461 6.781405584818191 0.8102946292882502 
0.7956225625696433 5.176708468835065 0.8495481302439926 
0.7520926802775882 5.950106668604546 0.8301498577873058 
0.8273124865433661 4.763654782221629 0.8672575968337627 
0.8192364613889467 3.3267179655199395 0.9340120071182318 
0.7466692649627258 5.708437295322861 0.8375927230157061 
0.7205865313145112 5.2328905634359915 0.9081220899402935 
0.8428002916687622 3.632345351227167 0.9095411322908736 
0.7026592478978855 5.5470891289036635 0.9046925988154025 
0.9020179096226147 1.3683887591903006 0.9170460690812041 
0.8010328362533974 4.368177846074275 0.9075152122287348 
0.717200845698051 6.860089959302353 0.7948752258908897 
0.8310088865556602 4.367445775687378 0.8875734060778195 
0.7520926802775882 6.2731721944100185 0.8023820668131364 
0.7192110503748965 6.556696886488443 0.810770640219453 
0.8066153786405266 4.259482194561499 0.9091878242380116 
0.7641604930079378 5.2741003755459 0.8480263788838039 
0.7424486471693694 6.40999238035435 0.7949728499929289 
0.7714936737298989 4.372508699134704 0.9060450301486804 
0.7332909000154453 6.204640479962919 0.8267353940387294 
0.7675560308662606 4.901622617179757 0.8961831861983862 
0.7298737189438127 5.489361259965822 0.8858257561305035 
0.7598261504088828 5.8874746530421405 0.8053029726462189 
0.8584794823011778 2.322861149017641 0.9139182417040638 
0.9012174833585835 1.2382055961303837 0.9198270358481119 
0.7198512052284596 5.334219790606012 0.9087321982391403 
0.8713819892812111 2.0367141174945225 0.9144205901990821 
0.7445591033061505 5.436809871138677 0.8702003813639072 
0.7216335674212201 6.706152184897142 0.8091989732602626 
0.7569876313163276 4.90154810763695 0.8986670528001846 
0.7960397772903008 4.121226610893473 0.9093812057434834 
0.8012844861009728 4.939370289581685 0.8619401195114922 
0.8012643499478659 4.68128452155924 0.8703926931481156 
0.7387894697712967 6.01143658279838 0.8411475421526544 
0.770981206500897 4.7278787424190005 0.8997562010865328 
0.7332909000154453 6.204640479962919 0.8267353940387294 
0.8148204923161982 3.960776888271008 0.9129839348663692 
0.7632809682832937 4.814278704415683 0.9183105568707921 
0.7813983468267416 5.0313079908935014 0.8573164953856933 
0.8466535276106477 4.020934710074829 0.87733405134619 
0.7390211781054107 6.627723148349786 0.7893674265817814 
0.7326607255264546 6.479896586536643 0.801008533441858 
0.717200845698051 6.860089959302353 0.7948752258908897 
0.7537327112154553 5.950106668604546 0.8272849330486038 
0.8557358372049475 2.929313666993944 0.8978363724935653 
0.8782168525157219 1.847431930817013 0.920850265424391 
0.7506795178818748 6.408756923115702 0.7987537433604576 
0.7008747393715309 6.943345990197262 0.8021772568536958 
0.726466395407583 5.597081008140276 0.8825695462266879 
0.8330060744432157 4.479935293888413 0.8662051628244671 
0.8536347563938835 2.4560619327340203 0.9152567794832982 
0.7183049185901611 6.488352775912237 0.8595989223038133 
0.8516626105840558 3.4477729755358757 0.880680174076866 
0.8407264440441087 3.835193483493821 0.9182271317636118 
0.7412299941417464 5.08573496563178 0.8929246544777438 
