0.7055372870324594 6.344411288227032 0.8172541518632261 
0.7663760007972767 5.0848889568186 0.85228686626603 
0.7028297040134011 6.345637027943131 0.8511015224758479 
0.7412143539827806 5.828333490873233 0.8325235784058722 
0.7213261834207001 6.01267205126247 0.82833457934496 
0.7067535979187262 5.283243905866777 0.9049699250580638 
0.7388653049882659 6.414340608378403 0.8009384214892179 
0.8457395891545442 2.46058998437104 0.9400277591407207 
0.7433797719528328 6.013780640555439 0.8105143739003299 
0.7040616114075303 5.8934782906956595 0.8890329511889642 
0.8194620027188367 3.9607689120115426 0.922303388457698 
0.744498609663571 5.383074562086468 0.8793756312358522 
0.7505234982994756 6.011476636576751 0.8048803033822972 
0.8625927228372627 3.744049492210039 0.8850438194458586 
0.7238434644232827 5.281071183070877 0.8956864869161971 
0.7769469568340811 5.036814024262925 0.8963125888912505 
0.8180104156898731 3.14440282843015 0.9399229629071624 
0.7563092286733846 5.489359019021612 0.8302110136190409 
0.8088017031639364 4.191476583571369 0.8847471766866256 
0.7568656495697736 4.945607345516077 0.9027050271935172 
0.7350720864503495 5.656645118525603 0.843013934975948 
0.7313883443661299 4.993230195676308 0.9120676455784223 
0.702884528242541 6.482698834472132 0.807346289654432 
0.8387363206301018 4.335037817581699 0.8755454892918609 
0.7080030605646108 6.707488826874565 0.7835871417549711 
0.8704322335860555 1.6735030915921323 0.9307096650503067 
0.7266087138322912 5.8306802508232485 0.8761204971848879 
0.712993230387801 6.485559140231108 0.7825563838876715 
0.8346568034498008 3.8340672218952316 0.8918600296174091 
0.8683492246346333 3.1362044487522174 0.8890530846407566 
0.7858764058803719 4.44616109462218 0.9156133363019237 
0.7161968764692679 6.275975811326295 0.8081302291371244 
0.7551720876945249 5.654424030715156 0.8157576608076694 
0.7768520218741567 5.328166146765678 0.8186125374325696 
0.864710071499665 2.3701973378569514 0.9128241672432678 
0.7963630291737492 4.642530833849611 0.8558323149314622 
0.7422550834863753 5.542674127934433 0.85311632154189 
0.7858625916649814 3.962627244705489 0.9273385307236849 
0.7917325791367239 5.228004397918666 0.8467204812620035 
0.8416144805920738 3.209856595782688 0.9154271581801319 
0.7084523837673051 6.0163497864238655 0.8665074262806379 
0.7474651030788888 4.728845761586957 0.9169821027544947 
0.877866050693817 2.3845474668537876 0.8962163295271373 
0.7131404742088971 6.209756273674104 0.8146233826073758 
0.779097479922933 4.990416942082116 0.8970530863720021 
0.8756852766232667 2.7238753696768288 0.8938291256654944 
0.8607387676163903 3.6312723056097966 0.8852147210322249 
0.7133850737530163 5.657787396046162 0.8928920785985464 
0.8039603172282419 5.082179036660734 0.8491856979248619 
0.8195200352257254 3.7777009160778454 0.9098794808835554 
0.8277099238557468 3.119107823485513 0.9357489663162448 
0.8357330243882422 2.6742977622945383 0.9296808665929763 
0.7468498809191871 6.07513864045407 0.8042086450850067 
0.7449441752626096 4.7712267797927534 0.9157877363807149 
0.7084523837673051 5.9537435616977765 0.866532991308375 
0.7217156523526049 5.656651858938041 0.881045346779065 
0.704971148371808 6.8647215508632335 0.8065712517847541 
0.7112464475301368 5.232868212587683 0.9105607424654194 
0.8382469401324057 3.2792183087923497 0.9142329746198363 
0.7368293528929548 5.601487812222025 0.8862409234729843 
0.8767201862172209 2.4903652097826288 0.8973869830376068 
0.7055372870324594 6.344411288227032 0.8172541518632261 
0.7165894045255407 6.141179439921022 0.8272081898589995 
0.8154086524146724 4.11925192458265 0.8862446681828038 
0.8218680472404176 4.190783450515926 0.8765661554595174 
0.7376940596022132 6.077624230488594 0.8023762738132001 
0.7401633086399357 5.598204141458979 0.8426736421058556 
0.7131404977774896 6.784672864937657 0.7821576059991882 
0.751494338463885 5.951373536671878 0.8058442429348632 
0.7602972013609683 5.711741582063849 0.8076110352269211 
0.7917325791367239 5.228004397918666 0.8467204812620035 
0.8646999909784119 2.3701973378569514 0.913306532422467 
0.8527247961341545 3.9533632058357178 0.8807220019556259 
0.8973426534490869 1.6460906518114546 0.9377677328619859 
0.7106665156620099 6.864750075814701 0.7825247154383592 
0.7767544152619946 5.486178753164105 0.8355418218189754 
0.740695897803398 5.828342869612028 0.8336631294320133 
0.7827454608283655 4.262276278413579 0.9164938900391199 
0.7390816979528705 5.282144717915442 0.8902721610255808 
0.7597968600932311 5.180449206523272 0.8930811140103794 
0.7994060938359182 3.750857954871444 0.9322431884635108 
0.7099590595635235 6.078732054536357 0.8532389943315197 
0.8285486939004716 2.727016949702119 0.9280826150755496 
0.7767544152619946 5.27718860259333 0.8366220106806862 
0.8653036815001254 2.063636177595847 0.9132332741605932 
0.8700326199087658 1.8287817807897795 0.9304186239417023 
0.7376940596022132 6.077624230488594 0.8023762738132001 
0.7131404977774896 6.784672864937657 0.7821576059991882 
0.7401633086399357 5.598204141458979 0.8426736421058556 
0.7162230146156351 6.414213827945335 0.8074365366278273 
0.8357330243882422 2.85536729472416 0.9252560702325361 
0.8380060958233825 3.9564399611227254 0.8821658179324559 
0.759417646001415 5.770156338419636 0.8062685005245391 
0.8053040138671387 4.562016417595838 0.8822240632564061 
0.8219109911564642 2.9956891273899795 0.9413111058347793 
0.7655749812040199 5.178636618163705 0.8897730818310768 
0.7053978654285029 6.70914128449098 0.8069098482130681 
0.8501820617314895 3.322491532700658 0.890729048647576 
0.8141790388646595 4.090388811534665 0.9209133175875338 
0.7239574087918292 6.080145976074582 0.8229680102679987 
0.7133850737530163 5.715163599683429 0.8928665434683449 
0.7314308132922883 5.7724820076731564 0.8716578283008185 
0.7376940596022132 5.037852439572839 0.8971973865958781 
0.7098756536785293 5.602594660705954 0.9041722696420085 
0.8032825945699489 3.8394009726363736 0.9316328928708846 
