0.7116880547857201 7.188834647170848 0.7680374162382522 
0.7494046116563915 6.007679637669663 0.8226778413971308 
0.8480553561609124 3.2313449108619205 0.8961329185612695 
0.702668943687505 6.8600772001877655 0.8017685418642555 
0.7703341416718907 4.373261089638411 0.9254445038047729 
0.702690508575883 6.558092682059345 0.8496151686638471 
0.81356963653764 3.7220641725196635 0.934966052657607 
0.7406880151988577 5.829465235259037 0.8589004738440935 
0.7860569684863528 5.1786193452509295 0.8259367059569693 
0.7086467953032799 6.9369857891576086 0.8000376622634221 
0.8578231953822486 1.8097905123957763 0.927505871955808 
0.8342886963818286 4.293859299275215 0.860749480602097 
0.739804020417935 6.010188322753224 0.837044800576713 
0.7683526051817718 5.432632042960468 0.8251980643730872 
0.7743208456601116 4.727109803993266 0.90931602730576 
0.814489561678958 4.156445586561001 0.8697541617467518 
0.7002313722018891 6.858515065482573 0.8195231100388901 
0.7237639497511834 6.703222164499235 0.8256366625451016 
0.73941053559386 5.4356864394148765 0.8959642355760852 
0.7826521452598998 5.376800021171502 0.8449313749611193 
0.8428313778913328 3.426981305286358 0.9408103101290246 
0.8399220178842122 2.782389452902762 0.9439829431039435 
0.8008774952767737 4.601199365189379 0.8492583969866125 
0.7948613097620358 4.3335968513629615 0.9046740333925596 
0.756871289735151 5.488288179749696 0.844652356484735 
0.8705735650912668 2.6349860552739184 0.9000329670500197 
0.7923819162126277 4.942138057761324 0.8881770855878948 
0.7192606137547017 5.438885097201468 0.9094806072538215 
0.7599677748891465 5.228975547615412 0.8652039372503937 
0.7220939938591534 5.65562094666871 0.8808433540321682 
0.7524651673304406 4.728824300598285 0.919182548838703 
0.7040204845606133 6.2098617820474304 0.8751984508998022 
0.7226694954022586 6.411540574009785 0.8383739154224673 
0.7353638013497219 6.338995733776171 0.8156995155768283 
0.7341220376804596 6.77853473583231 0.8092332152333142 
0.7031464757166108 5.716402692428906 0.9024069521021382 
0.8536667536248648 2.620400273816378 0.9222776639114517 
0.7197565877217436 6.208767344260999 0.8595564430763927 
0.8368189761441382 4.51727201512794 0.8586794726922684 
0.7708107019852639 4.410591340184504 0.9244964321084562 
0.7074972269708885 5.831848907051075 0.8916709528606996 
0.764429932966784 5.228079699870214 0.8880486928631439 
0.8577707439831814 1.9477372347547015 0.9268871306038902 
0.7009455130343727 6.632144531202149 0.8475437009034094 
0.7107418218236092 6.856961474562356 0.7690238381859529 
0.8117471655730257 4.560472198792685 0.8939379747514636 
0.7053013449727148 6.146347192212746 0.8839591254580855 
0.8494251207101217 2.6567269052594384 0.9438620356804762 
0.785174462808945 5.128125721848707 0.8391682073519432 
0.8569703192098513 2.311253402784008 0.9212895845327844 
0.7838459402795235 5.2270235975929795 0.8255030521567475 
0.7556029648132987 5.542848912487718 0.835243166694209 
0.7398221766714583 6.072564414733568 0.8161601107999953 
0.7271873549500593 5.60257123167778 0.9074112372284706 
0.7530004779506969 5.131905614144855 0.8906513576042463 
0.7142182357131484 6.558116529110611 0.8491466253424318 
0.7382364436168068 6.077602489758954 0.855463112051556 
0.7340761727195717 6.701706531080159 0.8097219227474156 
0.8683994248698443 2.6376721164295187 0.9008229283852452 
0.7182064000919794 5.892273325819806 0.8897683902420155 
0.7989428491546982 4.641753997205912 0.8484528722408213 
0.7077441123988655 6.781580786915615 0.8020230582626166 
0.7615864586788939 5.770135599909605 0.8180763048136303 
0.7526291822107037 4.9023357249831605 0.9191528357209132 
0.8105494030492615 4.191521560193103 0.907837972320053 
0.8276923461079575 3.6936693231363424 0.9376661502687169 
0.7392229333915692 6.013896338415217 0.8556557497769921 
0.7539651811590784 4.8108587793286866 0.8922526468833253 
0.7140195337050279 6.343070889296812 0.8725785747609954 
0.8171839112483698 4.121933269226993 0.9000667446873317 
0.738236443616807 6.550940567992503 0.8124553516312478 
0.7076795568307829 7.188834647170848 0.7695965654113563 
0.8635918976590705 1.7696458984829695 0.9264165106725476 
0.8293364843169905 4.368951132196641 0.8595294498090952 
0.7494046116563915 6.007679637669663 0.8226778413971308 
0.7383252160249936 5.3342374688444165 0.9110545146592738 
0.8695563110650477 2.7939128552511936 0.8994355998872668 
0.7192606137547017 5.438885097201468 0.9094806072538215 
0.7536177935415922 5.654509690494096 0.8361788294954388 
0.8536667536248648 2.68895407903662 0.9221053570562554 
0.8016577151298234 4.0923567256005065 0.9321806048005711 
0.7278581250965513 6.34442068368177 0.8530738311695837 
0.8446502975177408 3.807166337143741 0.9144726899661565 
0.7557456020167106 5.382013553676841 0.862990663997332 
0.7753280288617355 4.3732590316961035 0.9256034376840339 
0.8434512284423272 2.5417213673784755 0.9449462995096695 
0.7076532675609364 5.657900516898334 0.8915083366268294 
0.7989408317931955 4.940262202722156 0.8495567734337122 
0.7077441123988655 6.781580786915615 0.8020230582626166 
0.7683526051817718 5.597070004285689 0.8238561223373471 
0.7317405516518063 6.141199922528429 0.8764459680527347 
0.7382364436168068 6.077602489758954 0.855463112051556 
0.7182064000919794 5.892273325819806 0.8897683902420155 
0.7726610068226055 4.446968440717377 0.9100055718268175 
0.7598976531000146 4.605216942149883 0.9219756590770616 
0.8105494030492615 4.297395743098267 0.9076826775209902 
0.7696986891197746 4.901534253759241 0.8893872028225677 
0.7860569684863528 5.380991778253063 0.8251038575323071 
0.7400217850673843 5.2328831211639955 0.9139271127708565 
0.8350090592678692 3.352795660643371 0.9408816647329775 
0.7406880151988577 5.889850693771809 0.8588758257074066 
0.7335435533568532 6.550940567992503 0.8212469172531905 
0.8435180122364297 2.688959076987955 0.9155987911433185 
0.7481114924695871 5.713044661986498 0.8291047980770415 
0.7792743540289031 4.263085020004415 0.9117332627080319 
