0.7430965306924855 5.886292438581188 0.8664734902166394 
0.8763158650488865 2.430705855662811 0.9037876058685296 
0.7331657309247785 4.373237121420847 0.9182310701462706 
0.8186364089734728 4.554292429429535 0.8509363412752559 
0.8925963755989801 1.8419116231153683 0.9113452382252158 
0.8755854921549459 3.0717938633730815 0.8954513028824422 
0.7748926457179344 5.2761929778377334 0.8765086954692202 
0.7589792077774907 4.99230841527488 0.8955421307165201 
0.8104882794989319 3.86422870738584 0.904115223828461 
0.7750401507271065 4.6401591883673 0.8980087231448519 
0.7925169757072618 5.173745724933673 0.8299991411846355 
0.7810044345563325 4.026639571019571 0.9293987014294629 
0.8327670090411365 2.781966967615143 0.9403717705620018 
0.7891648869362557 5.080235665504414 0.8517565513716703 
0.7307613502951819 6.4087440577041805 0.8019425856807241 
0.7218080542714898 6.858515065482573 0.8175795140986576 
0.7432700237817076 6.010188322753224 0.8392776804795072 
0.7946896485421626 3.5031797625230943 0.9291478754961671 
0.7000296074278454 6.860040216686151 0.7990631047692025 
0.7529228113956469 5.766675096055807 0.8371901836070199 
0.7284873720677549 5.38605555917595 0.9079058513914721 
0.7179236251686292 6.482700069958475 0.830559215725277 
0.7257382108497117 5.891068540473561 0.8825634839636936 
0.704528450213451 6.4143107715441126 0.8487728869341394 
0.8812715679938579 1.8213321532416522 0.9304540708496348 
0.7375111702855932 6.336143234239545 0.8118437661045808 
0.702412382611415 5.7163838291303914 0.9033649489625106 
0.8526220844727521 1.9061518060898803 0.9357616459536477 
0.8132089404340279 3.3522764596931345 0.9341523631406582 
0.7768517159332881 5.651051941672102 0.8424609360208627 
0.8482614633935474 3.3733555767347645 0.8999555437288187 
0.7061128074324075 6.143756736476677 0.8841972097126818 
0.8202704810895592 3.8959503867276526 0.8833951984568033 
0.7464728611165693 4.300217195607582 0.9194507255934716 
0.7095495765671561 7.020289552507767 0.7979594687468766 
0.7916947470168539 4.849423922329304 0.8316974379048446 
0.7132791549890996 6.34442068368177 0.8608032527010758 
0.7713647858951395 5.946447586953134 0.8111876386517954 
0.7220869540729773 6.343063694451192 0.871393542954399 
0.7728785505083191 5.827029336212812 0.8187311447568797 
0.8569210534881772 2.5543585802630693 0.9344964960081912 
0.752912724588134 6.205904978307924 0.8119001639073125 
0.8166316977016264 4.401029659517254 0.8776180978687429 
0.7166124324547531 6.632144531202149 0.8472253802499887 
0.7478036663055159 4.855382765152851 0.9051981424010117 
0.706426596324226 5.772459291044181 0.8869380960005212 
0.7451440639537364 6.008847272950157 0.8132186159438403 
0.7298863368579172 6.208543418844328 0.8649390787525506 
0.8769275297471976 2.2171403282598248 0.9059266835221308 
0.7383042562900652 5.59925180832967 0.8773166592075884 
0.7654172284947823 5.1299169852538995 0.8915866908855558 
0.8761191307064644 3.0506355327346304 0.8957987367982553 
0.8720336018099792 1.9950479346225736 0.9196027637672131 
0.7368830450397035 4.410642946614221 0.9158283257339528 
0.849328647628413 3.300942097019809 0.9004874784400748 
0.7840325145994774 5.275097349093649 0.8777930910351169 
0.8334034875229613 2.8378456645065837 0.9389609978871127 
0.7465138295952743 5.886176512191958 0.8356607495402987 
0.7196404007202628 6.412915572309971 0.8239458854224085 
0.7387700396865411 5.543869033298771 0.8857299176616343 
0.7983064456112685 4.682138371701737 0.8583849542328591 
0.7420768075807189 5.038741572582769 0.9139905353809342 
0.7705104323693495 5.708426747185153 0.8399116558763525 
0.8329557319677507 4.400327927314794 0.8601864330578635 
0.7244972071880363 6.343061359342154 0.8130422571458363 
0.7256460958055635 6.271864702727742 0.836684552204605 
0.7054119543934967 5.492551587320483 0.9044595648575878 
0.8133684816970709 3.69250658589946 0.9081434782804504 
0.7877387312130617 3.8684778198342733 0.9143200796863831 
0.8925963755989801 1.8419116231153683 0.9113452382252158 
0.816161115708801 3.8959503867276526 0.8839903706838642 
0.7918164992833243 4.6828882450736975 0.8980045013438622 
0.8287514561270762 3.350409520492763 0.9193779708132226 
0.7183531515422463 5.438903003962369 0.9061230297797029 
0.8472774108697066 3.7180951367991826 0.8957007366391369 
0.7348338955840197 4.645837361796016 0.914103200466092 
0.7627947390930737 5.431481882884165 0.8752496799219895 
0.7934878858417729 4.225592037475251 0.8990628185102016 
0.7369783508612636 4.564415940530074 0.9142649790731734 
0.7133803246233719 5.71512913883873 0.8835836461437779 
0.8166316977016264 4.363851391137275 0.877644473579872 
0.7579817805809838 5.65451934737995 0.8688377298530202 
0.7846437737837729 3.9312259233030424 0.9286925953594805 
0.7435794135164573 5.888666817906168 0.8266809264837787 
0.7257066076235292 6.271853877553556 0.8366991013253078 
0.7716078770267537 5.708426747185153 0.8373813560927605 
0.7724708481797942 5.034972096078183 0.8932376894994377 
0.7866763545546283 4.7635874397653275 0.8607326693901318 
0.877414877141298 1.8735555299864401 0.9249711099490688 
0.7061128074324075 6.143756736476677 0.8841972097126818 
0.7291837649368947 5.084954998025251 0.8954972834261294 
0.8350193983155966 3.056457391920391 0.9314235771986037 
0.8576864586805117 2.7438417181538464 0.9125188994647739 
0.8033357301440003 4.5211072863837485 0.8601564897119652 
0.8104601088481174 4.7172738211590595 0.8555911019281585 
0.8488824192536006 2.313962514609595 0.9421977565998692 
0.7693171639700194 5.708426747185153 0.8411213177918312 
0.8578337260702003 2.8549639057732956 0.9119305625176595 
0.769791480188694 4.68453016462378 0.9097404891062328 
0.8841787567303107 1.8014454845459495 0.9162435646886717 
0.7887826196275678 3.839390069960917 0.932400833792681 
0.8494960886331272 3.3489474299629975 0.9002575661281187 
0.8454829653795286 3.895345616423671 0.895429256248226 
0.7553076077974947 5.431597120114964 0.8724394886830866 
0.8444843714357508 4.022162040512808 0.8824433036868659 
