0.7525429806656633 5.037829520477766 0.903803671509326 
0.7080113419592121 6.488363969907057 0.8473989267458152 
0.7075975784233801 5.658978437302489 0.9063063748387334 
0.761232934217755 6.142461201086564 0.8179601249004941 
0.7316734794876342 6.414320488550817 0.8059482250198202 
0.8458293997375979 2.329252278138812 0.9463018264875264 
0.7683579222023993 5.882703860662191 0.8082695646446105 
0.7146069011792628 6.7076156025441085 0.7999105143788149 
0.8241791048084386 4.188744594529032 0.8636876388235923 
0.8825864107355796 1.5661419986088427 0.9173022211129165 
0.8685062123183795 1.522304735898146 0.9276750800143263 
0.7667793691542826 4.991377784465814 0.8767490724314773 
0.7190654453579093 5.77014068820277 0.8426578508972884 
0.7521611607410061 5.384998236676582 0.8842841219282737 
0.8541494437907565 3.8340534962259305 0.8761786833420576 
0.7032462509501123 6.863204517105608 0.7867036657110357 
0.8929329600849976 2.3217399924129603 0.9058979567757084 
0.8562501956867065 3.0523801051116317 0.8983221970870792 
0.7664573003126566 5.435761649278213 0.8672808199441149 
0.7779804343616322 5.593670391109273 0.8185489464074759 
0.7340622998931804 5.652318668138535 0.8478465765839721 
0.7206783291346395 6.3389868670760485 0.8322072997474644 
0.8200858602553583 3.233612578324868 0.9392057620483266 
0.7281347839750523 5.039554378692597 0.9147142749023888 
0.7728765259592479 4.564342838517616 0.9219602773000909 
0.7337486414465952 6.555233883123301 0.7866124200186905 
0.8129343191631 3.9620023347665576 0.9132428819616639 
0.7957745743552131 4.76114958884389 0.8662057452488389 
0.7643706159300223 5.708446279021437 0.8385341680830671 
0.706990557038906 6.277202967759145 0.8701208716162879 
0.7332697204734796 6.2085644294516555 0.8113798627724105 
0.7865946190035862 5.275216280075899 0.8385557702011542 
0.8457678964483383 2.9936792559983436 0.9353110165654452 
0.7083046851213743 6.556695191948299 0.8101253902411995 
0.8632283126635585 2.396399142335003 0.915113378070281 
0.7357661961077799 5.602579934069411 0.9094298613922736 
0.7083046851213743 6.784641630260941 0.7937798688426738 
0.7264417475647462 5.715235158464476 0.878610313658179 
0.7973056828796463 4.601998264285365 0.887677484826584 
0.7395333643047628 5.8862907185629645 0.8317931934378795 
0.7813851509775743 4.025380473559265 0.9277329593147845 
0.8353276197843332 3.660586267913117 0.8953706535860576 
0.7129326918253592 5.772453672268815 0.8648770879911706 
0.7280346597404962 6.481298974582562 0.8014730549793015 
0.7342178397028339 6.0151103332704245 0.8231590991976331 
0.7658281148925645 5.705002357919469 0.8084476945656549 
0.873826350719622 2.503281485771465 0.8923341358970539 
0.7791749980505136 5.078445440983824 0.840683667132279 
0.7256270355195849 6.209975537797659 0.8320388618982211 
0.7048333044175348 6.417071723128585 0.8547301424937326 
0.805940127409018 4.124514148791201 0.8933602967105202 
0.789390652207378 4.52566490024936 0.9267429639332211 
0.7389859619396861 5.824682633960105 0.8349516084312786 
0.7779804343616322 5.3778111638656725 0.8195069099616181 
0.8715262273696789 2.1727106488052046 0.9181616172465726 
0.7477657635860306 5.599263825060401 0.8613321492361278 
0.7093254688129218 6.345783871090764 0.8179988404457457 
0.7353433632406244 6.411486177981763 0.787657384988977 
0.7534402873969009 6.142471028617076 0.816591582234066 
0.8675076183746018 1.615769073667616 0.9268663530588548 
0.7664573003126566 5.435761649278213 0.8672808199441149 
0.7525429806656633 5.231919956653298 0.8919462743400962 
0.8146833807988214 3.4019651514603373 0.9366825274019905 
0.7667793691542826 5.037725967776051 0.8766433538402691 
0.7576061388997315 5.767850541719441 0.8316807935021756 
0.7124624471311327 6.707619178693478 0.7976706603176407 
0.8736464811886353 1.530499759593322 0.9266236846370491 
0.8395624120162081 3.866021170665844 0.8913407672432007 
0.8366316952288656 2.639976956646715 0.9422773670949609 
0.8546817002615794 3.0953927812961726 0.898736676967818 
0.7093658172717322 6.707640704779162 0.7897894345522817 
0.7957745743552131 4.7188699654301205 0.8663029430835276 
0.7873847579111956 3.993163031784695 0.9300909043694406 
0.8478235878194688 3.4249993471924247 0.9224761790277374 
0.7979179345267287 3.691952732451721 0.931301589310665 
0.7308690617268447 5.8887002572440466 0.842433745220829 
0.7260770752424193 5.0867307842521505 0.9143119409586062 
0.8424810236791772 3.8959871383753586 0.8742415083687792 
0.8252154362226004 4.12055568063885 0.8554046006089371 
0.8605253100244613 3.0130370014375853 0.9015699752593233 
0.7279055473755722 6.414304307164398 0.8062953866632868 
0.8854466910421399 2.3805117857947917 0.9029509767749463 
0.7093254688129218 6.707639049372888 0.7911219516174767 
0.7897541851417051 4.486761030989197 0.9270883163841241 
0.7327083550421394 6.414282611036145 0.8122699361024859 
0.7612535269933592 6.07759896543601 0.813258824860628 
0.7123990757154866 5.83182201439903 0.8647549869702003 
0.7434415683266793 5.386141504794409 0.9126772415270735 
0.7825783551868418 4.985076176497335 0.8417027082876377 
0.7347835478974194 6.482683262104536 0.7868181267035681 
0.7586672710500892 5.709575623788624 0.8413030091097742 
0.7206783094996196 6.137209849741381 0.8350877214865609 
0.8242549466384802 4.155774126373658 0.8626095976011631 
0.7312383274942922 5.711866273178796 0.8444618346986901 
0.7644689812059182 5.179485533190636 0.8704152111955896 
0.7730984195253854 5.595862111041715 0.8187059841659143 
0.7574678374362981 4.854519079524568 0.8789398397235141 
0.8458293997375979 2.372454190085507 0.9458610501155926 
0.7319301938772026 6.013917689525076 0.8423704740750186 
0.823604092935787 3.1220595330351184 0.9358864201113405 
0.7253132172470909 6.632127045271859 0.8009524543229978 
0.8115912701851138 3.50169062426885 0.9272015379889824 
0.7279055473755722 6.078868420312219 0.8304679740687524 
0.7643706159300223 5.708446279021437 0.8385341680830671 
0.7443742646285476 4.771292832629083 0.9156493536441096 
