0.843144318618876 3.143146610272864 0.915600513520646 
0.7500833534805108 5.129925792569408 0.8960159703838735 
0.7060021218053105 6.860064867299336 0.8069064681820504 
0.8314232551206882 2.4903610355100456 0.935351397309118 
0.8086155613675151 3.401947547457107 0.9365557972924504 
0.7830697414622619 4.940261949925836 0.8530211489779145 
0.7477893838935248 5.434723310010144 0.872441793921274 
0.7176053882629176 6.1437614228882635 0.8770875508197483 
0.8743630349148614 1.6450312436101204 0.9290514760434899 
0.7882725167774193 5.031314622083199 0.8285194800332994 
0.7072710410322428 7.023508971071955 0.7787141930190825 
0.7613256350259423 5.4883018243794774 0.821963963618848 
0.8948171946873138 1.9029656670271373 0.9137664882760139 
0.7368021095319818 6.630688644949807 0.7971305200006542 
0.877224651197241 2.6017133489847946 0.8958039022785289 
0.7124536427323744 7.023508971071955 0.7755556255099352 
0.7148121940372172 6.417074888574422 0.8478759997286534 
0.7262445792063958 5.183447481994937 0.9089774501552499 
0.7533063387754991 4.605148959548298 0.9200272327393492 
0.7569139785353796 6.008792737823272 0.8067845479597172 
0.8473449623354655 2.370194193240608 0.9112037465201837 
0.7017779958356576 5.546999919907432 0.9033486356913641 
0.722256328900819 5.657870373060752 0.8879088026041982 
0.8061571188142129 4.334379092099296 0.9071046035077245 
0.773081478427667 4.604376624048629 0.8983247438133899 
0.7642058351477161 5.280166497833734 0.8518516211708078 
0.7647234336400538 5.538441214814723 0.8139032229697626 
0.7442724761226304 6.012462092377446 0.8252097617626414 
0.7907948015795954 4.368898631503805 0.8664097557320963 
0.787262288667306 4.059272301472512 0.9305422221420423 
0.7212137749673723 6.632144531202149 0.8264168502600985 
0.8642259933879135 3.3014377948599014 0.9066554595248302 
0.738018089024935 6.016411439638385 0.8528693145167615 
0.733393561943496 6.338958557789476 0.8025190274963886 
0.8096222563236123 4.365276678854307 0.8581113203542236 
0.7087395961081795 6.017520839484193 0.8786683385396608 
0.7145026931541683 6.211171525431361 0.855245227705783 
0.7984365920232714 4.851073236672546 0.8318253163123064 
0.7157772514918739 6.781572154692648 0.8090092340347147 
0.7617744995786102 5.180543954295902 0.8841487614590829 
0.8368456138937288 3.894180077658816 0.9030100328403606 
0.7234129732324863 7.021779747955795 0.7861491601109001 
0.8468824887612425 3.8641790336409985 0.8986870791871967 
0.7890321408336078 4.894448428661878 0.8435565544731912 
0.7993130241953993 4.194175989320119 0.9294597526991442 
0.7502388010485612 6.072545520851196 0.8071940419154737 
0.7243214730145437 4.728832666448477 0.9155773107264435 
0.8045872172654596 3.058096589317519 0.9376598754646687 
0.7731352449123391 4.3364636394870555 0.9227696054753446 
0.7703906231396276 4.943818074415448 0.8885086870855478 
0.7119587997074466 6.209859619409836 0.8762809631341143 
0.769125173954598 5.037753443541351 0.8402752733730182 
0.7244115671762641 6.780067336099123 0.8191829726246328 
0.7507106895091701 5.2309242730644065 0.8601679583947879 
0.7716121536916898 5.084885805202992 0.8355770632328481 
0.7908022857123095 4.93937672014822 0.8286604735289724 
0.8228918521363198 2.6886246753584317 0.9329397717066044 
0.7497500128233402 5.231913905733024 0.8918014190441209 
0.783822718268208 4.52412277645426 0.8844595128899942 
0.7358559669872712 6.077614230805208 0.8308739238172786 
0.7087395961081795 6.017520839484193 0.8786683385396608 
0.8096081347930942 4.440932835104149 0.8591505286817627 
0.7654496491582664 4.525749548352676 0.9188200468088649 
0.7153447982517538 6.347170407175419 0.8479975816908848 
0.7333589717562987 6.211171525431361 0.8517224254205792 
0.7083866419431704 7.10697988618214 0.7783889954481104 
0.8619687955338198 3.632279593744891 0.8827140716310206 
0.7058659425821068 6.860064867299336 0.8072964047530666 
0.7260900116070674 6.863069701204957 0.7907076804400194 
0.7119271114396726 7.10697988618214 0.7783501232835635 
0.8210768463275033 3.401004861105563 0.9206850484757885 
0.7358559669872712 6.630575720592263 0.7984411492272822 
0.8604630327556271 2.239722441041278 0.9146744989033133 
0.87673235147977 2.151806151147281 0.9036638075856952 
0.7649596621910023 5.428470845562938 0.8160374367738911 
0.7017779958356576 5.546999919907432 0.9033486356913641 
0.877224651197241 2.7051335283532176 0.8949143348902618 
0.736854560931049 5.599289269006213 0.885772240349389 
0.7523433326721589 5.830652523597705 0.8354630084341302 
0.7591184610329929 4.562790088184343 0.906080076097509 
0.7071453022838363 5.657894954187062 0.8868510287068546 
0.8102279540198388 4.224904535793974 0.8627257972846244 
0.8548097171324328 4.120557549563616 0.8961391703439511 
0.7691759267785885 5.324111434725039 0.8182759604043771 
0.7490580582183385 5.596986619869065 0.8437322657299399 
0.7646174664226724 5.655546305384379 0.8135929631455878 
0.7934548885884268 3.99450010453598 0.9295951112192666 
0.7800739534260652 4.942929292958225 0.8488744663192088 
0.7435290623342297 6.203301371448612 0.8050307801052187 
0.8743630349148614 2.1638689872821173 0.9233960332228018 
0.7510264995179148 5.434722592390357 0.8478297153639512 
0.7273357218620131 6.3458875208743715 0.8133640537824008 
0.7480325913288457 4.373237121420847 0.9223639604730772 
0.7731017407065619 4.645038357856157 0.8982720407791361 
0.8587364893803338 3.524743287413155 0.9067475203811064 
0.7387448022653753 5.0396631401165255 0.9129748958168197 
0.7856575998211439 4.48530107977137 0.8848745480443656 
0.7145551445532354 6.146337806749619 0.8783069097921627 
0.7417006570382565 5.437846678457947 0.8886931247799483 
0.8281712871885752 2.5540430229457303 0.9343520798121684 
0.8387956410864043 2.875644567016334 0.9270191434604604 
0.7137933993729347 5.332198505429028 0.8961092336134358 
0.8719487148192837 2.758032392484479 0.8919640939811121 
0.7148121940372172 6.417074888574422 0.8478759997286534 
0.7358559669872712 6.142587128219952 0.8305520064329852 
