0.7528940675589048 5.486099464820018 0.8770877588643211 
0.7407160540629498 6.555260329047139 0.8056851831968511 
0.8182564445353108 2.971297610166138 0.9280899930045832 
0.7987865069373361 4.678839130814497 0.8578171239959546 
0.785540508281786 4.602783983711388 0.8931205941011632 
0.8536468933482029 2.932437059682328 0.9298124459676959 
0.7140292053137618 6.410269415078964 0.8212885842415613 
0.7582272704309303 4.727121607940343 0.9102604327115204 
0.8358322940221633 2.1393826737601813 0.9326300912710778 
0.7474929851440424 4.9023357249831605 0.9180600503863652 
0.7439738208574499 6.269084722907183 0.8177774965562729 
0.7019712599795087 6.70316488838444 0.8273602587614668 
0.7639014698059794 5.536319534236976 0.8266211438307227 
0.8049434633753887 2.16591142535938 0.9329982288675568 
0.7457420382144625 6.13723695537643 0.83991921864947 
0.802193002419641 5.0775093007698295 0.8349544065749227 
0.7961300346362237 3.779939254562401 0.9321414783295536 
0.863122266964593 2.7580113059710585 0.8987405183824655 
0.7253276427722402 6.624869391113655 0.7939658134296821 
0.7216216390228466 5.830863163434474 0.8891943970126581 
0.7047623586321424 6.41141982101936 0.8329101901653151 
0.7252233695912591 6.075094288046404 0.8679499226707266 
0.7005196772610092 6.015145919453258 0.8856207283115627 
0.7595509602279624 5.708355058593594 0.8530527536708952 
0.7011577200666581 5.386024761309847 0.907189535309276 
0.7962262956331614 4.227663446491296 0.9201793453782702 
0.7912351146707985 5.0803080064967805 0.8670009444363205 
0.7407160540629498 6.34036384875309 0.8378684181980579 
0.8233763858708046 3.9881754420381306 0.9084924299553453 
0.7179675020632104 6.20451600222531 0.83927710646658 
0.8415951779001064 4.254619422093367 0.8668057036528446 
0.770356745867852 5.591500143117797 0.8169448335753586 
0.7038710914421851 6.077487396192377 0.867818485570251 
0.737325688320752 5.600374767997466 0.8739814608840178 
0.7100428396814953 7.103604942685581 0.7833634503558907 
0.8678911056330717 1.9817869295062558 0.921962821558729 
0.8178480237922706 3.3239036893483425 0.9262273229741286 
0.7373256007675855 5.543776842581925 0.8965563457910681 
0.8451366550152997 3.7142234662945097 0.894573100930197 
0.7029931428971163 6.94334599019726 0.7841805584355482 
0.7336282017052465 6.340470830209126 0.8203883162627751 
0.7187134193417988 6.627630023124394 0.7915029619483601 
0.7197685970874456 5.23298251456418 0.9078504410113329 
0.7162480016374452 6.556728836218382 0.813698350195294 
0.7103194513316349 6.344429521387813 0.8648974860176576 
0.8095092002125776 4.088444744996622 0.9104581412860506 
0.8119305395851647 3.6071103417561132 0.9242460437292785 
0.713021774848827 6.485522373230407 0.8201342347100423 
0.7781710076378856 4.601212644327506 0.8973038547184378 
0.726660154116257 5.3322190010527235 0.8976676190411446 
0.8296531157397565 2.2439103490308394 0.9313493345455446 
0.775070924768512 5.379893798934413 0.8823321408147503 
0.8426119280974074 4.083888357321761 0.8897353663870886 
0.71084169097962 6.274528359157461 0.8434122650807817 
0.7154818750594092 6.626249303748087 0.8180653407094994 
0.7593723027547508 4.4867587209053665 0.9219073074398219 
0.7045152304697503 6.552257799125191 0.830843408346043 
0.8678911056330717 1.9817869295062558 0.921962821558729 
0.7639014698059794 5.536319534236976 0.8266211438307227 
0.8001732618700677 4.192827847537064 0.9209394958356955 
0.8488990340933444 3.577924039407025 0.915641061696772 
0.8014836954287404 3.693613909030402 0.933267027529086 
0.8451458060032198 2.9515961408129234 0.9215588401171091 
0.7453425047434395 6.13723695537643 0.840134853165583 
0.7464273332907769 5.2801692801885505 0.8903434228433326 
0.8772469799402337 2.9285435035614804 0.8944636035887509 
0.7400330049445045 6.477082099198784 0.8189429974884556 
0.746600833257604 5.379903339218183 0.8781835749678539 
0.7144166797525704 6.62771014646761 0.7867403433521177 
0.7631245152934589 5.429425539089861 0.8448086945709359 
0.7639014698059795 5.706171353372 0.8076680957724374 
0.7407160540629498 6.34036384875309 0.8378684181980579 
0.7931485637860772 5.375780664359188 0.8325127795979801 
0.7000811651497434 6.143870685410016 0.8844607093426426 
0.8186222949699564 4.678027798747506 0.8713551473641665 
0.7707885534544814 5.482898697218332 0.812801897372082 
0.7502861190195181 5.595896411464068 0.8774845364011427 
0.7816592182898856 4.558136041266945 0.8950455515645284 
0.8255599126172296 4.155107883398099 0.8772495355197365 
0.7961758600527027 4.373261089638411 0.9296825245126221 
0.7158316361990604 5.602580155907424 0.9053004159095038 
0.7121287692241836 6.553824317692327 0.8192262225375762 
0.7975378483825835 4.896212380097737 0.8458455901113503 
0.7407160540629498 6.34036384875309 0.8378684181980579 
0.8488990340933444 3.230476707551211 0.9203722827350168 
0.7550481012684338 4.947463543724141 0.9176194069465714 
0.7045636471458123 6.552257799125191 0.8281049367608275 
0.7457420382144625 6.13723695537643 0.83991921864947 
0.7138831340965628 6.778556970915816 0.8159573436924379 
0.7090220547611891 7.188887883324691 0.7817246129093739 
0.7255601825503499 5.230955644503497 0.8987655853704183 
0.8752032939352812 2.0886338855115163 0.912730867134762 
0.8608448013485692 1.927122098282255 0.9398225762799475 
0.8412053219204676 3.831127747218547 0.8899329147707291 
0.8029682464505771 4.446955806475642 0.8947384564136172 
0.7000811651497434 6.143870685410016 0.8844607093426426 
0.7479748247499209 5.822356387264227 0.8553853882329733 
0.8085621919864785 3.372863020108267 0.9244680151302891 
0.8196430798902626 4.440935982208497 0.8738903167802955 
0.860834579325481 2.8715272440663955 0.8981595894217637 
0.8591111666005194 3.0134487554918623 0.9014290393850992 
0.8029682464505771 4.4852991542418295 0.8947105125914787 
0.7931485637860772 5.375780664359188 0.8325127795979801 
0.8075636122982728 3.4230336739535914 0.9303648135791919 
0.8426119280974074 4.083888357321761 0.8897353663870886 
