0.8511245249560799 3.230929614878573 0.8906173865368693 
0.8030708753104336 4.763661004025407 0.8427280002796462 
0.8409720641188718 3.8660303992496687 0.9126044037007781 
0.7761338831175365 3.8695596641968 0.929267060142843 
0.7907089731865817 5.2259502263004896 0.834831882689568 
0.7387315852310153 5.883769344287848 0.8341714550040273 
0.8363459755383263 3.299101041987362 0.922165443844397 
0.8101453218195455 4.4076129913773405 0.8882349539956732 
0.8368225878025588 2.5893199412500127 0.9371675516881566 
0.7237853814593507 5.830557949438019 0.8842339230935569 
0.7406208775947385 5.82714497141774 0.8625058480383234 
0.7506435140040895 6.141190784321986 0.7955647942775134 
0.7444731145257237 6.0736974481173345 0.7974716378750105 
0.7275181997771898 6.274515955702144 0.8320507142724332 
0.7229125593908468 6.078755551123552 0.8528775963305396 
0.7503324799199882 4.373184362467379 0.9216778412297174 
0.7133846054768831 6.706185410922054 0.8185329731473161 
0.8612894118520208 3.925123197566626 0.882088857721156 
0.8881622380937678 2.2396799645570096 0.9206762956874308 
0.799695585934327 4.9858988217377185 0.8666897104671648 
0.7101068504149308 6.345662329824973 0.8498488131148012 
0.7407038467323451 6.340242884699935 0.828396404523287 
0.7504087694495358 5.488212348936719 0.887145361013112 
0.7067058374787814 5.773625751982221 0.8910363788440193 
0.7105743675279202 6.70324686317767 0.8208167987282147 
0.8455978362725375 1.882110763889502 0.9268692992960454 
0.7698374540502902 4.524066860964005 0.9171909306645677 
0.7737795653621441 4.769600264681065 0.8783650582633572 
0.8170790598056747 3.556389891499859 0.9380405735846576 
0.7387703026072728 6.340352635924322 0.7872600845038624 
0.7285201098230896 4.728772693396346 0.9157886741713629 
0.8863511492317373 2.351981877623978 0.9023168889951981 
0.8186046462840869 4.4061523334559904 0.8636073074607953 
0.8212614249174444 3.990054368629259 0.9235545634363693 
0.7622389755387999 5.541589797190472 0.8466149128857358 
0.7234612977419665 5.547104959990632 0.9070775890270455 
0.8533193188927318 2.571925649404816 0.9200582652748429 
0.7601215298374683 5.180546146814298 0.8612511599097384 
0.7469436825409048 5.1347480315755085 0.914790043330583 
0.7209920368298525 6.781580786915615 0.796347075314466 
0.7020896736037721 6.078750087511858 0.8788803054294125 
0.7717346934696871 5.649952189799649 0.8188824037478463 
0.760176216754704 6.007577139824045 0.8100539569631569 
0.7601842856403478 5.883772721904113 0.8153121109007359 
0.708609457424406 7.1053162961718 0.8007643283129049 
0.8839595689394917 2.988434654206857 0.9011712871006229 
0.7517952166353921 4.727129750541114 0.9114041157454311 
0.8036869319990159 4.805759252466224 0.842104285586045 
0.7123214224257584 6.344427863162654 0.8657190353174488 
0.8749924326061125 1.850483459084824 0.933083974455587 
0.7628920083865925 5.946337121920573 0.8136105615707944 
0.7812622713432463 3.722109903691548 0.9298479679167343 
0.8267471854107501 3.1665971918899767 0.9409073630084246 
0.7285383967604275 6.340240050753409 0.8306224947836908 
0.74298052299303 6.340341880066001 0.7900999416879996 
0.80301035506398 4.8065410153080546 0.8678713306160694 
0.8246596652895607 3.835242145693008 0.9215782724511017 
0.7087295235916554 5.893475129485602 0.8910009118918041 
0.8602323144246682 3.8600764604379747 0.8834941481876102 
0.8481631984942893 2.6386401015538405 0.9178005684949646 
0.78198517120147 4.124583647662575 0.9154929735729845 
0.7709369420927328 4.943839391350518 0.8942575348510585 
0.7431360128363269 5.765442807010802 0.8657993390433649 
0.8288634360692742 4.051578526922904 0.8637726733267355 
0.838077127429536 2.9948540380791555 0.9341403233048713 
0.7946408107551128 5.2259502263004896 0.8322849441698628 
0.8812041004072386 2.3239470865249396 0.9168797062427841 
0.7113934651196256 6.211200620189741 0.8671211530228348 
0.7702151182166753 5.223110312565748 0.8551837553752417 
0.7485344767714444 5.764199318770691 0.8342701452750092 
0.7849605985580346 5.481843439847111 0.8320099932850794 
0.7277754138391288 6.481178971097271 0.8210031598347896 
0.8143443814792068 4.371072182509575 0.909719415842262 
0.8450204036053971 3.3248541368335207 0.8876565154111061 
0.7247688924109729 5.1348615137761735 0.9099794950643458 
0.7384752608163481 5.489374174161761 0.8886683589118958 
0.7317415481021341 5.6544389219646 0.8752918239488483 
0.7087284890780334 7.023498960516431 0.8025193866966231 
0.8309216142987216 2.7993462849905986 0.9397851395097254 
0.7497699386459171 4.60522675017012 0.9176948156374639 
0.7718370761870383 5.432532180012201 0.8482433811903677 
0.8169324996425131 4.4807055368490225 0.8708608648156523 
0.7413067562181248 5.382953101700108 0.8891152363661728 
0.7133624145003548 6.412959197798983 0.8460284013785124 
0.710725676965589 6.077591129900199 0.8676755755938367 
0.8340404895490553 3.63667271567566 0.9259670405092945 
0.7234986043548196 5.65563570800719 0.892727029279632 
0.7509157999793834 4.565193692786555 0.9179178954370883 
0.7893105252931436 4.56199910889258 0.8788107406706654 
0.7956244172669545 3.6655066408697867 0.9337476823385013 
0.7095959471991683 6.781567054839902 0.8040922782054194 
0.7108003193411845 6.015126732280891 0.8880081733868267 
0.7709369420927328 4.767863266347108 0.8950945199029717 
0.8754972813082542 1.8599191056850835 0.9316836542195122 
0.7551785518975267 4.728022417474683 0.8966477062225496 
0.7360212850562018 6.011403579877037 0.8611118957931189 
0.7915595669944163 4.9858988217377185 0.8667472195406614 
0.7945661683795173 5.2259502263004896 0.833612058066599 
0.8422632639723686 3.3494661887287904 0.8848450625326607 
0.7342370272861067 6.012662234273297 0.8340548526005312 
0.7775062046229846 4.64503484358988 0.9017732872970037 
0.7509521795496187 4.81178612533309 0.8948546093211087 
0.7234986043548196 5.65563570800719 0.892727029279632 
0.7360212850562018 6.011403579877037 0.8611118957931189 
0.7237853814593507 5.830557949438019 0.8842339230935569 
