0.8448059576963143 1.3238542763444452 0.7548362407115778 
0.8374327594626416 1.468015697129513 0.7472611443599193 
0.8213687400793755 0.911782322636277 0.8334781881132665 
0.8136716262122057 1.4644356832271153 0.8242716343183903 
0.8473423818094616 0.9773536554865622 0.7588574693619189 
0.8020990102355725 1.5992751820037958 0.722930650779968 
0.8474137530507406 1.1366471098232445 0.7554222830422552 
0.7886367908097129 1.4111508848631236 0.9047689356905736 
0.7950881499994156 1.4938005257564069 0.7327110354298266 
0.7908657927659755 1.1124262241366982 0.9060597811018332 
0.7886367908097129 1.5673897330777555 0.8053001642648168 
0.8474137530507406 0.8401639132325112 0.7590287245732511 
0.7886367908097129 1.7140647445146564 0.7070727575965219 
0.8349128056359434 1.4180141777772652 0.7493463782871604 
0.8213687400793755 1.0602895097809804 0.8331819737835151 
0.8146818037810781 1.5712743047010806 0.730500374424598 
0.8448059576963143 1.1956056419497296 0.7575418015769896 
0.8474137530507406 0.8689796243764127 0.7590218326908901 
0.82046287432468 1.543873342479834 0.7287639325135438 
0.8187609447249492 1.2983356969638349 0.8320099349836968 
0.7950881499994156 1.4938005257564069 0.7327110354298266 
0.8187609447249492 1.5992741164542097 0.7290177502739857 
0.8358076911996728 1.4937995449290375 0.7466564790230877 
0.7912445861641393 0.9892012009049052 0.9062193176523097 
0.8474137530507406 1.1366471098232445 0.7554222830422552 
0.8474137530507406 0.8689796243764127 0.7590218326908901 
0.8213687400793755 0.9272173501641302 0.8334356532608673 
0.820386012987918 1.4145776542048945 0.8297239838505147 
0.8472216228989988 1.062791022936279 0.7585063147410142 
0.7886367908097129 1.7140647445146564 0.7070727575965219 
0.8448059576963143 1.1956056419497296 0.7575418015769896 
0.7987390486098114 1.6278904479423373 0.721695541803715 
0.8152966944751745 1.4392523914189432 0.8248959065766305 
0.8212918787426134 0.9588473771086641 0.833440080081593 
0.7886367908097129 1.3634055541443146 0.9049062875522363 
0.7886367908097129 1.5673897330777555 0.8053001642648168 
0.835516739329237 1.3937669203184055 0.7494776265608762 
0.8448059576963143 1.3238542763444452 0.7548362407115778 
0.8136716262122057 1.4644356832271153 0.8242716343183903 
0.8358076911996728 1.4937995449290375 0.7466564790230877 
0.7886367908097129 1.7140647445146564 0.7070727575965219 
0.8358076911996728 1.468014736479952 0.7492497350117755 
0.820386012987918 1.4145776542048945 0.8297239838505147 
0.7987390486098114 1.6278904479423373 0.721695541803715 
0.7890540380664212 1.5133256515263054 0.8055657474507127 
0.8464310259592831 1.1755945599191535 0.7581764539161505 
0.8448059576963143 1.257911108578511 0.755000701214294 
0.7886367908097129 1.4111508848631236 0.9047689356905736 
0.820386012987918 1.5712753474177548 0.7287335110907994 
0.7950881499994156 1.4938005257564069 0.7327110354298266 
0.7911677248273773 1.2102225549827565 0.9059040891071338 
0.8212918787426134 0.9272173501641302 0.8334464896887022 
0.8472655204726995 1.027745150979502 0.758680815674757 
0.8208856348670346 1.1532132851429897 0.8329931007653597 
0.8474137530507406 1.1176916729349438 0.7554729315639385 
0.7950881499994156 1.4938005257564069 0.7327110354298266 
0.8358076911996728 1.4937995449290375 0.7466564790230877 
0.8358076911996728 1.468014736479952 0.7492497350117755 
0.8213687400793755 0.9272173501641302 0.8334356532608673 
0.8187609447249492 1.439251453030535 0.8290907033452136 
0.7886367908097129 1.5673897330777555 0.8053001642648168 
0.7886367908097129 1.7140647445146564 0.7070727575965219 
0.8474137530507406 0.8837285763965629 0.7589230039785917 
0.7912061786859216 1.1899453748809932 0.905950295704289 
0.7886367908097129 1.4111508848631236 0.9047689356905736 
0.8474137530507406 1.1176916729349438 0.7554729315639385 
0.8211766099276337 1.1532125539310463 0.8329862008458915 
0.8187609447249492 1.5992741164542097 0.7290177502739857 
0.8448059576963143 1.1956056419497296 0.7575418015769896 
0.8152966944751745 1.4392523914189432 0.8248959065766305 
0.7987390486098114 1.6278904479423373 0.721695541803715 
0.8448059576963143 1.3238542763444452 0.7548362407115778 
0.7950881499994156 1.4938005257564069 0.7327110354298266 
0.8473368917139785 1.027745150979502 0.7586058210560367 
0.8213687400793755 0.911782322636277 0.8334781881132665 
0.7987390486098114 1.6278904479423373 0.721695541803715 
0.8136716262122057 1.4644356832271153 0.8242716343183903 
0.8187609447249492 1.5992741164542097 0.7290177502739857 
0.7886367908097129 1.5673897330777555 0.8053001642648168 
0.7886367908097129 1.7140647445146564 0.7070727575965219 
0.8448059576963143 1.3238542763444452 0.7548362407115778 
0.8448059576963143 1.1956056419497296 0.7575418015769896 
0.8470349596525768 1.1366478298275082 0.7584262359270685 
0.7912061786859216 1.230878746063129 0.9058124763216383 
0.7886367908097129 1.4111508848631236 0.9047689356905736 
0.8358076911996728 1.4937995449290375 0.7466564790230877 
0.8187609447249492 1.2983356969638349 0.8320099349836968 
0.8212918787426134 0.9588473771086641 0.833440080081593 
0.835516739329237 1.3937669203184055 0.7494776265608762 
0.820386012987918 1.2764175588515236 0.8326534490285117 
0.8374327594626416 1.323855128045654 0.7506868438749403 
0.8187609447249492 1.5992741164542097 0.7290177502739857 
0.7886367908097129 1.4111508848631236 0.9047689356905736 
0.7886367908097129 1.7140647445146564 0.7070727575965219 
0.8136716262122057 1.4644356832271153 0.8242716343183903 
0.7886367908097129 1.5400700433497923 0.8054079837376785 
0.7950881499994156 1.4938005257564069 0.7327110354298266 
0.8473753455725229 1.0106650134796609 0.7587098540299776 
0.7908657927659755 1.1124262241366982 0.9060597811018332 
0.8213687400793755 1.0426590996891003 0.8332248462664678 
0.8358076911996728 1.4937995449290375 0.7466564790230877 
0.8358076911996728 1.468014736479952 0.7492497350117755 
0.8448059576963143 1.1956056419497296 0.7575418015769896 
0.8474137530507406 1.1366471098232445 0.7554222830422552 
0.8448059576963143 1.3238542763444452 0.7548362407115778 
