0.853985397343895 0.755496561150778 0.8375421559771604 
0.8320305055073669 1.131755563708487 0.822332205066869 
0.796635859928448 1.4180160220168325 0.7332474609047172 
0.852256017266749 1.0586690039826605 0.7354181232033258 
0.8320305055073669 1.2343273624348774 0.734729449018417 
0.7979699531308178 1.192772613994342 0.8211362131592365 
0.8368974751530488 0.7172969581418989 0.9280844324774798 
0.8131639216370792 1.1705240139664277 0.8146291719682431 
0.8321457975125099 1.0969340630457656 0.7383133596990924 
0.8585147261173722 0.8969646680967475 0.751627248087129 
0.8321457975125099 0.9896099062053603 0.8257162263709851 
0.7978546611256746 1.3937678240369804 0.7337128500277534 
0.8098039600113182 1.1904415001270898 0.8133764326319459 
0.86893218229637 0.7318141148165785 0.7576087311896853 
0.796635859928448 1.2549135174824633 0.8223266287337384 
0.8497470436310168 0.8381729548185709 0.8455692428997601 
0.796635859928448 1.1504870736340997 0.9078265576427461 
0.7978546611256746 1.1124255203642215 0.9084058272161833 
0.8098039832014814 1.3212379950104496 0.7258417145696427 
0.8538701053387519 0.7951014226481562 0.8374945201365102 
0.8098039832014814 1.3212379950104496 0.7258417145696427 
0.8321457975125099 1.0969340630457656 0.7383133596990924 
0.7978546611256746 1.1312863800931283 0.9083066369607666 
0.8576170955059013 0.8689796243764127 0.7635010095938607 
0.796635859928448 1.2549135174824633 0.8223266287337384 
0.8497470436310168 0.8381729548185709 0.8455692428997601 
0.8308117043101403 1.1705232709500886 0.8217514106428888 
0.8367821831479058 0.7551783723684863 0.9280363896058593 
0.796635859928448 1.1504870736340997 0.9078265576427461 
0.796635859928448 1.4180160220168325 0.7332474609047172 
0.7978546611256746 1.254914319399162 0.8211590513674525 
0.8338344756805443 0.9451292633268285 0.7526594744094923 
0.8651467614608396 0.7573128492082489 0.7561415402605384 
0.7978546611256746 1.3937678240369804 0.7337128500277534 
0.8307897439282083 1.2554387172728954 0.7360733078255355 
0.8320305055073669 1.00633271248303 0.8258536990397545 
0.8131639216370792 1.1705240139664277 0.8146291719682431 
0.8098039600113182 1.1904415001270898 0.8133764326319459 
0.796635859928448 1.1504870736340997 0.9078265576427461 
0.7978546611256746 1.254914319399162 0.8211590513674525 
0.7978546611256746 1.3937678240369804 0.7337128500277534 
0.853985397343895 0.7817027275032696 0.8353920270918566 
0.8308117043101403 1.2988821546736458 0.734062436660245 
0.8565465268867157 0.8401639132325112 0.765323734733147 
0.7978546611256746 1.1312863800931283 0.9083066369607666 
0.8320305055073669 1.1344344599243255 0.7383841723771825 
0.8308117043101403 1.1705232709500886 0.8217514106428888 
0.8131639216370792 1.1705240139664277 0.8146291719682431 
0.8367821831479058 0.7551783723684863 0.9280363896058593 
0.796635859928448 1.2764183761361545 0.8206855462337559 
0.8518442601055238 0.8241260869829647 0.8464034851359983 
0.8320305055073669 1.0233390142022896 0.8257765523688525 
0.8098039832014814 1.3212379950104496 0.7258417145696427 
0.796635859928448 1.4180160220168325 0.7332474609047172 
0.8098039600113182 1.1904415001270898 0.8133764326319459 
0.8339113370173064 0.9294071608165438 0.7526908677046846 
0.8594590225404487 0.8820079839265822 0.7530998503260327 
0.8098039600113182 1.1904415001270898 0.8133764326319459 
0.8477074731590813 0.810292276467637 0.8468174779758321 
0.796635859928448 1.1504870736340997 0.9078265576427461 
0.7978546611256746 1.254914319399162 0.8211590513674525 
0.7978546611256746 1.1312863800931283 0.9083066369607666 
0.796635859928448 1.2764183761361545 0.8206855462337559 
0.852725758399067 1.0237618694136894 0.7357408582012103 
0.853946966675514 0.7817027275032696 0.8375262774765538 
0.796635859928448 1.4180160220168325 0.7332474609047172 
0.7978546611256746 1.3937678240369804 0.7337128500277534 
0.8368974751530488 0.7172969581418989 0.9280844324774798 
0.8131639216370792 1.1705240139664277 0.8146291719682431 
0.8098039832014814 1.3212379950104496 0.7258417145696427 
0.8321457975125099 1.0969340630457656 0.7383133596990924 
0.8320305055073669 1.0233390142022896 0.8257765523688525 
0.8320305055073669 1.2554395195631922 0.7346411317271947 
0.8098039600113182 1.1904415001270898 0.8133764326319459 
0.7978546611256746 1.1312863800931283 0.9083066369607666 
0.8308117043101403 1.2988821546736458 0.734062436660245 
0.8320305055073669 1.0233390142022896 0.8257765523688525 
0.8368974751530488 0.7172969581418989 0.9280844324774798 
0.796635859928448 1.4180160220168325 0.7332474609047172 
0.7978546611256746 1.3937678240369804 0.7337128500277534 
0.796635859928448 1.1504870736340997 0.9078265576427461 
0.8435240204010331 0.8381734877142422 0.8433840504178111 
0.8538701053387519 0.7951014226481562 0.8374945201365102 
0.8098039832014814 1.3212379950104496 0.7258417145696427 
0.8321457975125099 1.0969340630457656 0.7383133596990924 
0.796635859928448 1.2764183761361545 0.8206855462337559 
0.852256017266749 1.0765780750558167 0.7352958827210433 
0.8131639216370792 1.1705240139664277 0.8146291719682431 
0.8606366480215528 0.8511277058182443 0.7435284118148777 
0.7978546611256746 1.254914319399162 0.8211590513674525 
0.7978546611256746 1.1312863800931283 0.9083066369607666 
0.796635859928448 1.4180160220168325 0.7332474609047172 
0.7978546611256746 1.3937678240369804 0.7337128500277534 
0.8367821831479058 0.7551783723684863 0.9280363896058593 
0.796635859928448 1.1504870736340997 0.9078265576427461 
0.7978546611256746 1.2338127344336558 0.8211964379093714 
0.8603127323880557 0.8820079839265822 0.7528146727205973 
0.8131639216370792 1.1705240139664277 0.8146291719682431 
0.796635859928448 1.2764183761361545 0.8206855462337559 
0.8320305055073669 1.00633271248303 0.8258536990397545 
0.8321457975125099 1.0969340630457656 0.7383133596990924 
0.8320305055073669 1.1536921735274461 0.7382667732652155 
0.853946966675514 0.8087031654910636 0.8353763094663924 
0.8098039600113182 1.1904415001270898 0.8133764326319459 
0.8339113370173064 0.9294071608165438 0.7526908677046846 
