0.6999991760464699 0.5112605638151964 0.6758860024278965 
0.6999991760464699 0.5505261994647646 0.6758617478742119 
0.6999662586637352 0.60257357317894 0.6759506019732355 
0.6963253694954603 0.6995065519793875 0.13185623406280866 
0.6999662586637352 0.540518895139317 0.6759869371441164 
0.6999991760464699 0.5505261994647646 0.6758617478742119 
0.6999936859509869 0.6355141970318082 0.6758169776884272 
0.6999991760464699 0.5112605638151964 0.6758860024278965 
0.5334657639474539 0.6980169651587983 0.5462413195802694 
0.6999662586637352 0.6935303651124136 0.6757946898175669 
0.5047995832372771 0.6963215755456961 0.6196183502620897 
0.6998454765631091 0.6243845487980971 0.6759295525967824 
0.6999772156645379 0.5505254411363597 0.6758624538579521 
0.6999936859509869 0.5306410479102462 0.6760493494820193 
0.6999662586637352 0.6025731681321764 0.6759653065329617 
0.6999991760464699 0.5505261994647646 0.6758617478742119 
0.6307471580041997 0.6983147645687859 0.4889013420291562 
0.6999991760464699 0.5918866658959664 0.6758349113426845 
0.6998893973269731 0.6935303651124136 0.6758295329403331 
0.6307471580041997 0.6983147645687859 0.4889013420291562 
0.6103026636778504 0.6989115872859328 0.2847725193280675 
0.6999662586637352 0.6243837165040366 0.6759442716907609 
0.6307471580041997 0.6983147645687859 0.4889013420291562 
0.6999662586637352 0.5813401644809195 0.6759710353146607 
0.6989011801400327 0.6952219901169847 0.5848793475750227 
0.6999772156645379 0.6134049403717418 0.6758251899300884 
0.6288914825407813 0.6966183265422 0.573074156902947 
0.5966811155321674 0.6963197602590155 0.6560779864357329 
0.6998454765631091 0.6243845487980971 0.6759295525967824 
0.5683059098825896 0.6997148357989998 0.4702863649663475 
0.5950834977466135 0.69632066790187 0.655042494849549 
0.6999662586637352 0.6582373863301786 0.6758678656485884 
0.6302200856476681 0.6983152194581779 0.4889580959770523 
0.6998454765631091 0.6243845487980971 0.6759295525967824 
0.6999662586637352 0.5813401644809195 0.6759710353146607 
0.6103026636778504 0.6989115872859328 0.2847725193280675 
0.5950834977466135 0.69632066790187 0.655042494849549 
0.5334657639474539 0.6980169651587983 0.5462413195802694 
0.6998893973269731 0.6935303651124136 0.6758295329403331 
0.6999662586637352 0.6582373863301786 0.6758678656485884 
0.6998893973269731 0.6935303651124136 0.6758295329403331 
0.6982204083001404 0.6952224433511013 0.5901959777061304 
0.6999662586637352 0.6935312697727013 0.6757680071519542 
0.6998893973269731 0.6969156355228356 0.5005240716538075 
0.5047611525688961 0.6980174198886747 0.5347669657194314 
0.6307471580041997 0.6983147645687859 0.4889013420291562 
0.6999662586637352 0.6935303651124136 0.6757946898175669 
0.5950834977466135 0.69632066790187 0.655042494849549 
0.6960243005364493 0.6986122134048887 0.41739341460558826 
0.6103026636778504 0.6989115872859328 0.2847725193280675 
0.6103026636778504 0.6989115872859328 0.2847725193280675 
0.6999168246142249 0.6582369526569494 0.675891468293882 
0.6989011801400327 0.6952219901169847 0.5848793475750227 
0.6999772156645379 0.6582378200036346 0.6747383842328885 
0.6312193062157379 0.6966196884861462 0.571180925884384 
0.6323063451213724 0.6949252742603356 0.6593907137864616 
0.6103026636778504 0.6989115872859328 0.2847725193280675 
0.6999991992366332 0.6986126684536363 0.4144583641583528 
0.6103026636778504 0.6989115872859328 0.2847725193280675 
0.6307471580041997 0.6983147645687859 0.4889013420291562 
0.5950834977466135 0.69632066790187 0.655042494849549 
0.6999662586637352 0.6952215368831104 0.5911849026440492 
0.6997796186074765 0.6935326267649445 0.6746620834314838 
0.6997796186074765 0.6952219901169846 0.5911581453995066 
0.6307471580041997 0.6983147645687859 0.4889013420291562 
0.6999662586637352 0.6952210836494783 0.5911876113678166 
0.6999662586637352 0.6952215368831104 0.5911849026440492 
0.6753219025590165 0.6989106768683381 0.3101454027058793 
0.6512753009521891 0.6992097006050475 0.20416044188952487 
0.6999662586637352 0.6935303651124136 0.6757946898175669 
0.6966337243252259 0.6969156355228356 0.5009524515682232 
0.6999333180908371 0.6969147272431759 0.5064827133383273 
0.6999991760464699 0.5112605638151964 0.6758860024278965 
0.6997796186074765 0.6935317221032075 0.6757173131858395 
0.5952921213749677 0.6980160556997761 0.5706835047318052 
0.6999991760464699 0.5505261994647646 0.6758617478742119 
0.6999662586637352 0.6467969817190489 0.6759238252963945 
0.698203914823528 0.6986113033081237 0.420163150336351 
0.6999772156645379 0.5505254411363597 0.6758624538579521 
0.5966811155321674 0.6963202140803213 0.6560728406038097 
0.6999991992366332 0.6614820237260881 0.4996098778211497 
0.6999333180908371 0.6969147272431759 0.5064827133383273 
0.636619167977593 0.6966187805232724 0.5700976400421123 
0.6999991992366332 0.6986126684536363 0.4144583641583528 
0.6998893973269731 0.6935303651124136 0.6758295329403331 
0.6297918813901571 0.6983152194581783 0.4886017686075399 
0.5950834977466135 0.69632066790187 0.655042494849549 
0.6999662586637352 0.6025731681321764 0.6759653065329617 
0.6761532610944052 0.6986131235026284 0.40543338160311354 
0.6999662586637352 0.6952210836494783 0.5911876113678166 
0.5950834977466135 0.69632066790187 0.655042494849549 
0.6998893973269731 0.6935303651124136 0.6758295329403331 
0.6999662586637352 0.6243837165040366 0.6759442716907609 
0.6999991992366332 0.6614820237260881 0.4996098778211497 
0.6998893973269731 0.6969151813828841 0.5060098267538234 
0.6999991760464699 0.5505261994647646 0.6758617478742119 
0.5950834977466135 0.69632066790187 0.655042494849549 
0.6999662586637352 0.5813401644809195 0.6759710353146607 
0.6103026636778504 0.6989115872859328 0.2847725193280675 
0.6355893990300447 0.6966178725613703 0.5751812386096307 
0.5950834977466135 0.6980169651587981 0.5704400968873093 
0.6999662586637352 0.60257357317894 0.6759506019732355 
0.6999991760464699 0.5419177743805714 0.590873629880628 
0.5345528028530886 0.6980160556997761 0.5465437868220283 
0.6137175494486048 0.6969151813828841 0.464638487868459 
