0.6999936395706603 0.6467982648501754 0.6760835742092597 
0.6999552089022792 0.5405200179976152 0.6761615711140893 
0.6999552089022792 0.5208897972621205 0.6761622619167345 
0.6853880241216278 0.6995060964515809 0.12543624577202472 
0.6999936395706603 0.6025747883204594 0.6761087734186344 
0.6999936395706603 0.5813417420208127 0.6761322222481062 
0.6686513984712039 0.6992092452363603 0.21294210545614015 
0.6999936395706603 0.5017532060437068 0.6761782706326677 
0.5971405441061991 0.6995079185642725 0.08969211547689962 
0.6999936395706603 0.5606643700188161 0.6761338114448214 
0.6999936395706603 0.5405203922840782 0.6761563472778271 
0.6635339154680389 0.6949248211851069 0.6720441149765366 
0.6999936395706603 0.6935317221032075 0.6760568589974987 
0.6999936395706603 0.5606636017412788 0.6761525658000875 
0.5971405441061991 0.6995079185642725 0.08969211547689962 
0.6999936395706603 0.6698378573873647 0.6760803324506479 
0.6999936395706603 0.5813417420208127 0.6761322222481062 
0.6999936395706603 0.5208894324538201 0.6761766792261351 
0.6999936395706603 0.6025747883204594 0.6761087734186344 
0.6999936395706603 0.5017532060437068 0.6761782706326677 
0.6999552089022792 0.5208897972621205 0.6761622619167345 
0.6614971364241714 0.6966183265421996 0.5867918976300284 
0.6999936395706603 0.6467974094292022 0.6761007012576832 
0.6999552089022792 0.6025743832730815 0.6761131225120004 
0.6999936395706603 0.5405203922840782 0.6761563472778271 
0.6999552089022792 0.5813413476355442 0.6761365574991918 
0.6999936395706603 0.6935317221032075 0.6760568589974987 
0.6999936395706603 0.5017532060437068 0.6761782706326677 
0.6999936395706603 0.5606636017412788 0.6761525658000875 
0.6999936395706603 0.6025739782259084 0.6761273906875324 
0.6998783475655173 0.6952224433511013 0.59134916192343 
0.6999552089022792 0.5405200179976152 0.6761615711140893 
0.6999552089022792 0.5813413476355442 0.6761365574991918 
0.6999936395706603 0.5606643700188161 0.6761338114448214 
0.6999936395706603 0.5208894324538201 0.6761766792261351 
0.6999552089022792 0.6243849649454473 0.6761113828744088 
0.6686513984712039 0.6992083344997181 0.21296122975522375 
0.6999936395706603 0.6935317221032075 0.6760568589974987 
0.6686513984712039 0.6992092452363603 0.21294210545614015 
0.6999552089022792 0.5813413476355442 0.6761365574991918 
0.6999936395706603 0.6025739782259084 0.6761273906875324 
0.6999936395706603 0.5208894324538201 0.6761766792261351 
0.6999552089022792 0.6698382971497125 0.6760675674789637 
0.6999936395706603 0.5606636017412788 0.6761525658000875 
0.6999936395706603 0.5208894324538201 0.6761766792261351 
0.6614971364241714 0.6966183265421996 0.5867918976300284 
0.6999936395706603 0.6025739782259084 0.6761273906875324 
0.6999936395706603 0.6467974094292022 0.6761007012576832 
0.6999552089022792 0.6935326267649445 0.6751484970981027 
0.6999936395706603 0.5606636017412788 0.6761525658000875 
0.6999936395706603 0.5813417420208127 0.6761322222481062 
0.6999936395706603 0.5208894324538201 0.6761766792261351 
0.6999936395706603 0.6025739782259084 0.6761273906875324 
0.6999936395706603 0.6467974094292022 0.6761007012576832 
0.6999552089022792 0.6935317221032075 0.6760643257100398 
0.6999936395706603 0.5606636017412788 0.6761525658000875 
0.6635339154680389 0.6949248211851069 0.6720441149765366 
0.6999936395706603 0.6698378573873647 0.6760803324506479 
0.6999936395706603 0.6025739782259084 0.6761273906875324 
0.6686513984712039 0.6992083344997181 0.21296122975522375 
0.6999936395706603 0.6935326267649445 0.6751205110813028 
0.6999552089022792 0.5606639858799529 0.6761381479380951 
0.6999936395706603 0.5208894324538201 0.6761766792261351 
0.6999936395706603 0.6467982648501754 0.6760835742092597 
0.6999936395706603 0.5208894324538201 0.6761766792261351 
0.6999552320924426 0.6952228965854602 0.5886389628043432 
0.6614971364241714 0.6966183265421996 0.5867918976300284 
0.6999936395706603 0.6025739782259084 0.6761273906875324 
0.6999936395706603 0.6935317221032075 0.6760568589974987 
0.6999936395706603 0.5208894324538201 0.6761766792261351 
0.6999936395706603 0.6025739782259084 0.6761273906875324 
0.6999936395706603 0.6467974094292022 0.6761007012576832 
0.6999936395706603 0.6025739782259084 0.6761273906875324 
0.6999936395706603 0.6467982648501754 0.6760835742092597 
0.6999936395706603 0.5208894324538201 0.6761766792261351 
0.6999552089022792 0.6969156355228356 0.50631912413492 
0.6999936395706603 0.6025739782259084 0.6761273906875324 
0.6999936395706603 0.6935317221032075 0.6760568589974987 
0.6999936395706603 0.5208894324538201 0.6761766792261351 
0.6999552089022792 0.6243849649454473 0.6761113828744088 
0.6999936395706603 0.6467974094292022 0.6761007012576832 
0.6999936395706603 0.6025739782259084 0.6761273906875324 
0.6887310615416021 0.6989115872859328 0.3182831669464036 
0.6999936395706603 0.5208894324538201 0.6761766792261351 
0.6999936395706603 0.6969151813828841 0.5066251221501816 
0.6999936395706603 0.6025739782259084 0.6761273906875324 
0.6999936395706603 0.6698378573873647 0.6760803324506479 
0.6999936395706603 0.6935317221032075 0.6760568589974987 
0.6999936395706603 0.6467982648501754 0.6760835742092597 
0.6999936395706603 0.6025739782259084 0.6761273906875324 
0.6999936395706603 0.6025739782259084 0.6761273906875324 
0.6999552089022792 0.6698374176252485 0.6760846939679883 
0.6999936395706603 0.6467974094292022 0.6761007012576832 
0.6999936395706603 0.6025739782259084 0.6761273906875324 
0.6999552089022792 0.6467982648501754 0.6760910276689207 
0.6999936395706603 0.6025747883204594 0.6761087734186344 
0.6999936395706603 0.6025739782259084 0.6761273906875324 
0.6999552089022792 0.6698382971497125 0.6760675674789637 
0.6999936395706603 0.6467974094292022 0.6761007012576832 
0.6999936395706603 0.6025739782259084 0.6761273906875324 
0.6999552089022792 0.6698374176252485 0.6760846939679883 
0.6999936395706603 0.6025739782259084 0.6761273906875324 
0.6999936395706603 0.6025739782259084 0.6761273906875324 
0.6999936395706603 0.6467974094292022 0.6761007012576832 
0.6999936395706603 0.6025739782259084 0.6761273906875324 
