0.6656751222769 0.5416726687803652 0.6730992757707334 
0.5956791267261927 0.6980165104291655 0.5633957642786147 
0.6657327682794715 0.5123698295169642 0.6730585079708061 
0.6657135529452809 0.5931178964871264 0.6730266646709372 
0.6049419697875458 0.6995074630357333 0.09029191581469902 
0.6657327682794715 0.4841601408272038 0.6731233096758729 
0.6999552784727692 0.6598583366621503 0.5893439068779988 
0.6999717487592182 0.572388732658019 0.5876076146130849 
0.39832805434874075 0.6995079185642725 0.010797101286351323 
0.6997383965110272 0.5320216671558554 0.5909212030859398 
0.6999999049452774 0.663678602243773 0.23014155525921415 
0.6657135529452809 0.5516942579754539 0.6730504972863623 
0.683126058402304 0.6992087898679169 0.2126536179480727 
0.6656751222769 0.572133454912707 0.6730344759050838 
0.5973975498025359 0.6980156009706302 0.5712525988749328 
0.6657327682794715 0.4841601408272038 0.6731233096758729 
0.6997630787505374 0.6040878818399957 0.5901540794373292 
0.6580225587303095 0.6995070075074383 0.11142321669532965 
0.6657327682794715 0.5123698295169642 0.6730585079708061 
0.39832805434874075 0.6995079185642725 0.010797101286351323 
0.6656751222769 0.6595734357203733 0.6729857653186563 
0.6999909640934087 0.6370914288314186 0.5873853894764597 
0.6656751222769 0.5416726687803652 0.6730992757707334 
0.6657327682794715 0.4841601408272038 0.6731233096758729 
0.5971944162696649 0.6980160556997759 0.5711936676544134 
0.6657327682794715 0.6368142891402706 0.6720793306646298 
0.6131382979948213 0.6992092452363603 0.19233498213010017 
0.6789754998368274 0.6992078791317629 0.21868513184494762 
0.6656751222769 0.572133454912707 0.6730344759050838 
0.39832805434874075 0.6995079185642725 0.010797101286351323 
0.6657327682794715 0.5123698295169642 0.6730585079708061 
0.6657135529452809 0.6256669999612648 0.6729056413856704 
0.6657135529452809 0.5516942579754539 0.6730504972863623 
0.5971944162696649 0.6980160556997759 0.5711936676544134 
0.6657327682794715 0.4841601408272038 0.6731233096758729 
0.4698389319039089 0.6992101559739788 0.13455848785330307 
0.6656751222769 0.572133454912707 0.6730344759050838 
0.6922368718563472 0.6992083344997179 0.21657093924904924 
0.6261145610937104 0.6992092452363603 0.19159877618179677 
0.6657327682794715 0.5123698295169642 0.6730585079708061 
0.6993567884946319 0.6714806962782202 0.5909061167094244 
0.6656751222769 0.572133454912707 0.6730344759050838 
0.6657135529452809 0.5931178964871264 0.6730266646709372 
0.6656751222769 0.5416726687803652 0.6730992757707334 
0.5973975498025359 0.6980156009706302 0.5712525988749328 
0.6657327682794715 0.4841601408272038 0.6731233096758729 
0.6999999049452774 0.6753551534101726 0.23009812989904732 
0.6306634431698993 0.6992097006050475 0.19105660775877445 
0.6999999049452774 0.6408070723529063 0.23016652958654255 
0.6915482409177157 0.6995056409240183 0.12360792328672564 
0.6657327682794715 0.5931174962060616 0.6730083143060965 
0.6657327682794715 0.5516938782396718 0.6730346751639044 
0.6656751222769 0.6949248211851069 0.6728584479985042 
0.6960407244425717 0.6969147272431762 0.5050734695220719 
0.69960940245734 0.5828145926475471 0.5910103570419367 
0.6657327682794715 0.6256665831567724 0.672909363628314 
0.5973975498025359 0.6980156009706302 0.5712525988749328 
0.67816687210399 0.6995056409240183 0.12679199955808398 
0.6999717255690548 0.6952224433511011 0.5864431809425119 
0.6656751222769 0.572133454912707 0.6730344759050838 
0.6656751222769 0.5416726687803652 0.6730992757707334 
0.6657327682794715 0.6368142891402706 0.6720793306646298 
0.6657135529452809 0.5516942579754539 0.6730504972863623 
0.5965136212396092 0.6963202140803213 0.6557282888296355 
0.6999717255690548 0.572388732658019 0.5876368797251568 
0.6993567884946319 0.6259395434617141 0.5909183121004957 
0.6789754998368273 0.6992074237640519 0.21869054244679545 
0.6656751222769 0.6146705177642604 0.6730106436725463 
0.6641955415442307 0.6966183265422 0.5874567500335377 
0.6656751222769 0.572133454912707 0.6730344759050838 
0.6999999049452774 0.6992069683965848 0.23006873974943903 
0.6993567884946319 0.6259395434617141 0.5909183121004957 
0.6999909640934087 0.6832683041374857 0.587372167664899 
0.6657135529452809 0.5931178964871264 0.6730266646709372 
0.6793269587083928 0.6989120424950962 0.30574698171716896 
0.6789755230269905 0.6995065519793875 0.11905405495755245 
0.6656751222769 0.572133454912707 0.6730344759050838 
0.699647833125721 0.6832674104086321 0.5903840803404977 
0.6656751222769 0.572133454912707 0.6730344759050838 
0.6995819287897617 0.6986122134048884 0.4110909720971436 
0.6657327682794715 0.5931174962060616 0.6730083143060965 
0.6656751222769 0.572133454912707 0.6730344759050838 
0.6999999049452774 0.6076550584890108 0.23023576184001435 
0.6997630787505374 0.6040878818399957 0.5901540794373292 
0.6995819287897617 0.6986122134048884 0.4110909720971436 
0.69960940245734 0.5828145926475471 0.5910103570419367 
0.6999999049452774 0.6185558701588946 0.2301827555786004 
0.6657135529452809 0.6256669999612648 0.6729056413856704 
0.6981106063904803 0.6986131235026284 0.42037596229695545 
0.6793269587083928 0.6989120424950962 0.30574698171716896 
0.6993567884946319 0.6714806962782202 0.5909061167094244 
0.6657135529452809 0.6256669999612648 0.6729056413856704 
0.6656751222769 0.572133454912707 0.6730344759050838 
0.6999552784727692 0.69691608966303 0.5024391982363642 
0.6656751222769 0.572133454912707 0.6730344759050838 
0.6657327682794715 0.6256665831567724 0.672909363628314 
0.5971944162696649 0.6980160556997759 0.5711936676544134 
0.6656751222769 0.572133454912707 0.6730344759050838 
0.6654115976937158 0.6949252742603356 0.6726845023559923 
0.6656751222769 0.6146705177642604 0.6730106436725463 
0.6394022935331534 0.6966192345045876 0.5716186521265825 
0.6656751222769 0.572133454912707 0.6730344759050838 
0.6657327682794715 0.6256665831567724 0.672909363628314 
0.6793269587083928 0.6989120424950962 0.30574698171716896 
0.6656751222769 0.572133454912707 0.6730344759050838 
