0.8443557698667081 0.8381734877142422 0.843681534243136 
0.8528324772924644 0.7067439051525488 0.8487232323855685 
0.8427636421766374 0.8524383813781825 0.8430817084137446 
0.8296620031134623 0.9451292633268285 0.7509883063412631 
0.8607025291673488 0.9139366001526177 0.7611716593224996 
0.8366614010472797 0.7681796465121306 0.9279011541323516 
0.8377704003348463 0.7551783723684863 0.928340367946228 
0.8517234780048979 0.8381729548185709 0.8462540750886876 
0.8310455303653422 0.9294071608165438 0.7515086984629146 
0.8548583225256924 0.8225126068370487 0.8356192047763472 
0.8528324772924644 0.7966667124038609 0.8485551916220947 
0.8699203994833105 0.8244697676861589 0.7578300253670869 
0.8699203994833105 0.7444703089260972 0.757905469929244 
0.8683282717932397 0.8820079839265822 0.7550337327495305 
0.8377704003348463 0.7551783723684863 0.928340367946228 
0.8699203994833105 0.7444703089260972 0.757905469929244 
0.8700356914884535 0.797000122887144 0.7577636645732282 
0.8548583225256924 0.7951014226481562 0.8377828912215766 
0.8440483245196599 0.8524383813781825 0.8429653596879487 
0.8528324772924644 0.7067439051525488 0.8487232323855685 
0.8594178468243262 0.8837291360331557 0.7635582207426284 
0.8310455303653422 0.9294071608165438 0.7515086984629146 
0.8427636421766374 0.8524383813781825 0.8430817084137446 
0.8528324772924644 0.8241260869829647 0.8466820140313888 
0.8296620031134623 0.9451292633268285 0.7509883063412631 
0.865854983778147 0.8401639132325112 0.767964556719265 
0.8377704003348463 0.7551783723684863 0.928340367946228 
0.8528324772924644 0.7966667124038609 0.8485551916220947 
0.859110401477278 0.898712729703687 0.7627834742353522 
0.8528324772924644 0.7067439051525488 0.8487232323855685 
0.8699203994833105 0.8672858576188093 0.7556076566013785 
0.8528324772924644 0.8241260869829647 0.8466820140313888 
0.8440483245196599 0.8524383813781825 0.8429653596879487 
0.8296620031134623 0.9451292633268285 0.7509883063412631 
0.8310455303653422 0.9294071608165438 0.7515086984629146 
0.8699203994833105 0.7444703089260972 0.757905469929244 
0.8699203994833105 0.8385219495043034 0.7577167645226854 
0.8427636421766374 0.8524383813781825 0.8430817084137446 
0.8427636421766374 0.8524383813781825 0.8430817084137446 
0.8296620031134623 0.9451292633268285 0.7509883063412631 
0.8699203994833105 0.7444703089260972 0.757905469929244 
0.8528324772924644 0.8241260869829647 0.8466820140313888 
0.8528324772924644 0.7067439051525488 0.8487232323855685 
0.8627283744005769 0.8820085425413007 0.7525273185634421 
0.8528324772924644 0.7966667124038609 0.8485551916220947 
0.8377704003348463 0.7551783723684863 0.928340367946228 
0.8699203994833105 0.8385219495043034 0.7577167645226854 
0.8310455303653422 0.9294071608165438 0.7515086984629146 
0.8443557698667081 0.8381734877142422 0.843681534243136 
0.8597389710297553 0.8837285763965629 0.7638176655819645 
0.8699203994833105 0.8385219495043034 0.7577167645226854 
0.8310455303653422 0.9294071608165438 0.7515086984629146 
0.8700549068226441 0.7444698289756869 0.7577714810103054 
0.8528324772924644 0.7966667124038609 0.8485551916220947 
0.8296620031134623 0.9451292633268285 0.7509883063412631 
0.8699203994833105 0.8672858576188093 0.7556076566013785 
0.8443557698667081 0.8381734877142422 0.843681534243136 
0.8528324772924644 0.7067439051525488 0.8487232323855685 
0.8528324772924644 0.8241260869829647 0.8466820140313888 
0.8578257191342554 0.929406573709944 0.7608494832210428 
0.8377704003348463 0.7551783723684863 0.928340367946228 
0.8699203994833105 0.8385219495043034 0.7577167645226854 
0.865854983778147 0.8401639132325112 0.767964556719265 
0.8594178468243262 0.9139366001526177 0.761421156639403 
0.8310455303653422 0.9294071608165438 0.7515086984629146 
0.8377704003348463 0.7551783723684863 0.928340367946228 
0.8528324772924644 0.8241260869829647 0.8466820140313888 
0.865854983778147 0.7459485090825707 0.768061348510044 
0.8440483245196599 0.8524383813781825 0.8429653596879487 
0.8296620031134623 0.9451292633268285 0.7509883063412631 
0.8528324772924644 0.7966667124038609 0.8485551916220947 
0.8609028944623152 0.8544598366022824 0.7662132851171011 
0.8699203994833105 0.8385219495043034 0.7577167645226854 
0.8548583225256924 0.7951014226481562 0.8377828912215766 
0.8440483245196599 0.8524383813781825 0.8429653596879487 
0.859110401477278 0.898712729703687 0.7627834742353522 
0.8377704003348463 0.7551783723684863 0.928340367946228 
0.8310455303653422 0.9294071608165438 0.7515086984629146 
0.865854983778147 0.7459485090825707 0.768061348510044 
0.8517234780048979 0.810292276467637 0.8481215871836798 
0.8683282717932397 0.8527922730543792 0.7571293647757162 
0.8594178468243262 0.8837291360331557 0.7635582207426284 
0.8528324772924644 0.7966667124038609 0.8485551916220947 
0.8310455303653422 0.9294071608165438 0.7515086984629146 
0.8377704003348463 0.7551783723684863 0.928340367946228 
0.8528324772924644 0.8241260869829647 0.8466820140313888 
0.8699203994833105 0.8385219495043034 0.7577167645226854 
0.8443557698667081 0.8381734877142422 0.843681534243136 
0.8699203994833105 0.7444703089260972 0.757905469929244 
0.8528324772924644 0.7966667124038609 0.8485551916220947 
0.8699203994833105 0.8672858576188093 0.7556076566013785 
0.8699203994833105 0.8385219495043034 0.7577167645226854 
0.8377704003348463 0.7551783723684863 0.928340367946228 
0.8517234780048979 0.810292276467637 0.8481215871836798 
0.8310455303653422 0.9294071608165438 0.7515086984629146 
0.8594178468243262 0.8837291360331557 0.7635582207426284 
0.8700549068226441 0.7444698289756869 0.7577714810103054 
0.8440483245196599 0.8524383813781825 0.8429653596879487 
0.8440483245196599 0.8524383813781825 0.8429653596879487 
0.8528324772924644 0.7966667124038609 0.8485551916220947 
0.865854983778147 0.7459485090825707 0.768061348510044 
0.8699203994833105 0.8385219495043034 0.7577167645226854 
0.8310455303653422 0.9294071608165438 0.7515086984629146 
0.8518826675837416 0.8365345406194636 0.8345517647556646 
0.8578257191342554 0.929406573709944 0.7608494832210428 
