0.817358225329042 0.9750555678125419 0.8317126201495703 
0.7913132123576768 0.9406854794711733 0.9061103183858994 
0.8171633501295587 1.1532132851429897 0.831525052309766 
0.8312673822352294 1.468014736479952 0.7481345407850594 
0.8193099542732495 1.439251453030535 0.8292772232446858 
0.790613225183594 1.6537194410885212 0.7077195192243118 
0.8173966559974231 0.8381740206102224 0.831818050308564 
0.8363567007479731 1.4937995449290375 0.7468288422345903 
0.8471722120396519 1.2367536613113108 0.7553968320897878 
0.7946105199967567 1.5992751820037958 0.7199657038299322 
0.7891858003580132 1.7140647445146564 0.707168837973096 
0.8356539221458221 1.3238542763444452 0.7517188276212593 
0.7913516430260579 0.909634614669323 0.9061262637362886 
0.817396655997423 0.8524389225771893 0.8317151643198947 
0.7911457644454453 1.0756878415739932 0.9059978986150694 
0.7891858003580132 1.4111508848631236 0.9049647521261255 
0.790613225183594 1.4871375994209117 0.8079276955773547 
0.8207373790988302 1.543873342479834 0.7291553597870354 
0.7910030451530505 1.2733722915970864 0.9058541277281479 
0.8382233564023573 1.323855128045654 0.7475420895295524 
0.8475208099126592 0.8544609213642149 0.7557696733341198 
0.7912505583709957 1.6278904479423373 0.7187248218557354 
0.7891858003580132 1.5673897330777555 0.804994723213598 
0.8474055179075162 1.010665651080533 0.7556176698891167 
0.7982065010435978 1.5201288200060394 0.7339801946178574 
0.8015664626693588 1.4938005257564069 0.7352254217020151 
0.821475796941294 1.1728121606244737 0.8302577967616678 
0.814220635760506 1.4644356832271153 0.8244535163707438 
0.7905363638468319 1.5133256515263054 0.805629668394128 
0.7913516430260579 1.131286380093128 0.9059950295163823 
0.8381739455430103 1.4180160220168325 0.747511906794281 
0.7905363638468319 1.6835528880646176 0.7076883368390874 
0.7912505583709957 1.6278904479423373 0.7187248218557354 
0.7911183371581936 1.2102233254274832 0.9059019497409785 
0.7891858003580132 1.5673897330777555 0.804994723213598 
0.7913516430260579 1.005917743228735 0.906087800324722 
0.7982065010435978 1.5201288200060394 0.7339801946178574 
0.7905363638468319 1.5400700433497923 0.8055200903119287 
0.7913516430260579 1.1504870736340995 0.9059484864502785 
0.7891858003580132 1.5400690257886038 0.8073646369188421 
0.8173966559974231 1.0782269094593335 0.8315269381516112 
0.8171633501295587 1.1532132851429897 0.831525052309766 
0.820660517762068 1.5712753474177548 0.7291248942947519 
0.8471722120396519 1.257911108578511 0.7552738418886477 
0.8474823792442782 0.9938708389371682 0.7556484497367649 
0.7891858003580132 1.7140647445146564 0.707168837973096 
0.8363567007479731 1.4937995449290375 0.7468288422345903 
0.820660517762068 1.4145776542048945 0.8297985685722141 
0.814220635760506 1.4644356832271153 0.8244535163707438 
0.8173966559974231 0.8381740206102224 0.831818050308564 
0.8312673822352294 1.468014736479952 0.7481345407850594 
0.790613225183594 1.3634055541443146 0.9055323986982842 
0.7913132123576768 1.0577947242071584 0.9060254406073753 
0.7946105199967567 1.5992751820037958 0.7199657038299322 
0.8212424910734297 1.254914319399162 0.8302065283327295 
0.8474823792442782 0.883729695670081 0.755754274118803 
0.8015664626693588 1.4938005257564069 0.7352254217020151 
0.7913516430260579 1.131286380093128 0.9059950295163823 
0.8197272015299577 1.5170482245296788 0.7315806862826555 
0.817358225329042 0.8669269578418048 0.8318021922458994 
0.7912505583709957 1.6278904479423373 0.7187248218557354 
0.790613225183594 1.3634055541443146 0.9055323986982842 
0.7891858003580132 1.7140647445146564 0.707168837973096 
0.7913132123576768 1.0577947242071584 0.9060254406073753 
0.8363567007479731 1.4937995449290375 0.7468288422345903 
0.814220635760506 1.4644356832271153 0.8244535163707438 
0.7905363638468319 1.6835528880646176 0.7076883368390874 
0.8193099542732495 1.439251453030535 0.8292772232446858 
0.7891858003580132 1.5673897330777555 0.804994723213598 
0.8212699183606814 1.115055318683319 0.8302766527651301 
0.7913516430260579 1.0229169810556253 0.9060413826370914 
0.7905363638468319 1.5400700433497923 0.8055200903119287 
0.8474055179075162 1.010665651080533 0.7556176698891167 
0.7982065010435978 1.5201288200060394 0.7339801946178574 
0.8172813639922799 1.0964793873317253 0.8316320935711577 
0.8473753455725229 0.8987132982789707 0.7557039982114009 
0.7891858003580132 1.5400690257886038 0.8073646369188421 
0.8467055307334332 1.3014490913802055 0.7550835000494641 
0.7946105199967567 1.5992751820037958 0.7199657038299322 
0.7910030451530505 1.3175152492763471 0.905709877725243 
0.8381739455430103 1.3937678240369804 0.7476444225427062 
0.8312673822352294 1.468014736479952 0.7481345407850594 
0.8170480581244156 1.2131024269519333 0.8314775083358426 
0.817358225329042 0.8669269578418048 0.8318021922458994 
0.7910799064898125 1.2733722915970864 0.9058394796552335 
0.7982065010435978 1.5201288200060394 0.7339801946178574 
0.8363567007479731 1.4937995449290375 0.7468288422345903 
0.7891858003580132 1.4111508848631236 0.9049647521261255 
0.8381739455430103 1.3937678240369804 0.7476444225427062 
0.8155711992493245 1.4392523914189432 0.8249670557128316 
0.7913132123576768 1.1700368691407743 0.9059790892429719 
0.7905363638468319 1.5133256515263054 0.805629668394128 
0.7946105199967567 1.5992751820037958 0.7199657038299322 
0.7891858003580132 1.7140647445146564 0.707168837973096 
0.8213303326011578 1.2549135174824633 0.830078233580702 
0.7912505583709957 1.6278904479423373 0.7187248218557354 
0.817358225329042 1.0782269094593335 0.831663795383218 
0.8472490733764139 1.2159890390635388 0.7554275916780212 
0.7891858003580132 1.5673897330777555 0.804994723213598 
0.8475208099126592 1.0627910229362787 0.7556064674198363 
0.7905363638468319 1.5133246552801052 0.8078960011283741 
0.814220635760506 1.4644356832271153 0.8244535163707438 
0.7905363638468319 1.6835528880646176 0.7076883368390874 
0.8193099542732495 1.5712743047010806 0.7315336728304769 
0.7913132123576768 1.0577947242071584 0.9060254406073753 
