0.7917386483772828 1.4180160220168325 0.7315927519707689 
0.7983515379570496 0.8504213283328078 0.9087897219873861 
0.7983323226228591 0.909634614669323 0.908781759798474 
0.8098039832014814 1.3212379950104496 0.7258417145696427 
0.7982170306177161 1.213103199405714 0.8213212572040355 
0.8325273823387419 0.8652369078258207 0.8227441216490754 
0.7983515379570496 1.0602901792430355 0.8229934070036269 
0.8319536441706049 1.2769536424272736 0.7344942005674856 
0.8325273823387419 1.0969347565338687 0.7346408647546963 
0.8380531402522209 1.0586690039826605 0.7301070539436113 
0.839650781227938 1.0067491237026316 0.7307157237176198 
0.7964821372549239 1.1504870736340997 0.9077719588756711 
0.7964821372549239 1.2764183761361545 0.8206322572128061 
0.834523731174019 1.1322256709694802 0.727155487951044 
0.8142096555695398 1.1705232709500886 0.8172179916948764 
0.8319536441706049 1.150964749998028 0.8221935656066571 
0.7964821372549239 1.3937669203184055 0.7350069446498765 
0.7983323226228591 1.133964096487683 0.8229854799497044 
0.7978546611256746 1.3467008587038094 0.7355399639772611 
0.8325081670045514 1.040636738729205 0.8225394773300241 
0.7977777997889126 1.3937678240369804 0.7336922909300625 
0.7982170306177161 0.9565926835041018 0.9086830504990222 
0.8098039600113182 1.1904415001270898 0.8133764326319459 
0.8129443410079223 1.2988829881684523 0.7269851663076472 
0.7983323226228591 1.2367544503636099 0.735792380142036 
0.7983515379570496 0.9727622018406847 0.908525160215826 
0.8325081670045514 0.9254176029253529 0.8227363603751544 
0.7982938919544782 1.0577947242071588 0.9085493143054114 
0.7982938919544782 1.0402068030224996 0.9086483849889881 
0.7983323226228591 0.9250348423883815 0.9086830269216022 
0.8323928749994084 1.112887139806099 0.8223744000362617 
0.7982938919544782 1.3014515974536554 0.7339611541738845 
0.8325273823387419 0.8652369078258207 0.8227441216490754 
0.8325273823387419 1.0969347565338687 0.7346408647546963 
0.7982938919544782 0.9565926835041018 0.9086671068955547 
0.7964821372549239 1.2549135174824633 0.8222439081433842 
0.7982170306177161 1.192772613994342 0.8229379171479762 
0.7983323226228591 1.133964096487683 0.8229854799497044 
0.7983515379570496 0.8648776981897992 0.9086909869098687 
0.7983515379570496 1.0602901792430355 0.8229934070036269 
0.8098039832014814 1.3212379950104496 0.7258417145696427 
0.7983515379570496 0.9727622018406847 0.908525160215826 
0.8325081670045514 0.9254176029253529 0.8227363603751544 
0.8323928749994084 1.2343289371182165 0.7346715922521614 
0.8325081670045514 1.1733012973392323 0.7347171773101971 
0.7977777997889126 1.1312863800931283 0.9082838983270127 
0.8098039600113182 1.1904415001270898 0.8133764326319459 
0.8325081670045514 1.0582321053151371 0.82242089172339 
0.812944317817759 1.1705240139664277 0.8145473901659455 
0.8323928749994084 1.112887139806099 0.8223744000362617 
0.8323928749994084 1.2136091012008563 0.7347337222791535 
0.7983515379570496 0.9727622018406847 0.908525160215826 
0.8325273823387419 0.8799266159588283 0.8226261163208523 
0.7983323226228591 0.909634614669323 0.908781759798474 
0.7982938919544782 1.192773372321605 0.8213527922631619 
0.8098039600113182 1.1904415001270898 0.8133764326319459 
0.7983515379570496 0.8648776981897992 0.9086909869098687 
0.7977777997889126 1.1312863800931283 0.9082838983270127 
0.8325273823387419 1.0969347565338687 0.7346408647546963 
0.8325081670045514 1.0582321053151371 0.82242089172339 
0.8142096555695398 1.1705232709500886 0.8172179916948764 
0.7978546611256746 1.3700011260524656 0.7337234447671033 
0.7983323226228591 1.0402068030224996 0.9085172038880086 
0.7964821372549239 1.2764183761361545 0.8206322572128061 
0.7983323226228591 1.133964096487683 0.8229854799497044 
0.8098039832014814 1.3212379950104496 0.7258417145696427 
0.8325081670045514 1.1733012973392323 0.7347171773101971 
0.7983515379570496 1.0602901792430355 0.8229934070036269 
0.8098039832014814 1.3212379950104496 0.7258417145696427 
0.8306579816366162 1.2988821546736458 0.734013282742005 
0.8325273823387419 0.8799266159588283 0.8226261163208523 
0.7977777997889126 1.254914319399162 0.8211373462856062 
0.7983515379570496 0.8648776981897992 0.9086909869098687 
0.7983515379570496 1.0602901792430355 0.8229934070036269 
0.7983323226228591 1.133964096487683 0.8229854799497044 
0.7982170306177161 1.0938962429705126 0.9084694655599935 
0.7977777997889126 1.1312863800931283 0.9082838983270127 
0.8323928749994084 1.112887139806099 0.8223744000362617 
0.8325273823387419 1.0969347565338687 0.7346408647546963 
0.7983515379570496 0.9727622018406847 0.908525160215826 
0.7983323226228591 0.9250348423883815 0.9086830269216022 
0.8098039600113182 1.1904415001270898 0.8133764326319459 
0.8325081670045514 1.1733012973392323 0.7347171773101971 
0.7982170306177161 1.3238568314499444 0.7339299974417401 
0.8325081670045514 1.040636738729205 0.8225394773300241 
0.7983515379570496 1.0602901792430355 0.8229934070036269 
0.8306579816366162 1.2988821546736458 0.734013282742005 
0.7964821372549239 1.1504870736340997 0.9077719588756711 
0.7983323226228591 0.9250348423883815 0.9086830269216022 
0.7983323226228591 1.0402068030224996 0.9085172038880086 
0.8323928749994084 1.0761335426809913 0.8225501686739058 
0.8323928749994084 1.112887139806099 0.8223744000362617 
0.7977777997889126 1.3700002401900733 0.7355085797968477 
0.7977777997889126 1.254914319399162 0.8211373462856062 
0.8325273823387419 1.0969347565338687 0.7346408647546963 
0.8325273823387419 0.8799266159588283 0.8226261163208523 
0.7983323226228591 1.1150560242091665 0.8230352353578796 
0.8325081670045514 1.1733012973392323 0.7347171773101971 
0.7983515379570496 1.0602901792430355 0.8229934070036269 
0.8325273823387419 0.9896105305226007 0.8224286400985691 
0.7982170306177161 1.0938962429705126 0.9084694655599935 
0.8325081670045514 1.1733012973392323 0.7347171773101971 
0.7982938919544781 1.3238568314499444 0.7339051524435346 
0.8323928749994084 1.112887139806099 0.8223744000362617 
0.7964821372549239 1.1504870736340997 0.9077719588756711 
