0.7891858003580132 1.7140647445146564 0.7078439060850996 
0.8211766099276336 1.0426590996891003 0.8333505163750299 
0.7760924362369506 1.7140659062572587 0.7008172398593187 
0.810199238581732 1.4644356832271153 0.8229037317214201 
0.7860454425515724 1.6835517522970664 0.7090754500004034 
0.7969547592734731 1.5201288200060394 0.7334940223680642 
0.8020990102355725 1.5992751820037958 0.722930650779968 
0.8193099542732495 1.5992741164542097 0.7291953922990884 
0.7898995127708036 1.6537183304335799 0.7105133672380665 
0.7891858003580132 1.5673897330777555 0.8054899448544166 
0.8003147208992342 1.4938005257564069 0.7347402478359271 
0.8200236666860398 1.5170482245296788 0.7322320279796636 
0.8453549672446146 1.3238542763444452 0.7550171926523144 
0.8472216228989988 1.1366478298275082 0.7560758731080671 
0.7860454425515724 1.4111508848631236 0.903843621061255 
0.8468537865016377 0.977354272135745 0.7590105442014365 
0.8211766099276336 0.896592568094494 0.8338590438488755 
0.8472216228989988 0.8260867165999328 0.7594445399459012 
0.7898995127708036 1.3870394940184756 0.905310512348987 
0.7898995127708036 1.4871375994209117 0.8081538651253116 
0.7910524560123975 1.1504870736340997 0.9061204530519326 
0.8369606112511033 1.468015697129513 0.7471502744336692 
0.8193099542732495 1.2983356969638349 0.8322020580277345 
0.8020990102355725 1.5992751820037958 0.722930650779968 
0.7898995127708036 1.6835528880646176 0.7081920868008394 
0.7898995127708036 1.6537183304335799 0.7105133672380665 
0.8193099542732495 1.5992741164542097 0.7291953922990884 
0.7891858003580132 1.5673897330777555 0.8054899448544166 
0.8200236666860398 1.4145776542048945 0.8296254044837263 
0.8211766099276336 0.896592568094494 0.8338590438488755 
0.8211766099276336 0.9915329698847031 0.8335930340134563 
0.7969547592734731 1.5201288200060394 0.7334940223680642 
0.7760924362369506 1.7140659062572587 0.7008172398593187 
0.8200236666860398 1.2764175588515236 0.8325492048754397 
0.8472216228989988 0.8260867165999328 0.7594445399459012 
0.8468537865016377 0.9611090928073301 0.7591204704005106 
0.8468537865016377 1.2367536613113108 0.755805499324864 
0.8357637704358087 1.4180141777772652 0.7495711060783602 
0.7906846196150363 1.3402358863831556 0.9056398126226456 
0.7910524560123975 1.1504870736340997 0.9061204530519326 
0.846068679657405 1.1755945599191535 0.7580771641634259 
0.8003147208992342 1.4938005257564069 0.7347402478359271 
0.8229388610071877 1.4937995449290375 0.7437067494136749 
0.7906846196150363 1.4871395506096696 0.8061631884498341 
0.8133395963881729 1.4392523914189432 0.8240575920674281 
0.7969547592734731 1.5201288200060394 0.7334940223680642 
0.7891858003580132 1.5400690257886038 0.8075053522296357 
0.8193099542732495 1.5992741164542097 0.7291953922990884 
0.8200236666860398 1.2764175588515236 0.8325492048754397 
0.7760924362369506 1.7140659062572587 0.7008172398593187 
0.7898995127708036 1.6537183304335799 0.7105133672380665 
0.8208087735302725 1.517050222931127 0.7298595629385117 
0.8003147208992342 1.4938005257564069 0.7347402478359271 
0.8468537865016377 1.257911108578511 0.7556843292423013 
0.7898995127708036 1.6835528880646176 0.7081920868008394 
0.8468537865016377 0.977354272135745 0.7590105442014365 
0.8363567007479731 1.468014736479952 0.7494280892854952 
0.8020990102355725 1.5992751820037958 0.722930650779968 
0.7906846196150363 1.3402358863831556 0.9056398126226456 
0.8468537865016377 1.099070302782389 0.7586246341271522 
0.8211766099276336 0.9272173501641305 0.8338380994614377 
0.8208087735302725 1.1532132851429897 0.8331864883978128 
0.7906846196150363 1.4871395506096696 0.8061631884498341 
0.7910524560123975 1.2519246747983932 0.9057901013571528 
0.7898995127708036 1.5400700433497923 0.8058376560105408 
0.8468537865016377 1.2159898135337006 0.75592997119784 
0.8208087735302725 1.2131024269519333 0.8329804746010016 
0.7910524560123975 1.230878746063129 0.9058876449261417 
0.8180362521211928 1.439251453030535 0.8288442707728398 
0.8208087735302725 1.517050222931127 0.7298595629385117 
0.8211766099276336 0.896592568094494 0.8338590438488755 
0.8003147208992342 1.4938005257564069 0.7347402478359271 
0.8357637704358087 1.4180141777772652 0.7495711060783602 
0.7898995127708036 1.4871375994209117 0.8081538651253116 
0.7760924362369506 1.7140659062572587 0.7008172398593187 
0.8211766099276336 0.9588473771086643 0.833684073302594 
0.8468537865016377 1.2367536613113108 0.755805499324864 
0.7891858003580132 1.7140647445146564 0.7078439060850996 
0.7969547592734731 1.5201288200060394 0.7334940223680642 
0.8468537865016377 0.977354272135745 0.7590105442014365 
0.8200236666860398 1.5712753474177548 0.7295434438082836 
0.7906846196150363 1.3402358863831556 0.9056398126226456 
0.7987390486098114 1.6278904479423373 0.721695541803715 
0.7898995127708036 1.6537183304335799 0.7105133672380665 
0.7898995127708036 1.5400700433497923 0.8058376560105408 
0.8003147208992342 1.4938005257564069 0.7347402478359271 
0.7987390486098114 1.6278904479423373 0.721695541803715 
0.7760924362369506 1.7140659062572587 0.7008172398593187 
0.8200236666860398 1.5712753474177548 0.7295434438082836 
0.7906846196150363 1.3175152492763471 0.9057373219078194 
0.7910524560123975 1.230878746063129 0.9058876449261417 
0.7898995127708036 1.6537183304335799 0.7105133672380665 
0.8208087735302725 1.2338127344336556 0.8328762906263164 
0.8211766099276336 1.1532125539310463 0.8330256325987976 
0.8200236666860398 1.5170482245296788 0.7322320279796636 
0.8369606112511033 1.4427605021112573 0.7472211881190767 
0.7891858003580132 1.7140647445146564 0.7078439060850996 
0.8468537865016377 0.977354272135745 0.7590105442014365 
0.7969547592734731 1.5201288200060394 0.7334940223680642 
0.7906846196150363 1.4871395506096696 0.8061631884498341 
0.8472216228989988 1.1366478298275082 0.7560758731080671 
0.7906846196150363 1.3175152492763471 0.9057373219078194 
0.8003147208992342 1.4938005257564069 0.7347402478359271 
0.846068679657405 1.1755945599191535 0.7580771641634259 
0.8211766099276336 0.9588473771086643 0.833684073302594 
