0.7672725580446187 0.9451292633268285 0.7257719774774252 
0.8541363749696775 0.898712729703687 0.7617232638986398 
0.8700082410110386 0.8106307636410512 0.757822153433294 
0.870194927447624 0.7318141148165785 0.7581278360724153 
0.870194927447624 0.7703458817473224 0.7559258462499631 
0.8204849324691377 0.8524383813781825 0.8315844070641114 
0.7706325196703797 0.9294071608165438 0.7270628963170974 
0.8677792622449394 0.8672858576188093 0.7549730229443664 
0.870194927447624 0.7070447737736593 0.7581802951194219 
0.8700082410110386 0.7835731748352963 0.7580403570062224 
0.8529203188201924 0.7966667124038609 0.8467843831344287 
0.7706325196703797 0.9294071608165438 0.7270628963170974 
0.7672725580446187 0.9451292633268285 0.7257719774774252 
0.870194927447624 0.7444703089260972 0.7580226155457179 
0.8541363749696775 0.898712729703687 0.7617232638986398 
0.870194927447624 0.7070447737736593 0.7581802951194219 
0.8637138465397759 0.8544598366022824 0.7671833453013582 
0.8204849324691377 0.8524383813781825 0.8315844070641114 
0.8541363749696775 0.9139366001526177 0.7597545528250025 
0.7706325196703797 0.9294071608165438 0.7270628963170974 
0.8531070052567779 0.7067439051525488 0.848841561055884 
0.7672725580446187 0.9451292633268285 0.7257719774774252 
0.8204849324691377 0.8524383813781825 0.8315844070641114 
0.870194927447624 0.7835736765436224 0.7558045437578398 
0.870194927447624 0.7444703089260972 0.7580226155457179 
0.8677792622449394 0.8527922730543792 0.7569425427855514 
0.8694043305079082 0.8244697676861589 0.7576891795010048 
0.7672725580446187 0.9451292633268285 0.7257719774774252 
0.7706325196703797 0.9294071608165438 0.7270628963170974 
0.8700082410110386 0.8106307636410512 0.757822153433294 
0.8677792622449394 0.8820079839265822 0.7548526361819278 
0.8541363749696775 0.9139366001526177 0.7597545528250025 
0.870194927447624 0.7573128492082489 0.7579095904123999 
0.8531070052567779 0.7067439051525488 0.848841561055884 
0.8204849324691377 0.8524383813781825 0.8315844070641114 
0.870194927447624 0.7444703089260972 0.7580226155457179 
0.8204849324691377 0.8524383813781825 0.8315844070641114 
0.8529203188201924 0.7569935148639617 0.8487537556054694 
0.7672725580446187 0.9451292633268285 0.7257719774774252 
0.870194927447624 0.7070447737736593 0.7581802951194219 
0.7706325196703797 0.9294071608165438 0.7270628963170974 
0.8238448940948987 0.8381734877142422 0.8328528772875421 
0.8677792622449394 0.8385219495043034 0.7570548034160496 
0.8529203188201924 0.7441556245353882 0.8488472012017931 
0.8700082410110386 0.8106307636410512 0.757822153433294 
0.8204849324691377 0.8524383813781825 0.8315844070641114 
0.7706325196703797 0.9294071608165438 0.7270628963170974 
0.8700082410110386 0.8106307636410512 0.757822153433294 
0.870194927447624 0.7573128492082489 0.7579095904123999 
0.870194927447624 0.7318141148165785 0.7581278360724153 
0.7672725580446187 0.9451292633268285 0.7257719774774252 
0.8677792622449394 0.8820079839265822 0.7548526361819278 
0.8661295117424603 0.7084602025124465 0.7684184675296939 
0.8541363749696775 0.9139366001526177 0.7597545528250025 
0.8661295117424603 0.7459485090825707 0.7682653931411678 
0.8694043305079082 0.8527922730543792 0.7555963282732171 
0.8700082410110386 0.797000122887144 0.7579351565023319 
0.7706325196703797 0.9294071608165438 0.7270628963170974 
0.8661295117424603 0.7084602025124465 0.7684184675296939 
0.870194927447624 0.7573128492082489 0.7579095904123999 
0.8204849324691377 0.8524383813781825 0.8315844070641114 
0.8541363749696775 0.898712729703687 0.7617232638986398 
0.7672725580446187 0.9451292633268285 0.7257719774774252 
0.8506913400540933 0.810292276467637 0.8477562447195608 
0.870194927447624 0.7070447737736593 0.7581802951194219 
0.7706325196703797 0.9294071608165438 0.7270628963170974 
0.870194927447624 0.7444703089260972 0.7580226155457179 
0.8677792622449394 0.8820079839265822 0.7548526361819278 
0.8541363749696775 0.898712729703687 0.7617232638986398 
0.7672725580446187 0.9451292633268285 0.7257719774774252 
0.870194927447624 0.7573128492082489 0.7579095904123999 
0.8204849324691377 0.8524383813781825 0.8315844070641114 
0.8238448940948987 0.8381734877142422 0.8328528772875421 
0.870194927447624 0.7573128492082489 0.7579095904123999 
0.870194927447624 0.7070447737736593 0.7581802951194219 
0.7706325196703797 0.9294071608165438 0.7270628963170974 
0.8677792622449394 0.8527922730543792 0.7569425427855514 
0.8204849324691377 0.8524383813781825 0.8315844070641114 
0.8700082410110386 0.8106307636410512 0.757822153433294 
0.870194927447624 0.7444703089260972 0.7580226155457179 
0.7672725580446187 0.9451292633268285 0.7257719774774252 
0.7706325196703797 0.9294071608165438 0.7270628963170974 
0.8531070052567779 0.7067439051525488 0.848841561055884 
0.8529203188201924 0.7700217936172966 0.8486533812692268 
0.8238448940948987 0.8381734877142422 0.8328528772875421 
0.7672725580446187 0.9451292633268285 0.7257719774774252 
0.8529203188201924 0.7832447276811388 0.8468920626480527 
0.870194927447624 0.7318141148165785 0.7581278360724153 
0.8677792622449394 0.8820079839265822 0.7548526361819278 
0.8677792622449394 0.8820079839265822 0.7548526361819278 
0.7706325196703797 0.9294071608165438 0.7270628963170974 
0.8590582455701895 0.8837291360331557 0.7633972861177619 
0.870194927447624 0.7070447737736593 0.7581802951194219 
0.870194927447624 0.7573128492082489 0.7579095904123999 
0.8700082410110386 0.8244697676861589 0.7558388834848294 
0.870194927447624 0.7444703089260972 0.7580226155457179 
0.7672725580446187 0.9451292633268285 0.7257719774774252 
0.870194927447624 0.7070447737736593 0.7581802951194219 
0.7706325196703797 0.9294071608165438 0.7270628963170974 
0.870194927447624 0.7318141148165785 0.7581278360724153 
0.8677792622449394 0.8820079839265822 0.7548526361819278 
0.870194927447624 0.7573128492082489 0.7579095904123999 
0.8541363749696775 0.929406573709944 0.7596345938558283 
0.8700082410110386 0.8385219495043034 0.7557176149444369 
0.7672725580446187 0.9451292633268285 0.7257719774774252 
